11.084637641907 8.429492950439 42.316997528076 156 156 156
11.131206512451 8.434845924377 42.286998748779 153 153 153
11.131206512451 8.434845924377 42.252002716064 168 168 168
11.131206512451 8.434845924377 42.215999603271 152 152 152
11.068222999573 8.435469627380 42.168003082275 142 142 142
12.110925674438 8.531743049622 42.331996917725 168 168 168
12.111817359924 8.523982048035 42.299999237061 170 170 170
12.111817359924 8.523982048035 42.270000457764 172 172 172
12.111817359924 8.523982048035 42.239002227783 169 169 169
12.111817359924 8.523982048035 42.208003997803 169 169 169
12.110925674438 8.531743049622 42.180004119873 166 166 166
12.111817359924 8.523982048035 42.145999908447 167 167 167
12.111817359924 8.523982048035 42.115001678467 154 154 154
11.123886108398 8.772153854370 42.307003021240 107 107 107
11.123886108398 8.772153854370 42.271999359131 173 173 173
11.123886108398 8.772153854370 42.238002777100 168 168 168
11.123886108398 8.772153854370 42.199001312256 169 169 169
11.077318191528 8.766800880432 42.158000946045 151 151 151
12.012252807617 8.842823028564 42.298000335693 180 180 180
12.012252807617 8.842823028564 42.268001556396 181 181 181
12.012252807617 8.842823028564 42.237003326416 181 181 181
12.012252807617 8.842823028564 42.206996917725 181 181 181
12.012252807617 8.842823028564 42.175998687744 177 177 177
12.012252807617 8.842823028564 42.144001007080 151 151 151
11.521943092346 9.140336036682 42.361003875732 105 105 105
11.724630355835 9.155772209167 42.362003326416 133 133 133
11.757461547852 9.143818855286 42.337001800537 173 173 173
11.849705696106 9.162286758423 42.323001861572 181 181 181
11.881643295288 9.158094406128 42.298000335693 174 174 174
11.912689208984 9.161663055420 42.268001556396 184 184 184
11.912689208984 9.161663055420 42.237003326416 182 182 182
11.912689208984 9.161663055420 42.206996917725 182 182 182
11.912689208984 9.161663055420 42.174999237061 176 176 176
11.849705696106 9.162286758423 42.131000518799 173 173 173
11.772091865540 9.153364181519 42.079998016357 175 175 175
11.772091865540 9.153364181519 42.048000335693 179 179 179
11.772091865540 9.153364181519 42.015003204346 179 179 179
11.772091865540 9.153364181519 41.981998443604 178 178 178
11.772091865540 9.153364181519 41.949001312256 178 178 178
11.757461547852 9.143818855286 41.914997100830 193 193 193
11.757461547852 9.143818855286 41.881999969482 184 184 184
11.772091865540 9.153364181519 41.850002288818 182 182 182
11.772091865540 9.153364181519 41.817996978760 177 177 177
11.772091865540 9.153364181519 41.782001495361 176 176 176
11.772091865540 9.153364181519 41.749004364014 159 159 159
11.786721229553 9.162909507751 41.721004486084 156 156 156
11.772091865540 9.153364181519 41.680999755859 162 162 162
11.662539482117 9.148633956909 41.576999664307 161 161 161
11.647016525269 9.146849632263 41.538002014160 149 149 149
11.647016525269 9.146849632263 41.506000518799 147 147 147
11.647016525269 9.146849632263 41.470001220703 147 147 147
11.631493568420 9.145065307617 41.427001953125 141 141 141
11.693585395813 9.152203559875 41.624000549316 144 144 144
11.647016525269 9.146849632263 41.395999908447 147 147 147
11.251627922058 9.439547538757 42.302997589111 166 166 166
11.268042564392 9.433569908142 42.271999359131 160 160 160
11.252520561218 9.431785583496 42.235004425049 170 170 170
11.875215530396 9.487640380859 42.316997528076 174 174 174
11.890738487244 9.489424705505 42.287998199463 179 179 179
11.890738487244 9.489424705505 42.256999969482 181 181 181
11.890738487244 9.489424705505 42.226001739502 181 181 181
11.890738487244 9.489424705505 42.194004058838 183 183 183
11.890738487244 9.489424705505 42.162998199463 174 174 174
11.874322891235 9.495402336121 41.773998260498 14 14 14
11.262506484985 9.755356788635 42.294002532959 205 205 205
11.262506484985 9.755356788635 42.259998321533 208 208 208
11.246091842651 9.761332511902 42.224002838135 208 208 208
11.837741851807 9.813618659973 42.299999237061 232 232 232
11.853264808655 9.815403938293 42.270999908447 234 234 234
11.868786811829 9.817188262939 42.242000579834 228 228 228
11.869679450989 9.809427261353 42.210002899170 227 227 227
11.868786811829 9.817188262939 42.180004119873 223 223 223
11.868786811829 9.817188262939 42.147998809814 133 133 133
11.270709037781 10.094449043274 42.316997528076 137 137 137
11.286231994629 10.096233367920 42.284000396729 215 215 215
11.286231994629 10.096233367920 42.250003814697 216 216 216
11.722654342651 10.130675315857 42.299999237061 14 14 14
11.815791130066 10.141381263733 42.286998748779 235 235 235
11.832205772400 10.135405540466 42.257999420166 227 227 227
11.832205772400 10.135405540466 42.226001739502 229 229 229
11.846836090088 10.144950866699 42.197002410889 223 223 223
11.846836090088 10.144950866699 42.166004180908 185 185 185
11.296219825745 10.419802665710 42.308002471924 186 186 186
11.279804229736 10.425780296326 42.271999359131 225 225 225
11.327264785767 10.423372268677 42.243999481201 233 233 233
11.809362411499 10.470929145813 42.303997039795 231 231 231
11.809362411499 10.470929145813 42.274997711182 228 228 228
11.809362411499 10.470929145813 42.244998931885 225 225 225
11.809362411499 10.470929145813 42.211002349854 230 230 230
11.809362411499 10.470929145813 42.181003570557 216 216 216
11.259638786316 10.738019943237 42.324001312256 20 20 20
11.319945335388 10.760681152344 42.300998687744 193 193 193
11.319945335388 10.760681152344 42.267002105713 211 211 211
11.725321769714 10.791553497314 42.312000274658 225 225 225
11.788304328918 10.790930747986 42.288997650146 229 229 229
11.788304328918 10.790930747986 42.258998870850 229 229 229
11.802935600281 10.800476074219 42.229000091553 224 224 224
11.802935600281 10.800476074219 42.198001861572 221 221 221
11.803827285767 10.792715072632 42.168003082275 169 169 169
11.330823898315 11.076489448547 42.324001312256 109 109 109
11.330823898315 11.076489448547 42.294002532959 196 196 196
11.346346855164 11.078274726868 42.261997222900 229 229 229
11.734416007996 11.122885704041 42.305004119873 234 234 234
11.734416007996 11.122885704041 42.273998260498 230 230 230
11.749938964844 11.124670028687 42.244998931885 229 229 229
11.750831604004 11.116908073425 42.215999603271 223 223 223
11.734416007996 11.122885704041 42.181003570557 225 225 225
11.355442047119 11.409605979919 42.321002960205 162 162 162
11.370964050293 11.411390304565 42.288997650146 206 206 206
11.605589866638 11.422634124756 42.303997039795 230 230 230
11.729772567749 11.436909675598 42.295001983643 226 226 226
11.729772567749 11.436909675598 42.263004302979 227 227 227
11.729772567749 11.436909675598 42.231998443604 223 223 223
11.729772567749 11.436909675598 42.201999664307 220 220 220
11.745295524597 11.438694000244 42.173000335693 171 171 171
11.396474838257 11.736744880676 42.320003509521 187 187 187
11.426628112793 11.748075485229 42.287998199463 213 213 213
11.676776885986 11.761103630066 42.308002471924 228 228 228
11.691407203674 11.770648956299 42.280002593994 221 221 221
11.691407203674 11.770648956299 42.250003814697 217 217 217
11.691407203674 11.770648956299 42.218997955322 212 212 212
11.691407203674 11.770648956299 42.186000823975 219 219 219
11.435723304749 12.079405784607 42.314998626709 190 190 190
11.591842651367 12.089489936829 42.312000274658 215 215 215
11.669456481934 12.098411560059 42.295001983643 224 224 224
11.669456481934 12.098411560059 42.265003204346 227 227 227
11.669456481934 12.098411560059 42.232997894287 222 222 222
11.669456481934 12.098411560059 42.201999664307 223 223 223
11.685871124268 12.092434883118 42.173999786377 137 137 137
11.415555953979 12.391646385193 42.329998016357 22 22 22
11.462124824524 12.397000312805 42.308002471924 203 203 203
11.632875442505 12.416628837585 42.309001922607 229 229 229
11.632875442505 12.416628837585 42.278003692627 230 230 230
11.632875442505 12.416628837585 42.247997283936 225 225 225
11.617352485657 12.414844512939 42.214000701904 231 231 231
11.632875442505 12.416628837585 42.186000823975 201 201 201
11.485850334167 12.737876892090 42.330997467041 115 115 115
11.579878807068 12.740821838379 42.321002960205 211 211 211
11.610032081604 12.752152442932 42.295001983643 230 230 230
11.610923767090 12.744390487671 42.266002655029 229 229 229
11.595401763916 12.742606163025 42.232997894287 228 228 228
11.610923767090 12.744390487671 42.203998565674 222 222 222
11.610923767090 12.744390487671 42.173000335693 60 60 60
11.526883125305 13.065015792847 42.334003448486 115 115 115
11.604496955872 13.073937416077 42.315998077393 219 219 219
11.605388641357 13.066176414490 42.285999298096 213 213 213
11.588973999023 13.072153091431 42.253002166748 228 228 228
11.604496955872 13.073937416077 42.224002838135 213 213 213
11.605388641357 13.066176414490 42.194004058838 203 203 203
11.072856903076 8.805607795715 42.308002471924 21 21 21
11.121209144592 8.795437812805 42.274997711182 147 147 147
11.122101783752 8.787676811218 42.235004425049 135 135 135
11.122101783752 8.787676811218 42.194004058838 127 127 127
11.106578826904 8.785892486572 42.148998260498 121 121 121
12.084878921509 8.347878456116 42.327999114990 142 142 142
12.084878921509 8.347878456116 42.293003082275 141 141 141
12.084878921509 8.347878456116 42.256999969482 140 140 140
12.084878921509 8.347878456116 42.219997406006 140 140 140
12.100400924683 8.349662780762 42.187000274658 140 140 140
12.084878921509 8.347878456116 42.149997711182 138 138 138
11.949989318848 8.426739692688 42.073001861572 21 21 21
11.432911872864 8.957094192505 42.360004425049 86 86 86
11.498572349548 8.933186531067 42.335002899170 134 134 134
11.514986991882 8.927209854126 42.298999786377 129 129 129
11.514986991882 8.927209854126 42.260997772217 127 127 127
12.012790679932 8.701333045959 42.334003448486 155 155 155
12.096649169922 8.655925750732 42.316997528076 150 150 150
12.113064765930 8.649949073792 42.283000946045 154 154 154
12.096649169922 8.655925750732 42.246997833252 146 146 146
12.145895004272 8.637994766235 42.219997406006 147 147 147
12.097541809082 8.648163795471 42.175998687744 148 148 148
12.096649169922 8.655925750732 42.140003204346 145 145 145
12.063819885254 8.667879104614 42.094997406006 154 154 154
11.516771316528 8.911686897278 41.906002044678 130 130 130
11.516771316528 8.911686897278 41.867000579834 133 133 133
11.516771316528 8.911686897278 41.828998565674 132 132 132
11.518555641174 8.896163940430 41.791004180908 131 131 131
11.518555641174 8.896163940430 41.750003814697 127 127 127
11.518555641174 8.896163940430 41.709999084473 129 129 129
11.533186912537 8.905710220337 41.671001434326 133 133 133
11.494821548462 9.239449501038 42.356998443604 113 113 113
11.725522994995 9.148011207581 42.362003326416 120 120 120
11.761030197144 9.112772941589 42.336002349854 165 165 165
11.761030197144 9.112772941589 42.301998138428 161 161 161
11.891457557678 9.072718620300 42.289997100830 130 130 130
11.875041961670 9.078696250916 42.251003265381 127 127 127
11.891457557678 9.072718620300 42.216999053955 124 124 124
11.876826286316 9.063173294067 42.178997039795 123 123 123
11.892349243164 9.064957618713 42.145000457764 118 118 118
11.761030197144 9.112772941589 42.074001312256 166 166 166
11.761030197144 9.112772941589 42.036998748779 164 164 164
11.761030197144 9.112772941589 41.999004364014 165 165 165
11.761030197144 9.112772941589 41.963001251221 164 164 164
11.761030197144 9.112772941589 41.923999786377 166 166 166
11.778337478638 9.099034309387 41.888004302979 168 168 168
11.761030197144 9.112772941589 41.848003387451 168 168 168
11.761921882629 9.105011940002 41.809001922607 169 169 169
11.761921882629 9.105011940002 41.770000457764 167 167 167
11.778337478638 9.099034309387 41.733997344971 159 159 159
11.778337478638 9.099034309387 41.694999694824 162 162 162
11.778337478638 9.099034309387 41.657001495361 161 161 161
11.827582359314 9.081103324890 41.636001586914 166 166 166
11.660755157471 9.164156913757 41.534000396729 148 148 148
11.660755157471 9.164156913757 41.415000915527 136 136 136
11.257690429688 9.660434722900 42.293003082275 150 150 150
11.256798744202 9.668195724487 42.250003814697 151 151 151
11.274106025696 9.654458045959 42.214000701904 165 165 165
11.886814117432 9.386742591858 42.311000823975 148 148 148
11.887706756592 9.378981590271 42.275997161865 150 150 150
11.887706756592 9.378981590271 42.240001678467 152 152 152
11.887706756592 9.378981590271 42.202999114990 151 151 151
11.887706756592 9.378981590271 42.164997100830 156 156 156
11.236632347107 9.980435371399 42.314998626709 62 62 62
11.269462585449 9.968482971191 42.282001495361 212 212 212
11.269462585449 9.968482971191 42.241001129150 219 219 219
11.253047943115 9.974459648132 42.196002960205 206 206 206
11.865756034851 9.706744194031 42.296001434326 147 147 147
11.865756034851 9.706744194031 42.260997772217 145 145 145
11.865756034851 9.706744194031 42.225002288818 150 150 150
11.882169723511 9.700767517090 42.189998626709 144 144 144
11.850233078003 9.704959869385 42.148998260498 182 182 182
11.265710830688 10.274744987488 42.308002471924 174 174 174
11.282126426697 10.268768310547 42.272998809814 205 205 205
11.282126426697 10.268768310547 42.232997894287 225 225 225
11.762621879578 10.056630134583 42.299999237061 5 5 5
11.846481323242 10.011222839355 42.284000396729 224 224 224
11.846481323242 10.011222839355 42.247997283936 224 224 224
11.846481323242 10.011222839355 42.212001800537 224 224 224
11.846481323242 10.011222839355 42.175998687744 221 221 221
11.295681953430 10.561293601990 42.300998687744 184 184 184
11.296573638916 10.553530693054 42.263004302979 226 226 226
11.327619552612 10.557100296021 42.227001190186 223 223 223
11.824530601501 10.338985443115 42.300998687744 224 224 224
11.825423240662 10.331224441528 42.266002655029 223 223 223
11.840946197510 10.333008766174 42.231998443604 223 223 223
11.840946197510 10.333008766174 42.197002410889 224 224 224
11.825423240662 10.331224441528 42.158000946045 148 148 148
11.291038513184 10.875317573547 42.322002410889 87 87 87
11.323868751526 10.863363265991 42.288997650146 191 191 191
11.340283393860 10.857386589050 42.252002716064 157 157 157
11.787949562073 10.657202720642 42.315998077393 192 192 192
11.804365158081 10.651225090027 42.283000946045 225 225 225
11.804365158081 10.651225090027 42.246997833252 224 224 224
11.805256843567 10.643464088440 42.212001800537 221 221 221
11.805256843567 10.643464088440 42.176998138428 206 206 206
11.335639953613 11.171410560608 42.315998077393 166 166 166
11.352055549622 11.165433883667 42.279003143311 217 217 217
11.385778427124 11.145718574524 42.250003814697 227 227 227
11.783306121826 10.971226692200 42.300998687744 223 223 223
11.783306121826 10.971226692200 42.264003753662 222 222 222
11.783306121826 10.971226692200 42.228000640869 220 220 220
11.783306121826 10.971226692200 42.190998077393 224 224 224
11.766891479492 10.977203369141 42.150997161865 91 91 91
11.365611076355 11.457958221436 42.308002471924 182 182 182
11.381134033203 11.459742546082 42.270999908447 225 225 225
11.713003158569 11.309158325195 42.310001373291 225 225 225
11.745833396912 11.297204971313 42.282001495361 222 222 222
11.745833396912 11.297204971313 42.246997833252 214 214 214
11.745833396912 11.297204971313 42.210002899170 220 220 220
11.745833396912 11.297204971313 42.174999237061 193 193 193
11.409319877625 11.761813163757 42.302997589111 195 195 195
11.476765632629 11.722382545471 42.282001495361 226 226 226
11.725666999817 11.609444618225 42.299999237061 217 217 217
11.725666999817 11.609444618225 42.265003204346 218 218 218
11.725666999817 11.609444618225 42.228000640869 216 216 216
11.725666999817 11.609444618225 42.191997528076 216 216 216
11.405569076538 12.068076133728 42.329998016357 91 91 91
11.421984672546 12.062099456787 42.297000885010 194 194 194
11.669101715088 11.964683532715 42.310001373291 222 222 222
11.688193321228 11.935422897339 42.281002044678 218 218 218
11.688193321228 11.935422897339 42.244998931885 210 210 210
11.688193321228 11.935422897339 42.209003448486 215 215 215
11.687301635742 11.943183898926 42.172000885010 160 160 160
11.451063156128 12.356408119202 42.322002410889 146 146 146
11.533138275146 12.326523780823 42.303997039795 208 208 208
11.666242599487 12.263185501099 42.298000335693 223 223 223
11.666242599487 12.263185501099 42.263004302979 223 223 223
11.668026924133 12.247662544250 42.227001190186 223 223 223
11.668026924133 12.247662544250 42.190998077393 212 212 212
11.480141639709 12.650716781616 42.319004058838 176 176 176
11.613246917725 12.587378501892 42.315998077393 212 212 212
11.630553245544 12.573640823364 42.283000946045 223 223 223
11.613246917725 12.587378501892 42.243999481201 223 223 223
11.614138603210 12.579617500305 42.209003448486 222 222 222
11.614138603210 12.579617500305 42.173999786377 115 115 115
11.558465957642 12.927095413208 42.326000213623 162 162 162
11.608602523804 12.901402473450 42.301998138428 220 220 220
11.608602523804 12.901402473450 42.265003204346 220 220 220
11.610386848450 12.885880470276 42.230998992920 220 220 220
11.608602523804 12.901402473450 42.194004058838 208 208 208
11.503684997559 13.266812324524 42.338001251221 89 89 89
11.588436126709 13.213643074036 42.322002410889 203 203 203
11.588436126709 13.213643074036 42.286998748779 210 210 210
11.588436126709 13.213643074036 42.251003265381 221 221 221
11.588436126709 13.213643074036 42.215000152588 204 204 204
11.588436126709 13.213643074036 42.177997589111 103 103 103
12.131446838379 8.353231430054 42.136997222900 89 89 89
12.116815567017 8.343686103821 42.171001434326 85 85 85
12.116815567017 8.343686103821 42.203998565674 87 87 87
12.116815567017 8.343686103821 42.239002227783 90 90 90
12.116815567017 8.343686103821 42.274997711182 96 96 96
12.116815567017 8.343686103821 42.311000823975 85 85 85
12.109496116638 8.680994987488 42.120998382568 133 133 133
12.109496116638 8.680994987488 42.157001495361 143 143 143
12.109496116638 8.680994987488 42.192996978760 146 146 146
12.093973159790 8.679209709167 42.225002288818 144 144 144
12.093973159790 8.679209709167 42.259998321533 151 151 151
12.093973159790 8.679209709167 42.294002532959 147 147 147
12.093973159790 8.679209709167 42.329998016357 143 143 143
11.970500946045 8.932391166687 42.143001556396 150 150 150
11.970500946045 8.932391166687 42.177997589111 166 166 166
11.955870628357 8.922844886780 42.213001251221 170 170 170
11.970500946045 8.932391166687 42.250003814697 169 169 169
11.970500946045 8.932391166687 42.285999298096 163 163 163
11.985131263733 8.941936492920 42.325000762939 35 35 35
11.642200469971 9.051929473877 41.573001861572 213 213 213
11.772091865540 9.153364181519 41.659000396729 141 141 141
11.772091865540 9.153364181519 41.698001861572 147 147 147
11.772091865540 9.153364181519 41.737003326416 136 136 136
11.757461547852 9.143818855286 41.771999359131 158 158 158
11.757461547852 9.143818855286 41.811000823975 159 159 159
11.757461547852 9.143818855286 41.849002838135 158 158 158
11.772091865540 9.153364181519 41.889003753662 164 164 164
11.772091865540 9.153364181519 41.925998687744 168 168 168
11.757461547852 9.143818855286 41.961002349854 152 152 152
11.742830276489 9.134272575378 41.996997833252 154 154 154
11.772091865540 9.153364181519 42.041004180908 152 152 152
11.772091865540 9.153364181519 42.077999114990 145 145 145
11.888243675232 9.237492561340 42.148998260498 145 145 145
11.888243675232 9.237492561340 42.186000823975 156 156 156
11.888243675232 9.237492561340 42.221004486084 159 159 159
11.888243675232 9.237492561340 42.256999969482 155 155 155
11.888243675232 9.237492561340 42.293003082275 148 148 148
11.814198493958 9.197524070740 42.313999176025 149 149 149
11.757461547852 9.143818855286 42.333003997803 162 162 162
11.714461326599 9.107419967651 42.358997344971 113 113 113
11.452004432678 8.927832603455 42.340999603271 132 132 132
11.074286460876 8.656357765198 42.298000335693 125 125 125
11.074286460876 8.656357765198 42.338001251221 15 15 15
11.575467109680 9.358816146851 41.619998931885 225 225 225
11.618465423584 9.395214080811 41.679000854492 153 153 153
11.618465423584 9.395214080811 41.757999420166 154 154 154
11.619358062744 9.387453079224 41.791004180908 153 153 153
11.619358062744 9.387453079224 41.830997467041 150 150 150
11.604726791382 9.377906799316 41.867000579834 156 156 156
11.604726791382 9.377906799316 41.906002044678 150 150 150
11.604726791382 9.377906799316 41.944004058838 153 153 153
11.604726791382 9.377906799316 41.982997894287 152 152 152
11.604726791382 9.377906799316 42.018001556396 153 153 153
11.807770729065 9.527071952820 42.116001129150 148 148 148
11.881815910339 9.567038536072 42.173000335693 148 148 148
11.881815910339 9.567038536072 42.210002899170 144 144 144
11.881815910339 9.567038536072 42.243999481201 152 152 152
11.896446228027 9.576585769653 42.283000946045 151 151 151
11.852554321289 9.547947883606 42.311000823975 143 143 143
11.590097427368 9.368361473083 42.283000946045 151 151 151
11.575467109680 9.358816146851 42.319004058838 153 153 153
11.546205520630 9.339724540710 42.349002838135 134 134 134
11.415422439575 9.246049880981 42.360004425049 71 71 71
11.858079910278 9.910325050354 42.161998748779 198 198 198
11.842557907104 9.908539772034 42.196002960205 226 226 226
11.842557907104 9.908539772034 42.231998443604 226 226 226
11.843450546265 9.900778770447 42.267002105713 227 227 227
11.843450546265 9.900778770447 42.302997589111 220 220 220
11.262688636780 9.480138778687 42.194004058838 161 161 161
11.247166633606 9.478354454041 42.230998992920 139 139 139
11.233428001404 9.461047172546 42.269001007080 134 134 134
11.233428001404 9.461047172546 42.308002471924 90 90 90
11.806869506836 10.218995094299 42.141002655029 21 21 21
11.820606231689 10.236303329468 42.180004119873 222 222 222
11.820606231689 10.236303329468 42.216999053955 226 226 226
11.820606231689 10.236303329468 42.254001617432 226 226 226
11.820606231689 10.236303329468 42.287998199463 226 226 226
11.762084960938 10.198119163513 42.309001922607 128 128 128
11.298368453979 9.853846549988 42.229000091553 168 168 168
11.269107818604 9.834754943848 42.263004302979 157 157 157
11.238953590393 9.823423385620 42.298000335693 165 165 165
11.225215911865 9.806117057800 42.176998138428 164 164 164
11.814179420471 10.565850257874 42.163997650146 194 194 194
11.813286781311 10.573611259460 42.201000213623 223 223 223
11.798656463623 10.564065933228 42.233997344971 224 224 224
11.798656463623 10.564065933228 42.270000457764 227 227 227
11.798656463623 10.564065933228 42.306003570557 223 223 223
11.275525093079 10.189370155334 42.213001251221 220 220 220
11.275525093079 10.189370155334 42.253002166748 223 223 223
11.275525093079 10.189370155334 42.291004180908 205 205 205
11.790444374084 10.909135818481 42.184001922607 225 225 225
11.774921417236 10.907351493835 42.217998504639 208 208 208
11.774921417236 10.907351493835 42.254001617432 220 220 220
11.774921417236 10.907351493835 42.288997650146 226 226 226
11.296573638916 10.553530693054 42.204998016357 209 209 209
11.295681953430 10.561293601990 42.243999481201 220 220 220
11.281051635742 10.551746368408 42.282001495361 191 191 191
11.266421318054 10.542201042175 42.315998077393 60 60 60
11.737447738647 11.233328819275 42.166004180908 186 186 186
11.737447738647 11.233328819275 42.201999664307 224 224 224
11.737447738647 11.233328819275 42.238002777100 221 221 221
11.737447738647 11.233328819275 42.271999359131 224 224 224
11.737447738647 11.233328819275 42.307003021240 227 227 227
11.331360816956 10.935000419617 42.240001678467 221 221 221
11.315838813782 10.933216094971 42.278003692627 205 205 205
11.331360816956 10.935000419617 42.316997528076 146 146 146
11.715497016907 11.561091423035 42.185001373291 221 221 221
11.730128288269 11.570637702942 42.222003936768 219 219 219
11.715497016907 11.561091423035 42.256999969482 223 223 223
11.715497016907 11.561091423035 42.291004180908 223 223 223
11.424671173096 11.354651451111 42.255001068115 223 223 223
11.336887359619 11.297377586365 42.273998260498 209 209 209
11.352410316467 11.299161911011 42.312999725342 169 169 169
11.619502067566 11.848887443542 42.152004241943 211 211 211
11.678915977478 11.879308700562 42.201999664307 219 219 219
11.693547248840 11.888854026794 42.240001678467 216 216 216
11.678915977478 11.879308700562 42.273998260498 210 210 210
11.678915977478 11.879308700562 42.306003570557 224 224 224
11.404504776001 11.666892051697 42.272998809814 218 218 218
11.404504776001 11.666892051697 42.308002471924 184 184 184
11.640550613403 12.213047981262 42.184001922607 216 216 216
11.656073570251 12.214832305908 42.221004486084 225 225 225
11.656073570251 12.214832305908 42.256000518799 226 226 226
11.656073570251 12.214832305908 42.292003631592 226 226 226
11.509767532349 12.119374275208 42.292003631592 223 223 223
11.421984672546 12.062099456787 42.309001922607 191 191 191
11.603076934814 12.539026260376 42.163997650146 48 48 48
11.633230209351 12.550355911255 42.204998016357 225 225 225
11.633230209351 12.550355911255 42.240001678467 226 226 226
11.633230209351 12.550355911255 42.274997711182 226 226 226
11.618599891663 12.540810585022 42.309001922607 222 222 222
11.459447860718 12.420284271240 42.302997589111 186 186 186
11.610386848450 12.885880470276 42.188999176025 201 201 201
11.595756530762 12.876334190369 42.222003936768 223 223 223
11.610386848450 12.885880470276 42.258998870850 226 226 226
11.610386848450 12.885880470276 42.295001983643 222 222 222
11.581126213074 12.866788864136 42.323001861572 179 179 179
11.465866088867 12.774899482727 42.330997467041 17 17 17
11.588436126709 13.213643074036 42.209003448486 205 205 205
11.588436126709 13.213643074036 42.243999481201 222 222 222
11.588436126709 13.213643074036 42.278003692627 214 214 214
11.588436126709 13.213643074036 42.313999176025 216 216 216
11.514391899109 13.173675537109 42.327999114990 136 136 136
11.412869453430 13.099093437195 42.343997955322 149 149 149
11.412869453430 13.099093437195 42.379001617432 161 161 161
11.412869453430 13.099093437195 42.416004180908 162 162 162
11.412869453430 13.099093437195 42.451999664307 147 147 147
11.427500724792 13.108638763428 42.491001129150 31 31 31
11.517778396606 13.417846679688 42.227001190186 55 55 55
11.518671035767 13.410085678101 42.261997222900 66 66 66
11.518671035767 13.410085678101 42.297000885010 76 76 76
11.518671035767 13.410085678101 42.331996917725 91 91 91
11.312950134277 13.284205436707 42.358997344971 70 70 70
11.312950134277 13.284205436707 42.395999908447 94 94 94
11.327581405640 13.293750762939 42.434001922607 74 74 74
11.313842773438 13.276443481445 42.466999053955 59 59 59
11.572021484375 13.219619750977 42.222003936768 205 205 205
11.572021484375 13.219619750977 42.257999420166 222 222 222
11.586651802063 13.229165077209 42.294002532959 223 223 223
11.572021484375 13.219619750977 42.328998565674 220 220 220
11.542760848999 13.200528144836 42.354999542236 168 168 168
11.566850662231 12.990970611572 42.196002960205 121 121 121
11.582372665405 12.992754936218 42.235004425049 220 220 220
11.582372665405 12.992754936218 42.270999908447 224 224 224
11.597003936768 13.002301216125 42.307003021240 211 211 211
11.582372665405 12.992754936218 42.341999053955 210 210 210
11.508328437805 12.952788352966 42.358997344971 116 116 116
11.591833114624 12.773652076721 42.212001800537 210 210 210
11.591833114624 12.773652076721 42.246997833252 226 226 226
11.591833114624 12.773652076721 42.284000396729 226 226 226
11.607355117798 12.775436401367 42.321002960205 226 226 226
11.504941940308 12.708615303040 42.334003448486 201 201 201
11.477464675903 12.674001693726 42.355998992920 91 91 91
11.616815567017 12.556333541870 42.194004058838 116 116 116
11.616815567017 12.556333541870 42.229000091553 225 225 225
11.603076934814 12.539026260376 42.264003753662 227 227 227
11.616815567017 12.556333541870 42.301998138428 227 227 227
11.603076934814 12.539026260376 42.334003448486 225 225 225
11.444817543030 12.410737037659 42.327999114990 203 203 203
11.643582344055 12.323492050171 42.216999053955 224 224 224
11.643582344055 12.323492050171 42.251003265381 225 225 225
11.643582344055 12.323492050171 42.286998748779 226 226 226
11.645366668701 12.307969093323 42.322002410889 227 227 227
11.440538406372 12.174326896667 42.308002471924 210 210 210
11.397539138794 12.137928962708 42.336002349854 167 167 167
11.671241760254 12.082888603210 42.201999664307 204 204 204
11.671241760254 12.082888603210 42.239002227783 219 219 219
11.671241760254 12.082888603210 42.274997711182 225 225 225
11.671241760254 12.082888603210 42.309001922607 224 224 224
11.598088264465 12.035159111023 42.327999114990 227 227 227
11.395044326782 11.885995864868 42.313999176025 196 196 196
11.395044326782 11.885995864868 42.349002838135 89 89 89
11.666961669922 11.846478462219 42.178997039795 108 108 108
11.680700302124 11.863785743713 42.222003936768 222 222 222
11.680700302124 11.863785743713 42.256000518799 216 216 216
11.680700302124 11.863785743713 42.293003082275 221 221 221
11.680700302124 11.863785743713 42.327999114990 226 226 226
11.377027511597 11.632277488708 42.286998748779 225 225 225
11.377027511597 11.632277488708 42.322002410889 190 190 190
11.706575393677 11.638705253601 42.201999664307 203 203 203
11.706575393677 11.638705253601 42.238002777100 223 223 223
11.691052436829 11.636920928955 42.271999359131 223 223 223
11.691052436829 11.636920928955 42.307003021240 226 226 226
11.663575172424 11.602307319641 42.330997467041 232 232 232
11.342596054077 11.384537696838 42.291004180908 220 220 220
11.342596054077 11.384537696838 42.328998565674 191 191 191
11.600774765015 11.327713012695 42.142002105713 246 246 246
11.716033935547 11.419602394104 42.216999053955 225 225 225
11.716033935547 11.419602394104 42.252002716064 223 223 223
11.716033935547 11.419602394104 42.286998748779 223 223 223
11.716033935547 11.419602394104 42.323001861572 225 225 225
11.339208602905 11.140364646912 42.264003753662 225 225 225
11.308162689209 11.136795997620 42.296001434326 218 218 218
11.309947967529 11.121273040771 42.331996917725 175 175 175
11.742801666260 11.186760902405 42.201000213623 220 220 220
11.742801666260 11.186760902405 42.235004425049 225 225 225
11.742801666260 11.186760902405 42.271999359131 225 225 225
11.742801666260 11.186760902405 42.307003021240 227 227 227
11.728170394897 11.177215576172 42.339000701904 206 206 206
11.321192741394 10.886647224426 42.272998809814 137 137 137
11.307454109192 10.869339942932 42.307003021240 189 189 189
11.739414215088 10.942589759827 42.174999237061 205 205 205
11.768675804138 10.961680412292 42.221004486084 224 224 224
11.768675804138 10.961680412292 42.256999969482 223 223 223
11.769567489624 10.953919410706 42.289997100830 226 226 226
11.769567489624 10.953919410706 42.325000762939 226 226 226
11.289436340332 10.615622520447 42.244998931885 223 223 223
11.273914337158 10.613838195801 42.282001495361 222 222 222
11.273914337158 10.613838195801 42.321002960205 191 191 191
11.794549942017 10.736600875854 42.205997467041 220 220 220
11.794549942017 10.736600875854 42.242000579834 225 225 225
11.779919624329 10.727054595947 42.274997711182 228 228 228
11.779919624329 10.727054595947 42.311000823975 228 228 228
11.243050575256 10.335051536560 42.213001251221 208 208 208
11.256788253784 10.352358818054 42.256999969482 224 224 224
11.256788253784 10.352358818054 42.297000885010 207 207 207
11.256788253784 10.352358818054 42.334003448486 136 136 136
11.804902076721 10.509736061096 42.187000274658 177 177 177
11.804902076721 10.509736061096 42.222003936768 224 224 224
11.804902076721 10.509736061096 42.256999969482 227 227 227
11.804902076721 10.509736061096 42.293003082275 226 226 226
11.805793762207 10.501975059509 42.326999664307 226 226 226
11.268032073975 10.117733001709 42.231998443604 201 201 201
11.253402709961 10.108187675476 42.269001007080 218 218 218
11.268924713135 10.109972000122 42.307003021240 215 215 215
11.815253257751 10.282871246338 42.200000762939 222 222 222
11.815253257751 10.282871246338 42.236003875732 227 227 227
11.830776214600 10.284655570984 42.271999359131 225 225 225
11.816145896912 10.275110244751 42.306003570557 227 227 227
11.786885261536 10.256017684937 42.333003997803 231 231 231
11.277492523193 9.898630142212 42.245998382568 172 172 172
11.262862205505 9.889084815979 42.282001495361 159 159 159
11.233600616455 9.869992256165 42.315998077393 194 194 194
11.825605392456 10.056006431580 42.174999237061 169 169 169
11.825605392456 10.056006431580 42.213001251221 227 227 227
11.825605392456 10.056006431580 42.247997283936 226 226 226
11.825605392456 10.056006431580 42.284000396729 228 228 228
11.825605392456 10.056006431580 42.319004058838 227 227 227
11.244844436646 9.635366439819 42.209003448486 135 135 135
11.230215072632 9.625820159912 42.246997833252 138 138 138
11.230215072632 9.625820159912 42.286998748779 130 130 130
11.215583801270 9.616274833679 42.324001312256 120 120 120
11.852373123169 9.823164939880 42.192996978760 222 222 222
11.852373123169 9.823164939880 42.229999542236 226 226 226
11.852373123169 9.823164939880 42.264003753662 228 228 228
11.852373123169 9.823164939880 42.299999237061 227 227 227
11.808480262756 9.794528007507 42.326999664307 238 238 238
11.212197303772 9.372102737427 42.219997406006 137 137 137
11.226827621460 9.381649017334 42.261997222900 126 126 126
11.226827621460 9.381649017334 42.301998138428 134 134 134
11.198458671570 9.354796409607 42.335002899170 23 23 23
11.601158142090 9.408952713013 41.681999206543 147 147 147
11.587420463562 9.391645431519 41.707000732422 140 140 140
11.602050781250 9.401191711426 41.754001617432 139 139 139
11.615789413452 9.418498039246 41.803997039795 144 144 144
11.630419731140 9.428044319153 41.847003936768 149 149 149
11.630419731140 9.428044319153 41.883998870850 154 154 154
11.615789413452 9.418498039246 41.921001434326 155 155 155
11.630419731140 9.428044319153 41.960002899170 153 153 153
11.630419731140 9.428044319153 41.997997283936 158 158 158
11.630419731140 9.428044319153 42.035999298096 150 150 150
11.615789413452 9.418498039246 42.074001312256 153 153 153
11.864508628845 9.580777168274 42.174999237061 141 141 141
11.864508628845 9.580777168274 42.213001251221 145 145 145
11.864508628845 9.580777168274 42.247997283936 147 147 147
11.864508628845 9.580777168274 42.284999847412 151 151 151
11.864508628845 9.580777168274 42.321002960205 148 148 148
11.660573959351 9.439373970032 42.308002471924 146 146 146
11.616681098938 9.410737037659 42.331996917725 156 156 156
11.602942466736 9.393429756165 42.365001678467 150 150 150
11.472160339355 9.299756050110 42.376003265381 107 107 107
11.860229492188 9.344367027283 41.744998931885 163 163 163
11.773338317871 9.279330253601 41.749004364014 125 125 125
11.758708953857 9.269784927368 41.785999298096 151 151 151
11.816338539124 9.315730094910 41.881000518799 156 156 156
11.758708953857 9.269784927368 41.936000823975 179 179 179
11.744077682495 9.260239601135 41.969997406006 164 164 164
11.744077682495 9.260239601135 42.008998870850 162 162 162
11.744077682495 9.260239601135 42.046001434326 150 150 150
11.744077682495 9.260239601135 42.083003997803 121 121 121
11.801707267761 9.306183815002 42.140003204346 155 155 155
11.875752449036 9.346151351929 42.192996978760 153 153 153
11.875752449036 9.346151351929 42.228000640869 155 155 155
11.875752449036 9.346151351929 42.266002655029 150 150 150
11.875752449036 9.346151351929 42.301998138428 149 149 149
11.846490859985 9.327059745789 42.333003997803 137 137 137
11.744077682495 9.260239601135 42.341999053955 163 163 163
11.715708732605 9.233386039734 42.374004364014 152 152 152
11.599556922913 9.149258613586 42.381000518799 98 98 98
11.366359710693 8.988763809204 42.369998931885 115 115 115
11.017011642456 8.744139671326 42.334003448486 39 39 39
11.725168228149 9.014283180237 41.780002593994 154 154 154
11.769952774048 9.035159111023 41.869998931885 165 165 165
11.769952774048 9.035159111023 41.908000946045 166 166 166
11.769952774048 9.035159111023 41.944004058838 166 166 166
11.754428863525 9.033374786377 41.981998443604 165 165 165
11.769952774048 9.035159111023 42.020000457764 163 163 163
11.754428863525 9.033374786377 42.056003570557 170 170 170
11.754428863525 9.033374786377 42.093997955322 168 168 168
11.871473312378 9.109741210938 42.166004180908 147 147 147
11.857735633850 9.092433929443 42.201000213623 171 171 171
11.857735633850 9.092433929443 42.237003326416 175 175 175
11.857735633850 9.092433929443 42.271999359131 172 172 172
11.871473312378 9.109741210938 42.312999725342 162 162 162
11.756214141846 9.017851829529 42.316997528076 162 162 162
11.740691184998 9.016067504883 42.351001739502 161 161 161
11.057516098022 8.528606414795 42.229000091553 125 125 125
11.116039276123 8.566789627075 42.283000946045 129 129 129
11.086777687073 8.547698020935 42.317996978760 121 121 121
11.057516098022 8.528606414795 42.354999542236 40 40 40
11.710537910461 9.004736900330 41.656002044678 196 196 196
11.739798545837 9.023829460144 41.706001281738 147 147 147
11.725168228149 9.014283180237 41.815998077393 147 147 147
11.968715667725 8.947913169861 42.168003082275 142 142 142
11.970500946045 8.932391166687 42.200000762939 170 170 170
11.970500946045 8.932391166687 42.237003326416 176 176 176
11.970500946045 8.932391166687 42.271999359131 172 172 172
11.970500946045 8.932391166687 42.308002471924 172 172 172
11.968715667725 8.947913169861 42.347003936768 94 94 94
12.023852348328 8.741924285889 42.157001495361 117 117 117
11.993698120117 8.730594635010 42.185001373291 150 150 150
11.993698120117 8.730594635010 42.221004486084 146 146 146
12.009221076965 8.732378959656 42.259998321533 145 145 145
12.009221076965 8.732378959656 42.294002532959 148 148 148
12.009221076965 8.732378959656 42.329998016357 139 139 139
12.092725753784 8.553242683411 42.117000579834 63 63 63
12.092725753784 8.553242683411 42.152004241943 135 135 135
12.092725753784 8.553242683411 42.186000823975 145 145 145
12.092725753784 8.553242683411 42.221004486084 142 142 142
12.092725753784 8.553242683411 42.258998870850 140 140 140
12.092725753784 8.553242683411 42.293003082275 143 143 143
12.078095436096 8.543697357178 42.326000213623 149 149 149
12.063465118408 8.534152030945 42.357997894287 126 126 126
11.406979560852 13.287150382996 42.491001129150 59 59 59
11.406979560852 13.287150382996 42.461002349854 140 140 140
11.406979560852 13.287150382996 42.430004119873 143 143 143
11.422502517700 13.288934707642 42.398998260498 146 146 146
11.438025474548 13.290719032288 42.370998382568 100 100 100
11.531162261963 13.301425933838 42.355998992920 172 172 172
11.578621864319 13.299017906189 42.335002899170 211 211 211
11.578621864319 13.299017906189 42.303997039795 216 216 216
11.578621864319 13.299017906189 42.272998809814 222 222 222
11.578621864319 13.299017906189 42.243000030518 215 215 215
11.593253135681 13.308564186096 42.215000152588 137 137 137
11.479422569275 13.067423820496 42.360004425049 24 24 24
11.588973999023 13.072153091431 42.349002838135 207 207 207
11.588973999023 13.072153091431 42.320003509521 223 223 223
11.588973999023 13.072153091431 42.288997650146 228 228 228
11.573451042175 13.070368766785 42.255001068115 227 227 227
11.588973999023 13.072153091431 42.227001190186 220 220 220
11.588973999023 13.072153091431 42.194004058838 27 27 27
11.520818710327 12.844128608704 42.353000640869 177 177 177
11.600217819214 12.837527275085 42.336002349854 221 221 221
11.600217819214 12.837527275085 42.305004119873 228 228 228
11.600217819214 12.837527275085 42.272998809814 225 225 225
11.600217819214 12.837527275085 42.243999481201 227 227 227
11.614848136902 12.847073554993 42.215000152588 204 204 204
11.453557968140 12.608341217041 42.353000640869 130 130 130
11.563108444214 12.613071441650 42.343997955322 199 199 199
11.594154357910 12.616640090942 42.320003509521 233 233 233
11.609678268433 12.618424415588 42.291004180908 227 227 227
11.594154357910 12.616640090942 42.257999420166 230 230 230
11.594154357910 12.616640090942 42.228000640869 228 228 228
11.609678268433 12.618424415588 42.200000762939 116 116 116
11.417340278625 12.376123428345 42.357997894287 56 56 56
11.448386192322 12.379693031311 42.330997467041 212 212 212
11.620921134949 12.383798599243 42.334003448486 226 226 226
11.620921134949 12.383798599243 42.302997589111 230 230 230
11.620921134949 12.383798599243 42.271999359131 226 226 226
11.619136810303 12.399321556091 42.240001678467 229 229 229
11.620921134949 12.383798599243 42.212001800537 200 200 200
11.363817214966 12.157644271851 42.354999542236 25 25 25
11.426800727844 12.157019615173 42.335002899170 190 190 190
11.614857673645 12.162911415100 42.336002349854 229 229 229
11.645011901855 12.174241065979 42.312000274658 231 231 231
11.659642219543 12.183786392212 42.284000396729 222 222 222
11.645011901855 12.174241065979 42.250003814697 223 223 223
11.645011901855 12.174241065979 42.218997955322 223 223 223
11.659642219543 12.183786392212 42.189998626709 35 35 35
11.389691352844 11.932563781738 42.339000701904 192 192 192
11.451783180237 11.939701080322 42.316997528076 228 228 228
11.669101715088 11.964683532715 42.324001312256 232 232 232
11.669101715088 11.964683532715 42.294002532959 226 226 226
11.685516357422 11.958706855774 42.266002655029 215 215 215
11.669101715088 11.964683532715 42.231998443604 223 223 223
11.685516357422 11.958706855774 42.204998016357 191 191 191
11.385413169861 11.696152687073 42.346004486084 154 154 154
11.385413169861 11.696152687073 42.314998626709 206 206 206
11.649299621582 11.726489067078 42.334003448486 225 225 225
11.695868492126 11.731842041016 42.310001373291 225 225 225
11.695868492126 11.731842041016 42.282001495361 221 221 221
11.695868492126 11.731842041016 42.250003814697 219 219 219
11.695868492126 11.731842041016 42.217998504639 222 222 222
11.711391448975 11.733626365662 42.189998626709 115 115 115
11.365611076355 11.457958221436 42.328998565674 191 191 191
11.363826751709 11.473481178284 42.295001983643 226 226 226
11.706219673157 11.504978179932 42.330997467041 222 222 222
11.706219673157 11.504978179932 42.299999237061 227 227 227
11.722635269165 11.499000549316 42.270000457764 222 222 222
11.722635269165 11.499000549316 42.239002227783 219 219 219
11.706219673157 11.504978179932 42.208003997803 218 218 218
11.312979698181 11.231717109680 42.337001800537 187 187 187
11.327610015869 11.241263389587 42.305004119873 223 223 223
11.638957977295 11.269190788269 42.327999114990 246 246 246
11.732094764709 11.279897689819 42.317996978760 227 227 227
11.732094764709 11.279897689819 42.284999847412 227 227 227
11.732094764709 11.279897689819 42.256000518799 222 222 222
11.732094764709 11.279897689819 42.223003387451 227 227 227
11.748509407043 11.273920059204 42.197002410889 180 180 180
11.322439193726 11.012614250183 42.344997406006 171 171 171
11.322439193726 11.012614250183 42.312000274658 212 212 212
11.353485107422 11.016182899475 42.287998199463 231 231 231
11.743338584900 11.045271873474 42.326999664307 235 235 235
11.757968902588 11.054817199707 42.298000335693 230 230 230
11.757968902588 11.054817199707 42.267002105713 231 231 231
11.757968902588 11.054817199707 42.236003875732 228 228 228
11.758861541748 11.047056198120 42.206996917725 219 219 219
11.269806861877 10.786372184753 42.347003936768 118 118 118
11.316375732422 10.791726112366 42.315998077393 201 201 201
11.316375732422 10.791726112366 42.284000396729 217 217 217
11.752798080444 10.826169013977 42.334003448486 225 225 225
11.768320083618 10.827953338623 42.308002471924 221 221 221
11.768320083618 10.827953338623 42.275997161865 232 232 232
11.782951354980 10.837498664856 42.246997833252 218 218 218
11.782951354980 10.837498664856 42.215000152588 220 220 220
11.612200737000 10.817869186401 42.147998809814 14 14 14
11.279267311096 10.567269325256 42.324001312256 190 190 190
11.279267311096 10.567269325256 42.288997650146 230 230 230
11.295681953430 10.561293601990 42.257999420166 220 220 220
11.777779579163 10.608849525452 42.317996978760 238 238 238
11.793302536011 10.610633850098 42.291004180908 226 226 226
11.793302536011 10.610633850098 42.258998870850 226 226 226
11.793302536011 10.610633850098 42.228000640869 226 226 226
11.808825492859 10.612418174744 42.198001861572 214 214 214
11.259465217590 10.329074859619 42.337001800537 167 167 167
11.274988174438 10.330859184265 42.305004119873 209 209 209
11.259465217590 10.329074859619 42.269001007080 230 230 230
11.742455482483 10.368869781494 42.326000213623 4 4 4
11.820069313049 10.377792358398 42.307003021240 229 229 229
11.820069313049 10.377792358398 42.277004241943 227 227 227
11.804546356201 10.376008033752 42.242000579834 237 237 237
11.820069313049 10.377792358398 42.215000152588 225 225 225
11.820069313049 10.377792358398 42.185001373291 154 154 154
11.268924713135 10.109972000122 42.322002410889 214 214 214
11.268924713135 10.109972000122 42.285999298096 226 226 226
11.285340309143 10.103994369507 42.256000518799 215 215 215
11.830421447754 10.150928497314 42.326999664307 228 228 228
11.830421447754 10.150928497314 42.295001983643 227 227 227
11.830421447754 10.150928497314 42.264003753662 231 231 231
11.815791130066 10.141381263733 42.231998443604 231 231 231
11.830421447754 10.150928497314 42.203998565674 223 223 223
11.248231887817 9.879538536072 42.333003997803 175 175 175
11.249123573303 9.871777534485 42.300998687744 182 182 182
11.295691490173 9.877130508423 42.271999359131 174 174 174
11.809727668762 9.920494079590 42.337001800537 217 217 217
11.825250625610 9.922278404236 42.311000823975 227 227 227
11.825250625610 9.922278404236 42.279003143311 235 235 235
11.825250625610 9.922278404236 42.249004364014 224 224 224
11.825250625610 9.922278404236 42.215999603271 228 228 228
11.856295585632 9.925848007202 42.188999176025 190 190 190
11.212015151978 9.647319793701 42.339000701904 155 155 155
11.243060112000 9.650888442993 42.309001922607 172 172 172
11.243060112000 9.650888442993 42.274997711182 170 170 170
11.850233078003 9.704959869385 42.351001739502 158 158 158
11.864863395691 9.714505195618 42.323001861572 177 177 177
11.865756034851 9.706744194031 42.293003082275 170 170 170
11.865756034851 9.706744194031 42.261997222900 181 181 181
11.865756034851 9.706744194031 42.230998992920 183 183 183
11.865756034851 9.706744194031 42.199001312256 175 175 175
11.221474647522 9.428216934204 42.348003387451 31 31 31
11.221474647522 9.428216934204 42.316997528076 172 172 172
11.221474647522 9.428216934204 42.281002044678 170 170 170
11.252520561218 9.431785583496 42.249004364014 165 165 165
11.875215530396 9.487640380859 42.333003997803 175 175 175
11.875215530396 9.487640380859 42.301998138428 174 174 174
11.876107215881 9.479879379272 42.271999359131 183 183 183
11.875215530396 9.487640380859 42.239002227783 175 175 175
11.876107215881 9.479879379272 42.209003448486 185 185 185
11.876107215881 9.479879379272 42.176998138428 153 153 153
12.093425750732 9.504861831665 42.105998992920 188 188 188
11.378486633301 9.430538177490 41.755001068115 153 153 153
11.456100463867 9.439460754395 41.736003875732 179 179 179
11.402576446533 9.220981597900 42.394001007080 49 49 49
11.558696746826 9.231064796448 42.383998870850 105 105 105
11.729447364807 9.250693321228 42.382999420166 150 150 150
11.744970321655 9.252477645874 42.354000091553 174 174 174
11.869152069092 9.266753196716 42.342998504639 181 181 181
11.884675025940 9.268537521362 42.315998077393 182 182 182
11.901089668274 9.262560844421 42.285999298096 180 180 180
11.884675025940 9.268537521362 42.253002166748 183 183 183
11.884675025940 9.268537521362 42.222003936768 184 184 184
11.886459350586 9.253014564514 42.190998077393 175 175 175
11.791538238525 9.257830619812 42.138004302979 175 175 175
11.776015281677 9.256046295166 42.102001190186 173 173 173
11.760493278503 9.254261970520 42.065998077393 177 177 177
11.745862007141 9.244716644287 42.031002044678 180 180 180
11.744970321655 9.252477645874 41.996997833252 182 182 182
11.745862007141 9.244716644287 41.965999603271 189 189 189
11.760493278503 9.254261970520 41.935001373291 205 205 205
11.745862007141 9.244716644287 41.899997711182 188 188 188
11.745862007141 9.244716644287 41.867000579834 186 186 186
11.745862007141 9.244716644287 41.834003448486 182 182 182
11.715708732605 9.233386039734 41.792003631592 166 166 166
11.745862007141 9.244716644287 41.732997894287 144 144 144
11.684663772583 9.229817390442 41.639999389648 147 147 147
11.684663772583 9.229817390442 41.604999542236 160 160 160
11.684663772583 9.229817390442 41.569999694824 151 151 151
11.715708732605 9.233386039734 41.756000518799 145 145 145
11.622571945190 9.222679138184 41.520000457764 142 142 142
11.653617858887 9.226247787476 41.491001129150 135 135 135
11.304269790649 8.981625556946 42.360004425049 86 86 86
11.647554397583 9.005360603333 42.384998321533 100 100 100
11.756214141846 9.017851829529 42.368999481201 168 168 168
11.756214141846 9.017851829529 42.337001800537 171 171 171
11.895918846130 9.033911705017 42.331996917725 157 157 157
11.926964759827 9.037480354309 42.307003021240 147 147 147
11.926964759827 9.037480354309 42.275997161865 152 152 152
11.912333488464 9.027935028076 42.243000030518 163 163 163
11.926964759827 9.037480354309 42.214000701904 151 151 151
11.912333488464 9.027935028076 42.180004119873 149 149 149
11.818305015564 9.024989128113 42.129001617432 171 171 171
11.771737098694 9.019636154175 42.079998016357 175 175 175
11.756214141846 9.017851829529 42.046001434326 174 174 174
11.771737098694 9.019636154175 42.014003753662 171 171 171
11.771737098694 9.019636154175 41.980998992920 172 172 172
11.756214141846 9.017851829529 41.948001861572 169 169 169
11.771737098694 9.019636154175 41.916004180908 177 177 177
11.756214141846 9.017851829529 41.881000518799 175 175 175
11.771737098694 9.019636154175 41.850002288818 173 173 173
11.771737098694 9.019636154175 41.816997528076 175 175 175
11.771737098694 9.019636154175 41.783000946045 172 172 172
11.772628784180 9.011875152588 41.749004364014 173 173 173
11.771737098694 9.019636154175 41.715000152588 172 172 172
11.771737098694 9.019636154175 41.687000274658 173 173 173
11.725168228149 9.014283180237 41.632999420166 16 16 16
11.066256523132 8.726209640503 42.340000152588 122 122 122
11.097302436829 8.729778289795 42.311000823975 167 167 167
11.112824440002 8.731562614441 42.275997161865 168 168 168
11.112824440002 8.731562614441 42.240001678467 171 171 171
11.098194122314 8.722017288208 42.202999114990 166 166 166
11.984776496887 8.808208465576 42.334003448486 164 164 164
11.984776496887 8.808208465576 42.305004119873 183 183 183
12.000299453735 8.809992790222 42.274997711182 182 182 182
11.984776496887 8.808208465576 42.242000579834 182 182 182
11.984776496887 8.808208465576 42.212001800537 181 181 181
11.984776496887 8.808208465576 42.181003570557 177 177 177
11.953731536865 8.804638862610 42.142002105713 178 178 178
11.076607704163 8.499345779419 42.355998992920 94 94 94
11.092130661011 8.501130104065 42.322002410889 145 145 145
11.107653617859 8.502914428711 42.289997100830 166 166 166
11.123176574707 8.504698753357 42.255001068115 166 166 166
11.123176574707 8.504698753357 42.218997955322 166 166 166
12.073635101318 8.582504272461 42.364002227783 152 152 152
12.089157104492 8.584288597107 42.338001251221 170 170 170
12.088264465332 8.592049598694 42.306003570557 170 170 170
12.089157104492 8.584288597107 42.277004241943 169 169 169
12.089157104492 8.584288597107 42.246997833252 170 170 170
12.104680061340 8.586072921753 42.216999053955 167 167 167
12.104680061340 8.586072921753 42.187000274658 165 165 165
12.089157104492 8.584288597107 42.155002593994 167 167 167
12.104680061340 8.586072921753 42.125003814697 63 63 63
11.522239685059 13.379039764404 42.353000640869 164 164 164
11.555068969727 13.367086410522 42.320003509521 172 172 172
11.554177284241 13.374847412109 42.284000396729 200 200 200
11.524024009705 13.363517761230 42.245998382568 204 204 204
11.524024009705 13.363517761230 42.211002349854 130 130 130
11.414116859436 13.225059509277 42.515003204346 153 153 153
11.415009498596 13.217298507690 42.479999542236 170 170 170
11.414116859436 13.225059509277 42.441997528076 167 167 167
11.415901184082 13.209536552429 42.409000396729 168 168 168
11.416793823242 13.201775550842 42.374004364014 154 154 154
11.514391899109 13.173675537109 42.355998992920 152 152 152
11.597358703613 13.136029243469 42.338001251221 216 216 216
11.597358703613 13.136029243469 42.301998138428 205 205 205
11.597358703613 13.136029243469 42.265003204346 210 210 210
11.597358703613 13.136029243469 42.230998992920 214 214 214
11.573988914490 12.928879737854 42.347003936768 173 173 173
11.606818199158 12.916925430298 42.317996978760 219 219 219
11.591295242310 12.915141105652 42.280002593994 224 224 224
11.606818199158 12.916925430298 42.245998382568 222 222 222
11.606818199158 12.916925430298 42.212001800537 185 185 185
11.467650413513 12.759376525879 42.341999053955 171 171 171
11.601647377014 12.688277244568 42.338001251221 212 212 212
11.600755691528 12.696038246155 42.301998138428 223 223 223
11.618062019348 12.682299613953 42.269001007080 223 223 223
11.601647377014 12.688277244568 42.231998443604 216 216 216
11.585232734680 12.694253921509 42.189998626709 98 98 98
11.444280624390 12.552227973938 42.354000091553 90 90 90
11.509940147400 12.528319358826 42.333003997803 197 197 197
11.627522468567 12.463196754456 42.326000213623 224 224 224
11.611106872559 12.469173431396 42.286998748779 222 222 222
11.627522468567 12.463196754456 42.253002166748 223 223 223
11.627522468567 12.463196754456 42.216999053955 215 215 215
11.452847480774 12.340886116028 42.330997467041 202 202 202
11.651612281799 12.253639221191 42.338001251221 219 219 219
11.668026924133 12.247662544250 42.305004119873 224 224 224
11.652504920959 12.245878219604 42.267002105713 222 222 222
11.652504920959 12.245878219604 42.231998443604 223 223 223
11.652504920959 12.245878219604 42.197002410889 125 125 125
11.428585052490 12.141497612000 42.336002349854 185 185 185
11.544382095337 12.091897010803 42.324001312256 224 224 224
11.677486419678 12.028558731079 42.316997528076 213 213 213
11.677486419678 12.028558731079 42.281002044678 210 210 210
11.677486419678 12.028558731079 42.245998382568 206 206 206
11.677486419678 12.028558731079 42.210002899170 204 204 204
11.404321670532 11.942110061646 42.340999603271 176 176 176
11.405214309692 11.934348106384 42.306003570557 224 224 224
11.686945915222 11.809455871582 42.330997467041 220 220 220
11.686945915222 11.809455871582 42.296001434326 214 214 214
11.686945915222 11.809455871582 42.259998321533 211 211 211
11.686945915222 11.809455871582 42.222003936768 208 208 208
11.686945915222 11.809455871582 42.187000274658 88 88 88
11.379167556763 11.750482559204 42.350002288818 107 107 107
11.397367477417 11.728983879089 42.316997528076 198 198 198
11.563301086426 11.653691291809 42.319004058838 227 227 227
11.712821006775 11.584376335144 42.314998626709 220 220 220
11.712821006775 11.584376335144 42.279003143311 220 220 220
11.712821006775 11.584376335144 42.243000030518 217 217 217
11.712821006775 11.584376335144 42.206996917725 209 209 209
11.373104095459 11.529595375061 42.331996917725 192 192 192
11.373104095459 11.529595375061 42.294002532959 224 224 224
11.721387863159 11.373034477234 42.335002899170 222 222 222
11.738695144653 11.359295845032 42.305004119873 221 221 221
11.738695144653 11.359295845032 42.269001007080 215 215 215
11.723172187805 11.357511520386 42.230998992920 219 219 219
11.723172187805 11.357511520386 42.196002960205 188 188 188
11.334211349487 11.320661544800 42.346004486084 148 148 148
11.350625991821 11.314684867859 42.309001922607 207 207 207
11.398978233337 11.304514884949 42.280002593994 228 228 228
11.749046325684 11.132431030273 42.325000762939 224 224 224
11.749046325684 11.132431030273 42.288997650146 222 222 222
11.749046325684 11.132431030273 42.254001617432 222 222 222
11.749046325684 11.132431030273 42.216999053955 223 223 223
11.732631683350 11.138408660889 42.177997589111 99 99 99
11.309055328369 11.129034996033 42.351001739502 42 42 42
11.311732292175 11.105750083923 42.317996978760 196 196 196
11.311732292175 11.105750083923 42.279003143311 226 226 226
11.741198539734 10.927066802979 42.334003448486 229 229 229
11.789551734924 10.916896820068 42.305004119873 222 222 222
11.774921417236 10.907351493835 42.268001556396 223 223 223
11.774921417236 10.907351493835 42.231998443604 219 219 219
11.789551734924 10.916896820068 42.198001861572 199 199 199
11.333145141602 10.919477462769 42.325000762939 196 196 196
11.302100181580 10.915908813477 42.284999847412 159 159 159
11.748874664307 10.723484992981 42.343997955322 155 155 155
11.782596588135 10.703770637512 42.315998077393 224 224 224
11.798119544983 10.705554962158 42.283000946045 223 223 223
11.815426826477 10.691816329956 42.246997833252 222 222 222
11.815426826477 10.691816329956 42.211002349854 218 218 218
11.293359756470 10.718305587769 42.334003448486 171 171 171
11.309775352478 10.712327957153 42.296001434326 219 219 219
11.309775352478 10.712327957153 42.257999420166 223 223 223
11.792055130005 10.484667778015 42.329998016357 226 226 226
11.808470726013 10.478690147400 42.298000335693 225 225 225
11.807578086853 10.486452102661 42.260997772217 224 224 224
11.808470726013 10.478690147400 42.225002288818 223 223 223
11.808470726013 10.478690147400 42.188999176025 186 186 186
11.252682685852 10.524893760681 42.344997406006 20 20 20
11.286405563354 10.505178451538 42.312000274658 195 195 195
11.270882606506 10.503394126892 42.271999359131 224 224 224
11.270882606506 10.503394126892 42.231998443604 224 224 224
11.817930221558 10.259587287903 42.316997528076 225 225 225
11.834344863892 10.253610610962 42.283000946045 225 225 225
11.834344863892 10.253610610962 42.245998382568 223 223 223
11.834344863892 10.253610610962 42.211002349854 223 223 223
11.751378059387 10.291255950928 42.154003143311 143 143 143
11.280342102051 10.284291267395 42.330997467041 172 172 172
11.280342102051 10.284291267395 42.292003631592 214 214 214
11.280342102051 10.284291267395 42.252002716064 206 206 206
11.778144836426 10.058414459229 42.326999664307 240 240 240
11.843804359436 10.034507751465 42.302997589111 225 225 225
11.843804359436 10.034507751465 42.268001556396 222 222 222
11.844696998596 10.026745796204 42.231998443604 225 225 225
11.844696998596 10.026745796204 42.195003509521 217 217 217
11.208618164063 10.087310791016 42.337001800537 64 64 64
11.256971359253 10.077141761780 42.307003021240 214 214 214
11.272493362427 10.078926086426 42.268001556396 228 228 228
11.272493362427 10.078926086426 42.229000091553 216 216 216
11.853264808655 9.815403938293 42.321002960205 224 224 224
11.869679450989 9.809427261353 42.285999298096 224 224 224
11.869679450989 9.809427261353 42.250003814697 223 223 223
11.870571136475 9.801666259766 42.215999603271 223 223 223
11.839526176453 9.798096656799 42.175998687744 159 159 159
11.249123573303 9.871777534485 42.319004058838 193 193 193
11.281953811646 9.859823226929 42.284000396729 155 155 155
11.298368453979 9.853846549988 42.246997833252 163 163 163
11.863616943359 9.588539123535 42.336002349854 143 143 143
11.863616943359 9.588539123535 42.300998687744 150 150 150
11.864508628845 9.580777168274 42.265003204346 152 152 152
11.863616943359 9.588539123535 42.228000640869 151 151 151
11.864508628845 9.580777168274 42.192996978760 148 148 148
11.863616943359 9.588539123535 42.154003143311 22 22 22
11.225753784180 9.664627075195 42.326000213623 151 151 151
11.256798744202 9.668195724487 42.289997100830 143 143 143
11.241275787354 9.666411399841 42.247997283936 150 150 150
11.822046279907 9.402889251709 42.337001800537 170 170 170
11.872183799744 9.377197265625 42.312000274658 148 148 148
11.887706756592 9.378981590271 42.278003692627 149 149 149
11.872183799744 9.377197265625 42.239002227783 149 149 149
11.888598442078 9.371219635010 42.204998016357 144 144 144
11.838460922241 9.396912574768 42.158000946045 222 222 222
11.557621955872 9.514043807983 41.968997955322 24 24 24
11.609543800354 9.472827911377 41.948001861572 23 23 23
11.657896995544 9.462658882141 41.919002532959 23 23 23
11.675203323364 9.448921203613 41.889003753662 251 251 251
11.707141876221 9.444727897644 41.856998443604 230 230 230
11.723556518555 9.438751220703 41.826000213623 212 212 212
11.740863800049 9.425012588501 41.791004180908 182 182 182
11.758170127869 9.411273956299 41.757999420166 175 175 175
11.758170127869 9.411273956299 41.719997406006 163 163 163
11.773693084717 9.413058280945 41.683002471924 166 166 166
11.465023040771 9.361846923828 42.385997772217 64 64 64
11.648263931274 9.272816658020 42.383998870850 99 99 99
11.732123374939 9.227409362793 42.368999481201 161 161 161
11.764061927795 9.223217010498 42.335002899170 156 156 156
11.880750656128 9.165855407715 42.325000762939 144 144 144
11.864335060120 9.171832084656 42.285999298096 154 154 154
11.866120338440 9.156310081482 42.251003265381 149 149 149
11.866120338440 9.156310081482 42.214000701904 158 158 158
11.864335060120 9.171832084656 42.175998687744 146 146 146
11.764953613281 9.215455055237 42.112003326416 155 155 155
11.764953613281 9.215455055237 42.074001312256 167 167 167
11.749431610107 9.213670730591 42.034000396729 168 168 168
11.764061927795 9.223217010498 41.996997833252 166 166 166
11.764953613281 9.215455055237 41.959003448486 175 175 175
11.765846252441 9.207694053650 41.923999786377 181 181 181
11.764953613281 9.215455055237 41.883998870850 171 171 171
11.749431610107 9.213670730591 41.840000152588 165 165 165
11.701077461243 9.223840713501 41.793003082275 163 163 163
11.700185775757 9.231601715088 41.751003265381 142 142 142
11.701077461243 9.223840713501 41.714000701904 144 144 144
11.717493057251 9.217864036560 41.678001403809 150 150 150
11.617218017578 9.269248008728 41.600002288818 136 136 136
11.541033744812 9.111074447632 42.379001617432 106 106 106
11.738906860352 9.031590461731 42.379001617432 139 139 139
11.756214141846 9.017851829529 42.348003387451 166 166 166
11.756214141846 9.017851829529 42.311000823975 167 167 167
11.974069595337 8.901345252991 42.326000213623 150 150 150
11.974069595337 8.901345252991 42.292003631592 160 160 160
12.005115509033 8.904913902283 42.256999969482 163 163 163
12.006007194519 8.897151947021 42.222003936768 165 165 165
11.974069595337 8.901345252991 42.182003021240 161 161 161
11.924824714661 8.919275283813 42.131999969482 161 161 161
11.757998466492 9.002328872681 42.049999237061 168 168 168
11.757998466492 9.002328872681 42.011997222900 165 165 165
11.757998466492 9.002328872681 41.972003936768 168 168 168
11.775305747986 8.988591194153 41.936000823975 164 164 164
11.775305747986 8.988591194153 41.898998260498 166 166 166
11.775305747986 8.988591194153 41.861003875732 166 166 166
11.775305747986 8.988591194153 41.821002960205 167 167 167
11.775305747986 8.988591194153 41.784999847412 169 169 169
11.775305747986 8.988591194153 41.745998382568 167 167 167
11.775305747986 8.988591194153 41.706001281738 166 166 166
11.743367195129 8.992783546448 41.659999847412 199 199 199
11.346731185913 9.159514427185 41.485000610352 195 195 195
11.171164512634 9.044963836670 42.326999664307 125 125 125
11.220409393311 9.027032852173 42.295001983643 165 165 165
11.220409393311 9.027032852173 42.256000518799 163 163 163
11.236824035645 9.021056175232 42.215999603271 165 165 165
12.065604209900 8.652357101440 42.362003326416 158 158 158
12.099326133728 8.632640838623 42.335002899170 151 151 151
12.099326133728 8.632640838623 42.298999786377 150 150 150
12.099326133728 8.632640838623 42.264003753662 147 147 147
12.101110458374 8.617118835449 42.229999542236 146 146 146
12.101110458374 8.617118835449 42.195003509521 147 147 147
12.101110458374 8.617118835449 42.158000946045 145 145 145
11.902346611023 8.704364776611 42.073001861572 21 21 21
11.097656250000 8.863506317139 42.331996917725 66 66 66
11.114963531494 8.849767684937 42.295001983643 138 138 138
11.114963531494 8.849767684937 42.252002716064 131 131 131
11.114963531494 8.849767684937 42.212001800537 128 128 128
11.048412322998 8.881437301636 42.156002044678 113 113 113
12.076848030090 8.417731285095 42.347003936768 149 149 149
12.092370986938 8.419515609741 42.313999176025 150 150 150
12.093263626099 8.411753654480 42.280002593994 152 152 152
12.093263626099 8.411753654480 42.244998931885 147 147 147
12.093263626099 8.411753654480 42.209003448486 146 146 146
12.093263626099 8.411753654480 42.173000335693 143 143 143
11.961050987244 8.467330932617 42.101001739502 21 21 21
11.055194854736 8.685618400574 42.334003448486 81 81 81
11.074286460876 8.656357765198 42.301998138428 88 88 88
11.074286460876 8.656357765198 42.260997772217 88 88 88
11.089809417725 8.658142089844 42.221004486084 73 73 73
11.074286460876 8.656357765198 42.176998138428 86 86 86
11.073393821716 8.664118766785 42.130001068115 78 78 78
12.132156372070 8.620688438416 42.174999237061 146 146 146
12.132156372070 8.620688438416 42.208003997803 142 142 142
12.132156372070 8.620688438416 42.243000030518 139 139 139
12.132156372070 8.620688438416 42.278003692627 135 135 135
12.132156372070 8.620688438416 42.312999725342 143 143 143
12.116633415222 8.618903160095 42.346004486084 146 146 146
12.116633415222 8.618903160095 42.379001617432 140 140 140
12.036161422729 8.908482551575 42.172000885010 67 67 67
12.007791519165 8.881629943848 42.201000213623 166 166 166
12.007791519165 8.881629943848 42.237003326416 173 173 173
12.022422790527 8.891175270081 42.272998809814 175 175 175
12.007791519165 8.881629943848 42.308002471924 172 172 172
12.007791519165 8.881629943848 42.342998504639 170 170 170
11.839535713196 9.113934516907 41.544002532959 19 19 19
11.839535713196 9.113934516907 41.729999542236 168 168 168
11.824905395508 9.104388237000 41.767002105713 176 176 176
11.796536445618 9.077534675598 41.792003631592 167 167 167
11.781906127930 9.067989349365 41.825000762939 166 166 166
11.781906127930 9.067989349365 41.864002227783 164 164 164
11.781906127930 9.067989349365 41.903003692627 162 162 162
11.781906127930 9.067989349365 41.938999176025 167 167 167
11.781906127930 9.067989349365 41.977001190186 165 165 165
11.781906127930 9.067989349365 42.017002105713 163 163 163
11.767275810242 9.058443069458 42.048999786377 166 166 166
11.781906127930 9.067989349365 42.090000152588 166 166 166
11.781906127930 9.067989349365 42.125003814697 164 164 164
11.928212165833 9.163447380066 42.200000762939 149 149 149
11.928212165833 9.163447380066 42.237003326416 156 156 156
11.928212165833 9.163447380066 42.271999359131 154 154 154
11.914473533630 9.146140098572 42.307003021240 153 153 153
11.914473533630 9.146140098572 42.340999603271 150 150 150
11.811166763306 9.087080001831 42.354000091553 162 162 162
11.767275810242 9.058443069458 42.381000518799 164 164 164
11.754428863525 9.033374786377 42.409000396729 122 122 122
11.142622947693 8.609165191650 42.310001373291 134 134 134
11.114254951477 8.582312583923 42.341999053955 131 131 131
11.100516319275 8.565005302429 42.379001617432 65 65 65
11.715171813965 9.374876022339 42.055004119873 155 155 155
11.701433181763 9.357568740845 42.090999603271 152 152 152
11.773693084717 9.413058280945 42.148998260498 154 154 154
11.890738487244 9.489424705505 42.218997955322 150 150 150
11.905367851257 9.498971939087 42.256999969482 150 150 150
11.890738487244 9.489424705505 42.289997100830 151 151 151
11.890738487244 9.489424705505 42.326000213623 152 152 152
11.890738487244 9.489424705505 42.362003326416 146 146 146
11.686801910400 9.348022460938 42.348003387451 155 155 155
11.672172546387 9.338477134705 42.381999969482 154 154 154
11.643802642822 9.311623573303 42.409999847412 125 125 125
11.469128608704 9.189312934875 42.407001495361 111 111 111
11.657541275024 9.328930854797 41.928997039795 148 148 148
11.657541275024 9.328930854797 41.965999603271 146 146 146
11.642910957336 9.319384574890 41.999004364014 145 145 145
11.867895126343 9.824950218201 42.204998016357 168 168 168
11.868786811829 9.817188262939 42.238002777100 223 223 223
11.867895126343 9.824950218201 42.274997711182 222 222 222
11.868786811829 9.817188262939 42.310001373291 223 223 223
11.868786811829 9.817188262939 42.346004486084 223 223 223
11.257873535156 9.385217666626 42.227001190186 147 147 147
11.257873535156 9.385217666626 42.266002655029 139 139 139
11.257873535156 9.385217666626 42.306003570557 131 131 131
11.257873535156 9.385217666626 42.344997406006 133 133 133
11.862359046936 10.146735191345 42.223003387451 217 217 217
11.862359046936 10.146735191345 42.257999420166 223 223 223
11.862359046936 10.146735191345 42.294002532959 224 224 224
11.862359046936 10.146735191345 42.329998016357 223 223 223
11.774576187134 10.089460372925 42.344997406006 18 18 18
11.280706405640 9.733857154846 42.255001068115 200 200 200
11.266967773438 9.716549873352 42.292003631592 197 197 197
11.280706405640 9.733857154846 42.333003997803 204 204 204
11.824886322021 10.472713470459 42.204998016357 172 172 172
11.824886322021 10.472713470459 42.241001129150 224 224 224
11.824886322021 10.472713470459 42.274997711182 224 224 224
11.824886322021 10.472713470459 42.312000274658 224 224 224
11.824886322021 10.472713470459 42.346004486084 224 224 224
11.303539276123 10.082494735718 42.245998382568 217 217 217
11.303539276123 10.082494735718 42.284000396729 219 219 219
11.303539276123 10.082494735718 42.323001861572 208 208 208
11.244125366211 10.052073478699 42.352001190186 178 178 178
11.818458557129 10.802260398865 42.224002838135 217 217 217
11.818458557129 10.802260398865 42.258998870850 224 224 224
11.804719924927 10.784953117371 42.292003631592 227 227 227
11.804719924927 10.784953117371 42.327999114990 224 224 224
11.746197700500 10.746769905090 42.351001739502 247 247 247
11.295327186584 10.427564620972 42.275997161865 218 218 218
11.295327186584 10.427564620972 42.312999725342 219 219 219
11.295327186584 10.427564620972 42.352001190186 169 169 169
11.753507614136 11.093624114990 42.192996978760 181 181 181
11.767246246338 11.110931396484 42.240001678467 227 227 227
11.767246246338 11.110931396484 42.278003692627 223 223 223
11.767246246338 11.110931396484 42.311000823975 224 224 224
11.767246246338 11.110931396484 42.348003387451 226 226 226
11.651093482971 11.026803016663 42.351001739502 142 142 142
11.347420692444 10.795294761658 42.308002471924 142 142 142
11.347420692444 10.795294761658 42.346004486084 183 183 183
11.745295524597 11.438694000244 42.223003387451 202 202 202
11.745295524597 11.438694000244 42.257999420166 219 219 219
11.745295524597 11.438694000244 42.292003631592 222 222 222
11.746188163757 11.430932998657 42.326999664307 225 225 225
11.731557846069 11.421386718750 42.357997894287 225 225 225
11.367578506470 11.167218208313 42.301998138428 217 217 217
11.367578506470 11.167218208313 42.339000701904 191 191 191
11.707822799683 11.764672279358 42.238002777100 217 217 217
11.707822799683 11.764672279358 42.273998260498 215 215 215
11.707822799683 11.764672279358 42.310001373291 217 217 217
11.707822799683 11.764672279358 42.344997406006 222 222 222
11.448040962219 11.561801910400 42.310001373291 220 220 220
11.404150009155 11.533164024353 42.336002349854 193 193 193
11.389518737793 11.523617744446 42.370998382568 119 119 119
11.703178405762 12.078696250916 42.223003387451 181 181 181
11.687655448914 12.076911926270 42.256000518799 218 218 218
11.703178405762 12.078696250916 42.293003082275 222 222 222
11.687655448914 12.076911926270 42.326999664307 223 223 223
11.658394813538 12.057820320129 42.355998992920 223 223 223
11.426090240479 11.889564514160 42.333003997803 204 204 204
11.426090240479 11.889564514160 42.368999481201 154 154 154
11.651966094971 12.387367248535 42.238002777100 218 218 218
11.636444091797 12.385582923889 42.272998809814 225 225 225
11.636444091797 12.385582923889 42.308002471924 224 224 224
11.651966094971 12.387367248535 42.342998504639 225 225 225
11.550445556641 12.312785148621 42.352001190186 199 199 199
11.460877418518 12.271033287048 42.367000579834 171 171 171
11.614493370056 12.713345527649 42.216999053955 85 85 85
11.629123687744 12.722890853882 42.254001617432 223 223 223
11.629123687744 12.722890853882 42.289997100830 223 223 223
11.629123687744 12.722890853882 42.325000762939 225 225 225
11.629123687744 12.722890853882 42.361003875732 215 215 215
11.483710289001 12.619671821594 42.360004425049 193 193 193
11.607172966003 13.050654411316 42.237003326416 196 196 196
11.621804237366 13.060199737549 42.273998260498 215 215 215
11.621804237366 13.060199737549 42.309001922607 222 222 222
11.621804237366 13.060199737549 42.343997955322 221 221 221
11.607172966003 13.050654411316 42.377002716064 183 183 183
11.521174430847 12.977856636047 42.388004302979 36 36 36
11.556853294373 13.351563453674 42.243000030518 151 151 151
11.556853294373 13.351563453674 42.279003143311 168 168 168
11.556853294373 13.351563453674 42.313999176025 153 153 153
11.556853294373 13.351563453674 42.349002838135 162 162 162
11.556853294373 13.351563453674 42.382999420166 71 71 71
11.396809577942 13.238798141479 42.380001068115 36 36 36
11.396809577942 13.238798141479 42.414997100830 93 93 93
11.382180213928 13.229252815247 42.450000762939 74 74 74
11.396809577942 13.238798141479 42.487003326416 67 67 67
11.352918624878 13.210160255432 42.516002655029 49 49 49
11.104794502258 8.801415443420 42.344997406006 145 145 145
11.106578826904 8.785892486572 42.303997039795 147 147 147
11.104794502258 8.801415443420 42.260997772217 140 140 140
11.106578826904 8.785892486572 42.219997406006 144 144 144
12.017434120178 8.387309074402 42.381000518799 162 162 162
12.100400924683 8.349662780762 42.367000579834 157 157 157
12.100400924683 8.349662780762 42.331996917725 159 159 159
12.100400924683 8.349662780762 42.296001434326 160 160 160
12.100400924683 8.349662780762 42.258998870850 160 160 160
12.100400924683 8.349662780762 42.225002288818 153 153 153
12.100400924683 8.349662780762 42.189998626709 151 151 151
11.466634750366 8.937378883362 42.407001495361 136 136 136
11.516771316528 8.911686897278 42.376003265381 147 147 147
11.533186912537 8.905710220337 42.340999603271 140 140 140
11.534078598022 8.897948265076 42.303997039795 140 140 140
12.063819885254 8.667879104614 42.383998870850 153 153 153
12.097541809082 8.648163795471 42.355998992920 160 160 160
12.082018852234 8.646379470825 42.319004058838 162 162 162
12.096649169922 8.655925750732 42.284999847412 160 160 160
12.113957405090 8.642188072205 42.252002716064 157 157 157
12.097541809082 8.648163795471 42.215000152588 158 158 158
12.097541809082 8.648163795471 42.178997039795 155 155 155
11.599739074707 8.874041557312 42.004001617432 141 141 141
11.565123558044 8.901516914368 41.954998016357 141 141 141
11.566907882690 8.885994911194 41.916004180908 138 138 138
11.565123558044 8.901516914368 41.874004364014 140 140 140
11.566907882690 8.885994911194 41.838001251221 141 141 141
11.582431793213 8.887779235840 41.800998687744 140 140 140
11.582431793213 8.887779235840 41.759998321533 139 139 139
11.582431793213 8.887779235840 41.719997406006 147 147 147
11.450220108032 8.943355560303 41.638999938965 247 247 247
11.429161071777 9.263357162476 42.421001434326 62 62 62
11.578680038452 9.194042205811 42.411998748779 112 112 112
11.728199958801 9.124727249146 42.409999847412 157 157 157
11.729984283447 9.109204292297 42.375003814697 180 180 180
11.827582359314 9.081103324890 42.355998992920 158 158 158
11.861304283142 9.061388969421 42.326999664307 139 139 139
11.860412597656 9.069149971008 42.289997100830 142 142 142
11.861304283142 9.061388969421 42.256000518799 142 142 142
11.861304283142 9.061388969421 42.218997955322 143 143 143
11.861304283142 9.061388969421 42.181003570557 141 141 141
11.745507240295 9.110988616943 42.114002227783 181 181 181
11.745507240295 9.110988616943 42.076000213623 177 177 177
11.761921882629 9.105011940002 42.039997100830 180 180 180
11.745507240295 9.110988616943 42.001003265381 182 182 182
11.761921882629 9.105011940002 41.963001251221 181 181 181
11.761921882629 9.105011940002 41.925998687744 180 180 180
11.761921882629 9.105011940002 41.885997772217 180 180 180
11.761921882629 9.105011940002 41.848003387451 179 179 179
11.761921882629 9.105011940002 41.811000823975 176 176 176
11.762814521790 9.097249984741 41.773998260498 169 169 169
11.761921882629 9.105011940002 41.732997894287 171 171 171
11.729984283447 9.109204292297 41.686000823975 162 162 162
11.194707870483 9.661058425903 42.361003875732 161 161 161
11.243060112000 9.650888442993 42.330997467041 161 161 161
11.243060112000 9.650888442993 42.289997100830 167 167 167
11.244844436646 9.635366439819 42.253002166748 191 191 191
11.873968124390 9.361674308777 42.353000640869 159 159 159
11.873968124390 9.361674308777 42.319004058838 164 164 164
11.875752449036 9.346151351929 42.283000946045 160 160 160
11.873968124390 9.361674308777 42.244998931885 163 163 163
11.873968124390 9.361674308777 42.209003448486 164 164 164
11.775478363037 9.397535324097 41.805004119873 22 22 22
11.775478363037 9.397535324097 41.769001007080 19 19 19
11.742648124695 9.409489631653 41.721004486084 241 241 241
11.659681320190 9.447136878967 41.652000427246 233 233 233
11.256616592407 9.943413734436 42.356998443604 193 193 193
11.256616592407 9.943413734436 42.316997528076 219 219 219
11.240200996399 9.949391365051 42.275997161865 233 233 233
11.820971488953 9.685868263245 42.367000579834 174 174 174
11.853801727295 9.673913955688 42.336002349854 158 158 158
11.853801727295 9.673913955688 42.300998687744 160 160 160
11.869324684143 9.675698280334 42.267002105713 162 162 162
11.853801727295 9.673913955688 42.229000091553 158 158 158
11.869324684143 9.675698280334 42.194004058838 114 114 114
11.254649162292 10.234153747559 42.346004486084 217 217 217
11.254649162292 10.234153747559 42.303997039795 227 227 227
11.252864837646 10.249676704407 42.264003753662 237 237 237
11.818113327026 9.984369277954 42.354999542236 231 231 231
11.818113327026 9.984369277954 42.320003509521 229 229 229
11.835420608521 9.970631599426 42.284999847412 230 230 230
11.835420608521 9.970631599426 42.247997283936 234 234 234
11.835420608521 9.970631599426 42.213001251221 204 204 204
11.266421318054 10.542201042175 42.371997833252 103 103 103
11.282836914063 10.536224365234 42.336002349854 213 213 213
11.282836914063 10.536224365234 42.296001434326 234 234 234
11.250005722046 10.548177719116 42.252002716064 228 228 228
11.798839569092 10.288847923279 42.340999603271 232 232 232
11.813468933105 10.298394203186 42.306003570557 232 232 232
11.813468933105 10.298394203186 42.269001007080 231 231 231
11.813468933105 10.298394203186 42.233997344971 229 229 229
11.483385086060 10.433455467224 42.110004425049 97 97 97
11.311915397644 10.830533027649 42.365001678467 183 183 183
11.311915397644 10.830533027649 42.326999664307 191 191 191
11.346529006958 10.803056716919 42.298000335693 127 127 127
11.793302536011 10.610633850098 42.358997344971 226 226 226
11.777779579163 10.608849525452 42.322002410889 237 237 237
11.793302536011 10.610633850098 42.286998748779 237 237 237
11.794195175171 10.602872848511 42.253002166748 231 231 231
11.794195175171 10.602872848511 42.217998504639 199 199 199
11.309947967529 11.121273040771 42.355998992920 207 207 207
11.309947967529 11.121273040771 42.314998626709 238 238 238
11.590786933899 11.004142761230 42.337001800537 252 252 252
11.773137092590 10.922873497009 42.340999603271 232 232 232
11.773137092590 10.922873497009 42.306003570557 232 232 232
11.755829811096 10.936612129211 42.267002105713 231 231 231
11.773137092590 10.922873497009 42.233997344971 229 229 229
11.322611808777 11.421560287476 42.378002166748 60 60 60
11.355442047119 11.409605979919 42.347003936768 213 213 213
11.355442047119 11.409605979919 42.307003021240 240 240 240
11.721924781799 11.231544494629 42.356998443604 229 229 229
11.721924781799 11.231544494629 42.322002410889 229 229 229
11.721924781799 11.231544494629 42.286998748779 225 225 225
11.721924781799 11.231544494629 42.249004364014 229 229 229
11.737447738647 11.233328819275 42.215999603271 160 160 160
11.385413169861 11.696152687073 42.375003814697 175 175 175
11.385413169861 11.696152687073 42.337001800537 223 223 223
11.632530212402 11.598737716675 42.354999542236 239 239 239
11.700866699219 11.551546096802 42.337001800537 230 230 230
11.700866699219 11.551546096802 42.300998687744 226 226 226
11.700866699219 11.551546096802 42.266002655029 226 226 226
11.700866699219 11.551546096802 42.229999542236 215 215 215
11.399861335754 11.980916976929 42.369998931885 189 189 189
11.399861335754 11.980916976929 42.334003448486 228 228 228
11.664285659790 11.869762420654 42.355998992920 229 229 229
11.680700302124 11.863785743713 42.322002410889 218 218 218
11.664285659790 11.869762420654 42.284000396729 216 216 216
11.664285659790 11.869762420654 42.249004364014 228 228 228
11.680700302124 11.863785743713 42.215000152588 98 98 98
11.443570137024 12.284770965576 42.366001129150 204 204 204
11.593981742859 12.207695007324 42.364002227783 223 223 223
11.643227577209 12.189764022827 42.338001251221 232 232 232
11.657857894897 12.199309349060 42.302997589111 233 233 233
11.626811981201 12.195740699768 42.265003204346 233 233 233
11.643227577209 12.189764022827 42.230998992920 207 207 207
11.472648620605 12.579080581665 42.358997344971 211 211 211
11.606645584106 12.507980346680 42.355998992920 231 231 231
11.606645584106 12.507980346680 42.322002410889 231 231 231
11.606645584106 12.507980346680 42.285999298096 231 231 231
11.606645584106 12.507980346680 42.249004364014 230 230 230
11.502620697021 12.865628242493 42.389003753662 65 65 65
11.587371826172 12.812458992004 42.375003814697 201 201 201
11.587371826172 12.812458992004 42.340000152588 220 220 220
11.587371826172 12.812458992004 42.302997589111 226 226 226
11.587371826172 12.812458992004 42.268001556396 222 222 222
11.603786468506 12.806482315063 42.233997344971 177 177 177
11.400378227234 13.207752227783 42.538997650146 78 78 78
11.433208465576 13.195798873901 42.506000518799 172 172 172
11.416793823242 13.201775550842 42.467998504639 181 181 181
11.433208465576 13.195798873901 42.433002471924 177 177 177
11.433208465576 13.195798873901 42.395999908447 144 144 144
11.500653266907 13.156368255615 42.378002166748 173 173 173
11.582728385925 13.126482963562 42.360004425049 227 227 227
11.582728385925 13.126482963562 42.324001312256 230 230 230
11.581835746765 13.134244918823 42.286998748779 232 232 232
11.582728385925 13.126482963562 42.252002716064 222 222 222
12.100400924683 8.349662780762 42.144001007080 32 32 32
12.100400924683 8.349662780762 42.178997039795 165 165 165
12.130554199219 8.360992431641 42.211002349854 166 166 166
12.130554199219 8.360992431641 42.242000579834 168 168 168
12.130554199219 8.360992431641 42.271999359131 169 169 169
12.100400924683 8.349662780762 42.300998687744 171 171 171
12.100400924683 8.349662780762 42.331996917725 172 172 172
12.130554199219 8.360992431641 42.365001678467 167 167 167
12.100400924683 8.349662780762 42.391002655029 116 116 116
12.111280441284 8.665471076965 42.170001983643 136 136 136
12.111280441284 8.665471076965 42.201999664307 159 159 159
12.111280441284 8.665471076965 42.230998992920 164 164 164
12.111280441284 8.665471076965 42.260997772217 162 162 162
12.111280441284 8.665471076965 42.293003082275 162 162 162
12.109496116638 8.680994987488 42.321002960205 163 163 163
12.109496116638 8.680994987488 42.351001739502 163 163 163
12.109496116638 8.680994987488 42.381999969482 156 156 156
11.116039276123 8.566789627075 42.222003936768 157 157 157
11.130668640137 8.576334953308 42.260997772217 162 162 162
11.130668640137 8.576334953308 42.296001434326 172 172 172
11.116039276123 8.566789627075 42.331996917725 168 168 168
11.098731994629 8.580528259277 42.360004425049 160 160 160
11.778874397278 8.957545280457 41.882999420166 176 176 176
11.778874397278 8.957545280457 41.916004180908 172 172 172
11.778874397278 8.957545280457 41.950000762939 175 175 175
11.778874397278 8.957545280457 41.981998443604 177 177 177
11.793505668640 8.967090606689 42.016002655029 175 175 175
11.793505668640 8.967090606689 42.048000335693 172 172 172
11.778874397278 8.957545280457 42.078998565674 170 170 170
11.778874397278 8.957545280457 42.113002777100 176 176 176
11.872011184692 8.968252182007 42.170001983643 167 167 167
11.949625015259 8.977173805237 42.215000152588 149 149 149
11.934102058411 8.975389480591 42.244998931885 152 152 152
11.949625015259 8.977173805237 42.277004241943 159 159 159
11.949625015259 8.977173805237 42.309001922607 155 155 155
11.949625015259 8.977173805237 42.339000701904 150 150 150
11.855596542358 8.974228858948 42.354999542236 168 168 168
11.777090072632 8.973068237305 42.368999481201 173 173 173
11.777090072632 8.973068237305 42.398998260498 165 165 165
11.652907371521 8.958792686462 42.412998199463 97 97 97
11.404542922974 8.930241584778 42.402004241943 83 83 83
11.773338317871 9.279330253601 41.743000030518 159 159 159
11.741400718689 9.283523559570 41.769001007080 158 158 158
11.787968635559 9.288876533508 41.909999847412 158 158 158
11.912151336670 9.303153038025 42.043003082275 188 188 188
11.959611892700 9.300744056702 42.083003997803 192 192 192
11.912151336670 9.303153038025 42.104000091553 192 192 192
11.974242210388 9.310290336609 42.147998809814 195 195 195
11.865582466125 9.297799110413 42.155002593994 187 187 187
11.881105422974 9.299583435059 42.189998626709 172 172 172
11.896628379822 9.301367759705 42.228000640869 184 184 184
11.911259651184 9.310914039612 42.259998321533 184 184 184
11.911259651184 9.310914039612 42.291004180908 186 186 186
11.896628379822 9.301367759705 42.322002410889 183 183 183
11.896628379822 9.301367759705 42.352001190186 180 180 180
11.787968635559 9.288876533508 42.360004425049 175 175 175
11.772445678711 9.287092208862 42.389003753662 173 173 173
11.725877761841 9.281739234924 42.413997650146 125 125 125
11.507667541504 9.264517784119 42.408000946045 110 110 110
11.891984939575 9.615392684937 42.214000701904 167 167 167
11.891984939575 9.615392684937 42.244998931885 181 181 181
11.891984939575 9.615392684937 42.274997711182 185 185 185
11.891984939575 9.615392684937 42.307003021240 178 178 178
11.891984939575 9.615392684937 42.339000701904 174 174 174
11.891984939575 9.615392684937 42.369998931885 171 171 171
11.269289970398 9.559536933899 42.284999847412 175 175 175
11.269289970398 9.559536933899 42.316997528076 172 172 172
11.269289970398 9.559536933899 42.351001739502 171 171 171
11.856295585632 9.925848007202 42.229999542236 226 226 226
11.856295585632 9.925848007202 42.259998321533 228 228 228
11.856295585632 9.925848007202 42.292003631592 228 228 228
11.838989257813 9.939585685730 42.322002410889 234 234 234
11.838989257813 9.939585685730 42.353000640869 230 230 230
11.279277801514 9.883107185364 42.274997711182 218 218 218
11.262862205505 9.889084815979 42.307003021240 224 224 224
11.279277801514 9.883107185364 42.341999053955 205 205 205
11.848976135254 10.263155937195 42.217998504639 182 182 182
11.834344863892 10.253610610962 42.246997833252 229 229 229
11.834344863892 10.253610610962 42.279003143311 228 228 228
11.817930221558 10.259587287903 42.306003570557 238 238 238
11.834344863892 10.253610610962 42.339000701904 231 231 231
11.755839347839 10.252449035645 42.354000091553 0 0 0
11.273740768433 10.204893112183 42.298000335693 212 212 212
11.273740768433 10.204893112183 42.330997467041 222 222 222
11.273740768433 10.204893112183 42.365001678467 156 156 156
11.812395095825 10.581373214722 42.232997894287 227 227 227
11.813286781311 10.573611259460 42.260997772217 230 230 230
11.812395095825 10.581373214722 42.294002532959 226 226 226
11.812395095825 10.581373214722 42.325000762939 228 228 228
11.813286781311 10.573611259460 42.354999542236 230 230 230
11.331189155579 10.526055335999 42.295001983643 226 226 226
11.300143241882 10.522486686707 42.323001861572 225 225 225
11.298358917236 10.538008689880 42.355998992920 189 189 189
11.791336059570 10.901373863220 42.216999053955 149 149 149
11.791336059570 10.901373863220 42.247997283936 227 227 227
11.791336059570 10.901373863220 42.279003143311 219 219 219
11.776705741882 10.891828536987 42.308002471924 226 226 226
11.791336059570 10.901373863220 42.340000152588 228 228 228
11.774921417236 10.907351493835 42.368000030518 223 223 223
11.341175079346 10.849624633789 42.315998077393 181 181 181
11.340283393860 10.857386589050 42.349002838135 200 200 200
11.293715476990 10.852033615112 42.376003265381 73 73 73
11.754755020142 11.219591140747 42.230998992920 219 219 219
11.754755020142 11.219591140747 42.261997222900 227 227 227
11.770277976990 11.221375465393 42.295001983643 222 222 222
11.754755020142 11.219591140747 42.323001861572 225 225 225
11.754755020142 11.219591140747 42.352001190186 234 234 234
11.413253784180 11.180333137512 42.320003509521 228 228 228
11.365794181824 11.182741165161 42.340999603271 207 207 207
11.334748268127 11.179171562195 42.371997833252 152 152 152
11.719066619873 11.530046463013 42.212001800537 93 93 93
11.719066619873 11.530046463013 42.243999481201 225 225 225
11.719066619873 11.530046463013 42.275997161865 227 227 227
11.733696937561 11.539591789246 42.309001922607 223 223 223
11.719066619873 11.530046463013 42.337001800537 229 229 229
11.702651023865 11.536023139954 42.364002227783 222 222 222
11.376672744751 11.498549461365 42.335002899170 216 216 216
11.376672744751 11.498549461365 42.366001129150 193 193 193
11.697115898132 11.857809066772 42.228000640869 194 194 194
11.697115898132 11.857809066772 42.259998321533 221 221 221
11.712637901306 11.859593391418 42.292003631592 215 215 215
11.697115898132 11.857809066772 42.322002410889 217 217 217
11.697115898132 11.857809066772 42.351001739502 227 227 227
11.509949684143 11.844157218933 42.346004486084 226 226 226
11.417705535889 11.825689315796 42.361003875732 199 199 199
11.659642219543 12.183786392212 42.243000030518 225 225 225
11.675164222717 12.185570716858 42.275997161865 224 224 224
11.675164222717 12.185570716858 42.306003570557 227 227 227
11.659642219543 12.183786392212 42.335002899170 230 230 230
11.659642219543 12.183786392212 42.364002227783 226 226 226
11.443215370178 12.151042938232 42.355998992920 199 199 199
11.426800727844 12.157019615173 42.383998870850 42 42 42
11.639474868774 12.496026992798 42.226001739502 115 115 115
11.623952865601 12.494242668152 42.256000518799 231 231 231
11.623952865601 12.494242668152 42.285999298096 229 229 229
11.639474868774 12.496026992798 42.317996978760 232 232 232
11.639474868774 12.496026992798 42.349002838135 234 234 234
11.577384948730 12.488889694214 42.369998931885 200 200 200
11.484247207642 12.478182792664 42.379001617432 147 147 147
11.619309425354 12.808266639709 42.242000579834 207 207 207
11.603786468506 12.806482315063 42.272998809814 225 225 225
11.619309425354 12.808266639709 42.303997039795 218 218 218
11.619309425354 12.808266639709 42.334003448486 227 227 227
11.619309425354 12.808266639709 42.366001129150 221 221 221
11.541695594788 12.799345016479 42.381000518799 164 164 164
11.582728385925 13.126482963562 42.225002288818 65 65 65
11.612881660461 13.137814521790 42.258998870850 221 221 221
11.597358703613 13.136029243469 42.288997650146 226 226 226
11.597358703613 13.136029243469 42.320003509521 224 224 224
11.612881660461 13.137814521790 42.351001739502 223 223 223
11.597358703613 13.136029243469 42.378002166748 191 191 191
11.473176956177 13.121754646301 42.388004302979 144 144 144
11.426608085632 13.116400718689 42.410999298096 175 175 175
11.426608085632 13.116400718689 42.441997528076 180 180 180
11.442131042480 13.118185043335 42.474002838135 175 175 175
11.425716400146 13.124161720276 42.503002166748 180 180 180
11.426608085632 13.116400718689 42.534999847412 173 173 173
