23.127925872803 18.033794403076 3.261001586914 9 9 9
23.131980895996 18.027114868164 3.308990478516 95 95 95
23.131980895996 18.027114868164 3.356994628906 112 112 112
23.127925872803 18.033794403076 3.404998779297 105 105 105
23.127925872803 18.033794403076 3.453002929688 98 98 98
23.123872756958 18.040470123291 3.501998901367 65 65 65
23.054748535156 18.455471038818 2.895996093750 88 88 88
23.064052581787 18.470256805420 2.944992065430 96 96 96
22.989627838135 18.351966857910 2.994003295898 160 160 160
22.980323791504 18.337181091309 3.042999267578 178 178 178
22.980323791504 18.337181091309 3.091003417969 176 176 176
23.002985000610 18.360076904297 3.138992309570 154 154 154
22.980323791504 18.337181091309 3.186996459961 154 154 154
23.002985000610 18.360076904297 3.235992431641 132 132 132
22.951221466064 18.264678955078 3.280990600586 171 171 171
23.050695419312 18.462150573730 3.336990356445 164 164 164
23.068107604980 18.463577270508 3.386001586914 164 164 164
23.026840209961 18.411109924316 3.432998657227 129 129 129
23.101264953613 18.529399871826 3.488998413086 100 100 100
23.093158721924 18.542758941650 3.539993286133 89 89 89
23.097211837769 18.536079406738 3.589004516602 38 38 38
22.880849838257 18.139713287354 3.936004638672 95 95 95
22.872741699219 18.153068542480 3.985000610352 160 160 160
22.899456024170 18.169284820557 4.033996582031 132 132 132
22.876796722412 18.146392822266 4.078994750977 158 158 158
22.872741699219 18.153068542480 4.127990722656 138 138 138
22.868688583374 18.159748077393 4.177001953125 80 80 80
22.858188629150 18.116821289063 4.220001220703 126 126 126
22.880849838257 18.139713287354 4.268997192383 144 144 144
22.858188629150 18.116821289063 4.315002441406 135 135 135
22.858188629150 18.116821289063 4.362991333008 125 125 125
22.858188629150 18.116821289063 4.412002563477 108 108 108
23.022787094116 18.417789459229 4.720993041992 59 59 59
22.923309326172 18.220321655273 4.722991943359 113 113 113
22.754714965820 18.437850952148 1.085998535156 203 203 203
22.759963989258 18.459316253662 1.130996704102 224 224 224
22.764017105103 18.452636718750 1.184997558594 231 231 231
22.713447570801 18.385383605957 1.686996459961 81 81 81
22.717500686646 18.378707885742 1.736999511719 80 80 80
22.717500686646 18.378707885742 1.783996582031 82 82 82
22.717500686646 18.378707885742 1.832000732422 72 72 72
22.717500686646 18.378707885742 1.880996704102 64 64 64
22.713447570801 18.385383605957 1.927001953125 66 66 66
22.717500686646 18.378707885742 2.022994995117 60 60 60
22.717500686646 18.378707885742 2.069992065430 67 67 67
22.713447570801 18.385383605957 2.164993286133 54 54 54
22.717500686646 18.378707885742 2.212997436523 56 56 56
22.713447570801 18.385383605957 2.259002685547 50 50 50
22.717500686646 18.378707885742 2.306991577148 49 49 49
22.713447570801 18.385383605957 2.352996826172 54 54 54
22.713447570801 18.385383605957 2.401000976563 46 46 46
22.717500686646 18.378707885742 2.447998046875 46 46 46
22.713447570801 18.385383605957 2.494995117188 45 45 45
22.717500686646 18.378707885742 2.542999267578 41 41 41
22.709392547607 18.392066955566 2.587997436523 36 36 36
22.713447570801 18.385383605957 2.636001586914 35 35 35
22.713447570801 18.385383605957 2.682998657227 28 28 28
22.717500686646 18.378707885742 2.729995727539 22 22 22
22.717500686646 18.378707885742 2.776992797852 21 21 21
22.709392547607 18.392066955566 2.822998046875 17 17 17
22.713447570801 18.385383605957 2.869995117188 17 17 17
22.717500686646 18.378707885742 2.916992187500 13 13 13
22.709392547607 18.392066955566 2.964004516602 9 9 9
22.709392547607 18.392066955566 3.011001586914 14 14 14
22.855384826660 18.663463592529 3.888000488281 115 115 115
22.859437942505 18.656784057617 3.936004638672 116 116 116
22.855384826660 18.663463592529 3.985992431641 128 128 128
22.859437942505 18.656784057617 4.033996582031 121 121 121
22.832723617554 18.640571594238 4.082992553711 121 121 121
22.855384826660 18.663463592529 4.233993530273 83 83 83
22.878044128418 18.686359405518 4.285995483398 110 110 110
22.851329803467 18.670143127441 4.334991455078 104 104 104
22.864688873291 18.678249359131 4.386001586914 107 107 107
22.878044128418 18.686359405518 4.436996459961 106 106 106
22.883293151855 18.707820892334 4.492996215820 27 27 27
22.696035385132 18.383956909180 4.571990966797 28 28 28
22.681484222412 18.347705841064 4.612991333008 89 89 89
22.728000640869 18.421634674072 4.677993774414 98 98 98
22.785013198853 18.538497924805 4.755004882813 150 150 150
22.629720687866 18.252311706543 4.735992431641 111 111 111
22.662878036499 18.318134307861 4.800003051758 49 49 49
22.709392547607 18.392066955566 1.973999023438 49 49 49
22.732053756714 18.414958953857 2.112991333008 48 48 48
22.836465835571 17.911712646484 4.569992065430 138 138 138
22.836465835571 17.911712646484 4.522994995117 247 247 247
22.875339508057 17.907890319824 4.479003906250 4 4 4
22.836465835571 17.911712646484 4.427993774414 246 246 246
22.836465835571 17.911712646484 4.380004882813 222 222 222
22.836465835571 17.911712646484 4.332000732422 238 238 238
22.857929229736 17.906463623047 4.000991821289 240 240 240
22.857929229736 17.906463623047 3.953994750977 231 231 231
22.875339508057 17.907890319824 3.908004760742 250 250 250
22.892749786377 17.909320831299 3.861999511719 33 33 33
22.892749786377 17.909320831299 3.815002441406 30 30 30
22.857929229736 17.906463623047 3.765991210938 190 190 190
22.760169982910 18.157852172852 4.710998535156 8 8 8
22.868688583374 18.159748077393 4.436996459961 56 56 56
22.837921142578 18.150211334229 4.388000488281 254 254 254
22.859384536743 18.144962310791 4.341003417969 8 8 8
22.837921142578 18.150211334229 4.291000366211 254 254 254
22.859384536743 18.144962310791 4.242996215820 17 17 17
22.837921142578 18.150211334229 4.192993164063 250 250 250
22.868688583374 18.159748077393 4.145996093750 228 228 228
22.837921142578 18.150211334229 4.097000122070 221 221 221
22.837921142578 18.150211334229 4.048995971680 239 239 239
22.859384536743 18.144962310791 4.001998901367 228 228 228
22.868688583374 18.159748077393 3.953002929688 246 246 246
22.837921142578 18.150211334229 3.903991699219 165 165 165
23.128654479980 18.153045654297 3.585998535156 38 38 38
23.103134155273 18.164970397949 3.535003662109 177 177 177
23.103134155273 18.164970397949 3.485992431641 159 159 159
23.016082763672 18.157825469971 3.432998657227 188 188 188
22.998670578003 18.156394958496 3.384002685547 195 195 195
22.981260299683 18.154968261719 3.334991455078 198 198 198
23.016082763672 18.157825469971 3.287994384766 174 174 174
23.085723876953 18.163543701172 3.240997314453 150 150 150
23.103134155273 18.164970397949 3.192001342773 145 145 145
23.103134155273 18.164970397949 3.142990112305 174 174 174
23.103134155273 18.164970397949 3.093994140625 177 177 177
23.085723876953 18.163543701172 3.044998168945 122 122 122
22.649055480957 18.401134490967 4.796997070313 107 107 107
22.610177993774 18.404953002930 4.735000610352 121 121 121
22.718696594238 18.406852722168 4.710998535156 119 119 119
22.683874130249 18.403991699219 4.652999877930 105 105 105
22.683874130249 18.403991699219 4.604995727539 118 118 118
22.761627197266 18.396350860596 4.572998046875 116 116 116
22.718696594238 18.406852722168 4.513992309570 137 137 137
22.687927246094 18.397312164307 4.461990356445 140 140 140
22.722749710083 18.400173187256 4.416000366211 146 146 146
22.718696594238 18.406852722168 4.365997314453 146 146 146
22.718696594238 18.406852722168 4.317001342773 152 152 152
22.722749710083 18.400173187256 4.270996093750 157 157 157
22.718696594238 18.406852722168 4.220001220703 156 156 156
22.722749710083 18.400173187256 4.173004150391 154 154 154
22.722749710083 18.400173187256 4.123992919922 157 157 157
22.722749710083 18.400173187256 4.074996948242 158 158 158
22.718696594238 18.406852722168 4.026000976563 160 160 160
22.718696594238 18.406852722168 3.977996826172 157 157 157
22.718696594238 18.406852722168 3.929992675781 156 156 156
22.722749710083 18.400173187256 3.882995605469 160 160 160
22.718696594238 18.406852722168 3.833999633789 161 161 161
22.718696594238 18.406852722168 3.785995483398 157 157 157
22.722749710083 18.400173187256 3.737991333008 158 158 158
22.718696594238 18.406852722168 3.690002441406 165 165 165
22.718696594238 18.406852722168 3.641998291016 166 166 166
22.718696594238 18.406852722168 3.593994140625 167 167 167
22.718696594238 18.406852722168 3.546997070313 164 164 164
22.718696594238 18.406852722168 3.498992919922 166 166 166
22.722749710083 18.400173187256 3.451004028320 171 171 171
22.722749710083 18.400173187256 3.403991699219 173 173 173
22.722749710083 18.400173187256 3.356002807617 170 170 170
22.718696594238 18.406852722168 3.307998657227 176 176 176
22.718696594238 18.406852722168 3.259994506836 176 176 176
22.718696594238 18.406852722168 3.211990356445 180 180 180
22.718696594238 18.406852722168 3.164993286133 192 192 192
22.718696594238 18.406852722168 3.117004394531 212 212 212
22.718696594238 18.406852722168 3.069992065430 202 202 202
22.718696594238 18.406852722168 3.022003173828 195 195 195
22.718696594238 18.406852722168 2.973999023438 187 187 187
22.722749710083 18.400173187256 2.925994873047 188 188 188
22.722749710083 18.400173187256 2.878997802734 184 184 184
22.722749710083 18.400173187256 2.830993652344 183 183 183
22.718696594238 18.406852722168 2.783004760742 178 178 178
22.718696594238 18.406852722168 2.735992431641 174 174 174
22.722749710083 18.400173187256 2.688003540039 178 178 178
22.722749710083 18.400173187256 2.639999389648 172 172 172
22.722749710083 18.400173187256 2.591995239258 173 173 173
22.718696594238 18.406852722168 2.544998168945 173 173 173
22.722749710083 18.400173187256 2.496002197266 172 172 172
22.718696594238 18.406852722168 2.449005126953 170 170 170
22.718696594238 18.406852722168 2.399993896484 171 171 171
22.718696594238 18.406852722168 2.352996826172 170 170 170
22.722749710083 18.400173187256 2.304000854492 164 164 164
22.718696594238 18.406852722168 2.257003784180 161 161 161
22.718696594238 18.406852722168 2.207992553711 161 161 161
22.718696594238 18.406852722168 2.160003662109 158 158 158
22.718696594238 18.406852722168 2.111999511719 156 156 156
22.718696594238 18.406852722168 2.063003540039 155 155 155
22.722749710083 18.400173187256 2.013992309570 156 156 156
22.722749710083 18.400173187256 1.964996337891 152 152 152
22.718696594238 18.406852722168 1.917999267578 153 153 153
22.718696594238 18.406852722168 1.869995117188 152 152 152
22.718696594238 18.406852722168 1.819992065430 154 154 154
22.722749710083 18.400173187256 1.770996093750 158 158 158
22.722749710083 18.400173187256 1.375000000000 154 154 154
22.722749710083 18.400173187256 1.326004028320 149 149 149
22.722749710083 18.400173187256 1.274993896484 149 149 149
22.722749710083 18.400173187256 1.225997924805 143 143 143
22.722749710083 18.400173187256 1.173995971680 141 141 141
22.722749710083 18.400173187256 1.123001098633 137 137 137
22.714641571045 18.413528442383 1.076995849609 139 139 139
22.837974548340 18.662033081055 4.432998657227 240 240 240
22.837974548340 18.662033081055 4.382995605469 233 233 233
22.837974548340 18.662033081055 4.332992553711 241 241 241
22.837974548340 18.662033081055 4.281997680664 238 238 238
22.837974548340 18.662033081055 4.231994628906 241 241 241
22.855384826660 18.663463592529 4.132995605469 29 29 29
22.855384826660 18.663463592529 4.082992553711 7 7 7
22.837974548340 18.662033081055 4.031997680664 13 13 13
22.855384826660 18.663463592529 3.983001708984 16 16 16
22.855384826660 18.663463592529 3.933990478516 43 43 43
22.855384826660 18.663463592529 3.882995605469 7 7 7
23.076473236084 18.660579681396 3.548995971680 86 86 86
23.076473236084 18.660579681396 3.496994018555 174 174 174
23.072420120239 18.667259216309 3.445999145508 161 161 161
23.072420120239 18.667259216309 3.395004272461 155 155 155
23.072420120239 18.667259216309 3.345001220703 149 149 149
23.076473236084 18.660579681396 3.293991088867 158 158 158
23.072420120239 18.667259216309 3.242996215820 163 163 163
23.072420120239 18.667259216309 3.192993164063 122 122 122
23.068367004395 18.673934936523 3.141998291016 15 15 15
22.858036041260 18.930107116699 4.586990356445 47 47 47
22.823213577271 18.927246093750 4.531997680664 215 215 215
22.823213577271 18.927246093750 4.481002807617 244 244 244
22.823213577271 18.927246093750 4.429000854492 240 240 240
22.823213577271 18.927246093750 4.376998901367 225 225 225
22.823213577271 18.927246093750 3.970001220703 119 119 119
22.840625762939 18.928680419922 3.919998168945 27 27 27
22.823213577271 18.927246093750 3.867996215820 249 249 249
22.840625762939 18.928680419922 3.819000244141 28 28 28
22.823213577271 18.927246093750 3.766998291016 210 210 210
23.089050292969 18.037612915039 3.231994628906 102 102 102
23.119819641113 18.047149658203 3.274002075195 160 160 160
23.119819641113 18.047149658203 3.315994262695 163 163 163
23.119819641113 18.047149658203 3.358001708984 158 158 158
23.119819641113 18.047149658203 3.399993896484 159 159 159
23.119819641113 18.047149658203 3.442001342773 160 160 160
23.115764617920 18.053829193115 3.485000610352 142 142 142
23.133174896240 18.055259704590 3.527999877930 41 41 41
22.875339508057 17.907890319824 3.787002563477 167 167 167
22.875339508057 17.907890319824 3.828002929688 171 171 171
22.875339508057 17.907890319824 3.867996215820 170 170 170
22.875339508057 17.907890319824 3.908996582031 197 197 197
22.875339508057 17.907890319824 3.951004028320 197 197 197
22.875339508057 17.907890319824 3.992996215820 158 158 158
22.875339508057 17.907890319824 4.283996582031 74 74 74
22.857929229736 17.906463623047 4.324005126953 178 178 178
22.857929229736 17.906463623047 4.365997314453 191 191 191
22.848628997803 17.891674041748 4.406997680664 180 180 180
22.848628997803 17.891674041748 4.447998046875 174 174 174
22.857929229736 17.906463623047 4.492996215820 174 174 174
22.844573974609 17.898353576660 4.531997680664 97 97 97
23.072628021240 18.365791320801 2.875000000000 138 138 138
23.081930160522 18.380577087402 2.917999267578 170 170 170
23.015146255493 18.340042114258 2.959991455078 166 166 166
22.988431930542 18.323825836182 3.000991821289 196 196 196
22.957664489746 18.314289093018 3.042999267578 203 203 203
22.957664489746 18.314289093018 3.084991455078 198 198 198
23.001789093018 18.331932067871 3.127990722656 179 179 179
22.961719512939 18.307609558105 3.168991088867 168 168 168
22.952415466309 18.292823791504 3.208999633789 132 132 132
22.894933700562 18.267070770264 3.248001098633 127 127 127
22.898986816406 18.260391235352 3.289001464844 159 159 159
22.881578445435 18.258964538574 3.330001831055 164 164 164
22.948362350464 18.299503326416 3.377990722656 142 142 142
23.068574905396 18.372470855713 3.430999755859 121 121 121
23.068574905396 18.372470855713 3.473999023438 123 123 123
23.095287322998 18.388687133789 3.520004272461 133 133 133
23.108644485474 18.396793365479 3.563995361328 96 96 96
22.881578445435 18.258964538574 3.958999633789 77 77 77
22.864166259766 18.257534027100 4.000000000000 168 168 168
22.864166259766 18.257534027100 4.042999267578 163 163 163
22.864166259766 18.257534027100 4.083999633789 172 172 172
22.864166259766 18.257534027100 4.126998901367 176 176 176
22.850811004639 18.249427795410 4.166992187500 178 178 178
22.864166259766 18.257534027100 4.211990356445 176 176 176
22.864166259766 18.257534027100 4.255996704102 182 182 182
22.864166259766 18.257534027100 4.298004150391 173 173 173
22.850811004639 18.249427795410 4.337997436523 58 58 58
22.837451934814 18.241317749023 4.550994873047 43 43 43
22.779972076416 18.215564727783 4.583999633789 111 111 111
22.877525329590 18.265640258789 4.652999877930 128 128 128
22.984378814697 18.330505371094 4.727005004883 150 150 150
22.779972076416 18.215564727783 4.708999633789 126 126 126
22.770668029785 18.200782775879 4.746994018555 47 47 47
23.074810028076 18.723545074463 3.251998901367 82 82 82
23.074810028076 18.723545074463 3.295989990234 95 95 95
23.074810028076 18.723545074463 3.339996337891 110 110 110
23.074810028076 18.723545074463 3.384994506836 113 113 113
23.074810028076 18.723545074463 3.429000854492 111 111 111
23.074810028076 18.723545074463 3.472000122070 26 26 26
22.861099243164 18.593822479248 3.880004882813 86 86 86
22.843688964844 18.592391967773 3.919998168945 174 174 174
22.843688964844 18.592391967773 3.964004516602 173 173 173
22.843688964844 18.592391967773 4.009002685547 177 177 177
22.843688964844 18.592391967773 4.052001953125 178 178 178
22.843688964844 18.592391967773 4.095001220703 179 179 179
22.843688964844 18.592391967773 4.138992309570 78 78 78
22.861099243164 18.593822479248 4.183990478516 162 162 162
22.857048034668 18.600498199463 4.229003906250 155 155 155
22.861099243164 18.593822479248 4.272003173828 150 150 150
22.861099243164 18.593822479248 4.315994262695 152 152 152
22.861099243164 18.593822479248 4.360000610352 150 150 150
22.843688964844 18.592391967773 4.402999877930 108 108 108
22.803619384766 18.568069458008 4.701995849609 114 114 114
22.714176177979 18.504638671875 4.718002319336 108 108 108
22.840625762939 18.928680419922 3.753997802734 113 113 113
22.840625762939 18.928680419922 3.798004150391 163 163 163
22.840625762939 18.928680419922 3.841995239258 192 192 192
22.823213577271 18.927246093750 3.884994506836 189 189 189
22.823213577271 18.927246093750 3.929000854492 107 107 107
22.840625762939 18.928680419922 4.378997802734 162 162 162
22.858036041260 18.930107116699 4.425003051758 170 170 170
22.858036041260 18.930107116699 4.470993041992 143 143 143
22.840625762939 18.928680419922 4.514999389648 65 65 65
22.852787017822 18.908645629883 4.636001586914 19 19 19
22.822017669678 18.899105072021 4.580993652344 236 236 236
22.822017669678 18.899105072021 4.528991699219 240 240 240
22.822017669678 18.899105072021 4.477996826172 238 238 238
22.817964553833 18.905784606934 4.425003051758 233 233 233
22.822017669678 18.899105072021 4.373992919922 208 208 208
22.817964553833 18.905784606934 4.016998291016 139 139 139
22.822017669678 18.899105072021 3.966995239258 31 31 31
22.822017669678 18.899105072021 3.916000366211 6 6 6
22.826072692871 18.892429351807 3.865997314453 44 44 44
22.826072692871 18.892429351807 3.815002441406 44 44 44
22.817964553833 18.905784606934 3.763000488281 222 222 222
22.853721618652 18.726428985596 4.535995483398 30 30 30
22.818901062012 18.723571777344 4.479995727539 240 240 240
22.822952270508 18.716892242432 4.430999755859 229 229 229
22.822952270508 18.716892242432 4.378997802734 239 239 239
22.822952270508 18.716892242432 4.330001831055 238 238 238
22.822952270508 18.716892242432 4.277999877930 233 233 233
22.827007293701 18.710212707520 4.127990722656 111 111 111
22.827007293701 18.710212707520 4.078002929688 22 22 22
22.857776641846 18.719749450684 4.028991699219 25 25 25
22.827007293701 18.710212707520 3.977996826172 28 28 28
22.857776641846 18.719749450684 3.927993774414 43 43 43
22.827007293701 18.710212707520 3.876998901367 252 252 252
23.078865051270 18.716865539551 3.539993286133 84 84 84
23.078865051270 18.716865539551 3.488998413086 168 168 168
23.078865051270 18.716865539551 3.438003540039 176 176 176
23.082920074463 18.710186004639 3.388000488281 159 159 159
23.061454772949 18.715435028076 3.335998535156 159 159 159
23.078865051270 18.716865539551 3.285003662109 140 140 140
23.078865051270 18.716865539551 3.233993530273 19 19 19
22.732780456543 18.534210205078 4.763000488281 115 115 115
22.897584915161 18.533714294434 4.750000000000 106 106 106
22.837245941162 18.542785644531 4.382995605469 236 236 236
22.837245941162 18.542785644531 4.332000732422 235 235 235
22.827941894531 18.527999877930 4.283004760742 243 243 243
22.827941894531 18.527999877930 4.233993530273 238 238 238
22.827941894531 18.527999877930 4.181991577148 251 251 251
22.827941894531 18.527999877930 4.134002685547 9 9 9
22.858709335327 18.537536621094 4.085998535156 14 14 14
22.827941894531 18.527999877930 4.035003662109 21 21 21
22.827941894531 18.527999877930 3.983001708984 244 244 244
23.079799652100 18.534652709961 3.604995727539 96 96 96
23.079799652100 18.534652709961 3.554992675781 153 153 153
23.079799652100 18.534652709961 3.503997802734 146 146 146
22.975337982178 18.526073455811 3.449996948242 191 191 191
22.957925796509 18.524646759033 3.399993896484 200 200 200
22.957925796509 18.524646759033 3.349990844727 208 208 208
23.014209747314 18.522254943848 3.300994873047 194 194 194
23.079799652100 18.534652709961 3.252990722656 133 133 133
23.062389373779 18.533218383789 3.201995849609 186 186 186
23.062389373779 18.533218383789 3.151992797852 158 158 158
23.044979095459 18.531791687012 3.102005004883 180 180 180
23.044979095459 18.531791687012 3.052001953125 168 168 168
23.031621932983 18.523685455322 3.001998901367 170 170 170
23.044979095459 18.531791687012 2.951995849609 57 57 57
22.698896408081 18.349136352539 4.858001708984 77 77 77
22.611841201782 18.341987609863 4.789001464844 107 107 107
22.650716781616 18.338169097900 4.750991821289 134 134 134
22.681484222412 18.347705841064 4.707992553711 118 118 118
22.633304595947 18.336738586426 4.649993896484 119 119 119
22.664073944092 18.346275329590 4.606002807617 113 113 113
22.755180358887 18.346744537354 4.571990966797 163 163 163
22.702949523926 18.342456817627 4.514999389648 168 168 168
22.702949523926 18.342456817627 4.466003417969 165 165 165
22.702949523926 18.342456817627 4.416992187500 163 163 163
22.702949523926 18.342456817627 4.367996215820 163 163 163
22.702949523926 18.342456817627 4.319992065430 167 167 167
22.702949523926 18.342456817627 4.272003173828 164 164 164
22.720359802246 18.343887329102 4.223999023438 165 165 165
22.720359802246 18.343887329102 4.175994873047 164 164 164
22.720359802246 18.343887329102 4.127990722656 163 163 163
22.702949523926 18.342456817627 4.076995849609 163 163 163
22.720359802246 18.343887329102 4.030990600586 166 166 166
22.702949523926 18.342456817627 3.983001708984 162 162 162
22.724412918091 18.337207794189 3.934997558594 163 163 163
22.702949523926 18.342456817627 3.886001586914 164 164 164
22.724412918091 18.337207794189 3.839004516602 163 163 163
22.724412918091 18.337207794189 3.791992187500 160 160 160
22.724412918091 18.337207794189 3.744003295898 159 159 159
22.724412918091 18.337207794189 3.695999145508 159 159 159
22.707004547119 18.335777282715 3.647994995117 160 160 160
22.724412918091 18.337207794189 3.600997924805 163 163 163
22.724412918091 18.337207794189 3.552993774414 163 163 163
22.724412918091 18.337207794189 3.505004882813 163 163 163
22.724412918091 18.337207794189 3.457992553711 166 166 166
22.741825103760 18.338638305664 3.410995483398 171 171 171
22.724412918091 18.337207794189 3.362991333008 158 158 158
22.724412918091 18.337207794189 3.315002441406 163 163 163
22.724412918091 18.337207794189 3.267990112305 165 165 165
22.732521057129 18.323852539063 3.220001220703 178 178 178
22.763288497925 18.333389282227 3.173004150391 192 192 192
22.763288497925 18.333389282227 3.125000000000 228 228 228
22.763288497925 18.333389282227 3.078002929688 215 215 215
22.763288497925 18.333389282227 3.029998779297 205 205 205
22.763288497925 18.333389282227 2.981994628906 193 193 193
22.763288497925 18.333389282227 2.933990478516 190 190 190
22.732521057129 18.323852539063 2.886993408203 177 177 177
22.763288497925 18.333389282227 2.839004516602 170 170 170
22.732521057129 18.323852539063 2.791992187500 166 166 166
22.732521057129 18.323852539063 2.744003295898 166 166 166
22.732521057129 18.323852539063 2.696990966797 162 162 162
22.732521057129 18.323852539063 2.649002075195 162 162 162
22.732521057129 18.323852539063 2.600997924805 152 152 152
22.732521057129 18.323852539063 2.554000854492 150 150 150
22.732521057129 18.323852539063 2.505004882813 148 148 148
22.728466033936 18.330528259277 2.457992553711 144 144 144
22.728466033936 18.330528259277 2.410995483398 141 141 141
22.728466033936 18.330528259277 2.362991333008 131 131 131
22.715110778809 18.322422027588 2.315002441406 129 129 129
22.715110778809 18.322422027588 2.266998291016 130 130 130
22.715110778809 18.322422027588 2.218994140625 126 126 126
22.732521057129 18.323852539063 2.169998168945 133 133 133
22.715110778809 18.322422027588 2.123001098633 130 130 130
22.715110778809 18.322422027588 2.074996948242 120 120 120
22.715110778809 18.322422027588 2.026992797852 120 120 120
22.715110778809 18.322422027588 1.977996826172 120 120 120
22.715110778809 18.322422027588 1.929000854492 121 121 121
22.715110778809 18.322422027588 1.880004882813 115 115 115
22.715110778809 18.322422027588 1.832000732422 111 111 111
22.732521057129 18.323852539063 1.781997680664 107 107 107
22.788806915283 18.321460723877 1.373992919922 201 201 201
22.788806915283 18.321460723877 1.326004028320 190 190 190
22.788806915283 18.321460723877 1.274002075195 183 183 183
22.792861938477 18.314781188965 1.222991943359 189 189 189
22.810272216797 18.316211700439 1.168991088867 200 200 200
22.792861938477 18.314781188965 1.123001098633 177 177 177
22.777580261230 18.159278869629 4.727996826172 20 20 20
22.833866119385 18.156890869141 4.444992065430 217 217 217
22.841974258423 18.143531799316 4.399002075195 6 6 6
22.859384536743 18.144962310791 4.352005004883 16 16 16
22.833866119385 18.156890869141 4.298995971680 242 242 242
22.859384536743 18.144962310791 4.255004882813 19 19 19
22.824565887451 18.142105102539 4.203002929688 204 204 204
22.824565887451 18.142105102539 4.154998779297 239 239 239
22.841974258423 18.143531799316 4.108001708984 210 210 210
22.841974258423 18.143531799316 4.059997558594 250 250 250
22.841974258423 18.143531799316 4.011001586914 221 221 221
22.841974258423 18.143531799316 3.964004516602 253 253 253
22.841974258423 18.143531799316 3.914993286133 78 78 78
23.089778900146 18.156864166260 3.593994140625 116 116 116
23.089778900146 18.156864166260 3.544998168945 178 178 178
23.089778900146 18.156864166260 3.494995117188 153 153 153
23.024188995361 18.144470214844 3.442993164063 192 192 192
22.971956253052 18.140178680420 3.392990112305 182 182 182
22.985313415527 18.148288726807 3.345993041992 181 181 181
23.059011459351 18.147327423096 3.298995971680 156 156 156
23.089778900146 18.156864166260 3.250000000000 170 170 170
23.063064575195 18.140647888184 3.201004028320 156 156 156
23.063064575195 18.140647888184 3.151992797852 163 163 163
23.089778900146 18.156864166260 3.102996826172 121 121 121
22.829551696777 17.953208923340 4.550003051758 237 237 237
22.829551696777 17.953208923340 4.501998901367 251 251 251
22.846961975098 17.954639434814 4.455001831055 1 1 1
22.829551696777 17.953208923340 4.405990600586 216 216 216
22.829551696777 17.953208923340 4.356994628906 242 242 242
22.829551696777 17.953208923340 4.309997558594 164 164 164
22.868427276611 17.949390411377 4.074996948242 153 153 153
22.851016998291 17.947959899902 4.024993896484 247 247 247
22.851016998291 17.947959899902 3.977005004883 223 223 223
22.868427276611 17.949390411377 3.931991577148 18 18 18
22.868427276611 17.949390411377 3.884994506836 36 36 36
22.868427276611 17.949390411377 3.835998535156 254 254 254
22.834541320801 17.764316558838 4.507003784180 186 186 186
22.834541320801 17.764316558838 4.459991455078 237 237 237
22.869363784790 17.767173767090 4.417999267578 60 60 60
22.856006622314 17.759067535400 3.942993164063 245 245 245
22.856006622314 17.759067535400 3.895996093750 222 222 222
22.856006622314 17.759067535400 3.849990844727 65 65 65
22.806999206543 18.953964233398 3.813995361328 105 105 105
22.806999206543 18.953964233398 3.858993530273 172 172 172
22.824409484863 18.955390930176 3.902999877930 179 179 179
22.811052322388 18.947284698486 3.945999145508 85 85 85
22.824409484863 18.955390930176 4.397003173828 132 132 132
22.837766647339 18.963500976563 4.442993164063 162 162 162
22.824409484863 18.955390930176 4.486999511719 128 128 128
22.817703247070 18.695426940918 3.865997314453 163 163 163
22.835115432739 18.696853637695 3.910003662109 173 173 173
22.817703247070 18.695426940918 3.951995849609 170 170 170
22.817703247070 18.695426940918 3.996994018555 177 177 177
22.817703247070 18.695426940918 4.039993286133 177 177 177
22.817703247070 18.695426940918 4.083999633789 147 147 147
22.835115432739 18.696853637695 4.261993408203 161 161 161
22.848472595215 18.704963684082 4.307998657227 155 155 155
22.835115432739 18.696853637695 4.349990844727 150 150 150
22.835115432739 18.696853637695 4.395004272461 151 151 151
22.848472595215 18.704963684082 4.440994262695 148 148 148
22.835115432739 18.696853637695 4.485000610352 97 97 97
22.704143524170 18.370601654053 1.789993286133 168 168 168
22.704143524170 18.370601654053 1.830993652344 180 180 180
22.704143524170 18.370601654053 1.873001098633 183 183 183
22.704143524170 18.370601654053 1.914001464844 183 183 183
22.704143524170 18.370601654053 1.955993652344 181 181 181
22.704143524170 18.370601654053 1.996994018555 174 174 174
22.704143524170 18.370601654053 2.039001464844 176 176 176
22.704143524170 18.370601654053 2.080001831055 176 176 176
22.704143524170 18.370601654053 2.121994018555 176 176 176
22.704143524170 18.370601654053 2.162994384766 179 179 179
22.704143524170 18.370601654053 2.203994750977 178 178 178
22.704143524170 18.370601654053 2.244995117188 183 183 183
22.704143524170 18.370601654053 2.287002563477 182 182 182
22.704143524170 18.370601654053 2.328002929688 186 186 186
22.677431106567 18.354385375977 2.369995117188 188 188 188
22.704143524170 18.370601654053 2.410003662109 192 192 192
22.704143524170 18.370601654053 2.451004028320 198 198 198
22.677431106567 18.354385375977 2.492004394531 199 199 199
22.704143524170 18.370601654053 2.533004760742 201 201 201
22.704143524170 18.370601654053 2.574005126953 199 199 199
22.694843292236 18.355812072754 2.614990234375 199 199 199
22.677431106567 18.354385375977 2.655990600586 207 207 207
22.677431106567 18.354385375977 2.696990966797 212 212 212
22.694843292236 18.355812072754 2.737991333008 214 214 214
22.694843292236 18.355812072754 2.778991699219 227 227 227
22.704143524170 18.370601654053 2.819000244141 234 234 234
22.694843292236 18.355812072754 2.860000610352 28 28 28
22.677431106567 18.354385375977 2.901000976563 234 234 234
22.677431106567 18.354385375977 2.942001342773 221 221 221
22.677431106567 18.354385375977 2.983001708984 212 212 212
22.677431106567 18.354385375977 3.024002075195 203 203 203
22.677431106567 18.354385375977 3.065002441406 199 199 199
22.704143524170 18.370601654053 3.106002807617 195 195 195
22.694843292236 18.355812072754 3.147003173828 192 192 192
22.694843292236 18.355812072754 3.186996459961 190 190 190
22.694843292236 18.355812072754 3.227996826172 188 188 188
22.694843292236 18.355812072754 3.268997192383 188 188 188
22.694843292236 18.355812072754 3.311004638672 184 184 184
22.694843292236 18.355812072754 3.352005004883 186 186 186
22.694843292236 18.355812072754 3.392990112305 186 186 186
22.677431106567 18.354385375977 3.432998657227 183 183 183
22.694843292236 18.355812072754 3.474990844727 184 184 184
22.694843292236 18.355812072754 3.516998291016 184 184 184
22.694843292236 18.355812072754 3.557998657227 179 179 179
22.694843292236 18.355812072754 3.597991943359 177 177 177
22.694843292236 18.355812072754 3.639999389648 177 177 177
22.694843292236 18.355812072754 3.680999755859 175 175 175
22.694843292236 18.355812072754 3.722991943359 174 174 174
22.694843292236 18.355812072754 3.764999389648 176 176 176
22.694843292236 18.355812072754 3.805999755859 176 176 176
22.694843292236 18.355812072754 3.847991943359 174 174 174
22.694843292236 18.355812072754 3.888992309570 175 175 175
22.694843292236 18.355812072754 3.930999755859 176 176 176
22.698896408081 18.349136352539 3.972991943359 172 172 172
22.694843292236 18.355812072754 4.014999389648 171 171 171
22.694843292236 18.355812072754 4.056991577148 172 172 172
22.681484222412 18.347705841064 4.097991943359 172 172 172
22.694843292236 18.355812072754 4.141998291016 172 172 172
22.694843292236 18.355812072754 4.183990478516 172 172 172
22.698896408081 18.349136352539 4.225997924805 172 172 172
22.694843292236 18.355812072754 4.268997192383 163 163 163
22.698896408081 18.349136352539 4.311004638672 164 164 164
22.698896408081 18.349136352539 4.352996826172 160 160 160
22.698896408081 18.349136352539 4.395996093750 157 157 157
22.681484222412 18.347705841064 4.436996459961 156 156 156
22.694843292236 18.355812072754 4.483993530273 158 158 158
22.694843292236 18.355812072754 4.526992797852 147 147 147
22.698896408081 18.349136352539 4.569992065430 101 101 101
22.672182083130 18.332920074463 4.602996826172 114 114 114
22.662878036499 18.318134307861 4.641998291016 105 105 105
22.698896408081 18.349136352539 4.697998046875 117 117 117
22.662878036499 18.318134307861 4.729003906250 123 123 123
22.614700317383 18.307167053223 4.759994506836 107 107 107
22.698896408081 18.349136352539 4.830001831055 78 78 78
23.080736160278 18.352436065674 2.878997802734 19 19 19
23.067378997803 18.344326019287 2.920989990234 122 122 122
23.058074951172 18.329544067383 2.964004516602 136 136 136
23.022058486938 18.298538208008 3.005004882813 159 159 159
22.977935791016 18.280895233154 3.045989990234 182 182 182
22.964576721191 18.272789001465 3.087997436523 185 185 185
23.018005371094 18.305217742920 3.132003784180 169 169 169
23.035415649414 18.306648254395 3.175003051758 157 157 157
23.031360626221 18.313327789307 3.218002319336 157 157 157
22.964576721191 18.272789001465 3.255996704102 133 133 133
22.937862396240 18.256572723389 3.294998168945 159 159 159
23.035415649414 18.306648254395 3.345001220703 130 130 130
23.018005371094 18.305217742920 3.386993408203 139 139 139
23.084789276123 18.345756530762 3.433990478516 135 135 135
23.084789276123 18.345756530762 3.477005004883 126 126 126
23.084789276123 18.345756530762 3.520996093750 128 128 128
23.098144531250 18.353866577148 3.565002441406 128 128 128
22.852474212646 18.186462402344 3.955993652344 129 129 129
22.852474212646 18.186462402344 3.998001098633 186 186 186
22.861776351929 18.201248168945 4.041992187500 191 191 191
22.852474212646 18.186462402344 4.082992553711 185 185 185
22.852474212646 18.186462402344 4.125991821289 198 198 198
22.848419189453 18.193138122559 4.166000366211 170 170 170
22.848419189453 18.193138122559 4.207992553711 178 178 178
22.848419189453 18.193138122559 4.250991821289 172 172 172
22.839115142822 18.178352355957 4.292999267578 173 173 173
22.839115142822 18.178352355957 4.335998535156 172 172 172
22.821704864502 18.176925659180 4.377990722656 154 154 154
22.955274581909 18.258003234863 4.720993041992 121 121 121
22.848419189453 18.193138122559 4.729003906250 71 71 71
23.083335876465 18.107257843018 3.188995361328 101 101 101
23.087387084961 18.100578308105 3.229995727539 152 152 152
23.074031829834 18.092468261719 3.272003173828 145 145 145
23.087387084961 18.100578308105 3.313995361328 147 147 147
23.074031829834 18.092468261719 3.356002807617 140 140 140
23.087387084961 18.100578308105 3.399002075195 136 136 136
23.087387084961 18.100578308105 3.442001342773 139 139 139
23.087387084961 18.100578308105 3.483993530273 150 150 150
23.087387084961 18.100578308105 3.526992797852 153 153 153
23.100746154785 18.108684539795 3.569992065430 113 113 113
22.851016998291 17.947959899902 3.828994750977 147 147 147
22.851016998291 17.947959899902 3.869003295898 174 174 174
22.851016998291 17.947959899902 3.910003662109 180 180 180
22.851016998291 17.947959899902 3.951995849609 190 190 190
22.851016998291 17.947959899902 3.992996215820 194 194 194
22.851016998291 17.947959899902 4.035003662109 167 167 167
22.881786346436 17.957496643066 4.291000366211 16 16 16
22.851016998291 17.947959899902 4.328002929688 170 170 170
22.837659835815 17.939853668213 4.367004394531 189 189 189
22.837659835815 17.939853668213 4.408996582031 193 193 193
22.855072021484 17.941284179688 4.453002929688 175 175 175
22.851016998291 17.947959899902 4.498001098633 176 176 176
22.828357696533 17.925067901611 4.535995483398 142 142 142
22.811052322388 18.947284698486 3.813003540039 7 7 7
22.811052322388 18.947284698486 3.862991333008 105 105 105
22.811052322388 18.947284698486 3.912994384766 150 150 150
22.805801391602 18.925819396973 3.961990356445 44 44 44
22.816301345825 18.968750000000 4.423004150391 67 67 67
22.833713531494 18.970176696777 4.474990844727 60 60 60
22.716304779053 18.350563049316 1.083999633789 162 162 162
22.716304779053 18.350563049316 1.134994506836 167 167 167
22.716304779053 18.350563049316 1.182998657227 166 166 166
22.716304779053 18.350563049316 1.231994628906 167 167 167
22.712251663208 18.357242584229 1.670989990234 164 164 164
22.702949523926 18.342456817627 1.722991943359 172 172 172
22.702949523926 18.342456817627 1.770996093750 178 178 178
22.716304779053 18.350563049316 1.817993164063 184 184 184
22.702949523926 18.342456817627 1.867004394531 180 180 180
22.702949523926 18.342456817627 1.914993286133 175 175 175
22.702949523926 18.342456817627 1.961990356445 174 174 174
22.753517150879 18.409709930420 2.001998901367 143 143 143
22.716304779053 18.350563049316 2.056991577148 174 174 174
22.702949523926 18.342456817627 2.106002807617 169 169 169
22.702949523926 18.342456817627 2.152999877930 172 172 172
22.716304779053 18.350563049316 2.199996948242 176 176 176
22.716304779053 18.350563049316 2.246994018555 177 177 177
22.707004547119 18.335777282715 2.295989990234 175 175 175
22.702949523926 18.342456817627 2.343002319336 180 180 180
22.702949523926 18.342456817627 2.389999389648 180 180 180
22.716304779053 18.350563049316 2.436004638672 180 180 180
22.707004547119 18.335777282715 2.485000610352 183 183 183
22.720359802246 18.343887329102 2.530990600586 184 184 184
22.702949523926 18.342456817627 2.578994750977 180 180 180
22.702949523926 18.342456817627 2.625991821289 187 187 187
22.716304779053 18.350563049316 2.673004150391 187 187 187
22.702949523926 18.342456817627 2.720001220703 186 186 186
22.702949523926 18.342456817627 2.766998291016 192 192 192
22.702949523926 18.342456817627 2.813995361328 192 192 192
22.702949523926 18.342456817627 2.860992431641 196 196 196
22.702949523926 18.342456817627 2.908004760742 197 197 197
22.716304779053 18.350563049316 2.955001831055 192 192 192
22.702949523926 18.342456817627 3.001998901367 192 192 192
22.702949523926 18.342456817627 3.048995971680 208 208 208
22.707004547119 18.335777282715 3.095993041992 222 222 222
22.707004547119 18.335777282715 3.142990112305 192 192 192
22.720359802246 18.343887329102 3.190002441406 184 184 184
22.716304779053 18.350563049316 3.236999511719 182 182 182
22.707004547119 18.335777282715 3.283004760742 176 176 176
22.720359802246 18.343887329102 3.330993652344 176 176 176
22.716304779053 18.350563049316 3.377990722656 174 174 174
22.702949523926 18.342456817627 3.423995971680 170 170 170
22.707004547119 18.335777282715 3.470993041992 169 169 169
22.702949523926 18.342456817627 3.518997192383 169 169 169
22.702949523926 18.342456817627 3.565994262695 169 169 169
22.720359802246 18.343887329102 3.612991333008 168 168 168
22.716304779053 18.350563049316 3.660995483398 167 167 167
22.707004547119 18.335777282715 3.707000732422 166 166 166
22.697700500488 18.320991516113 3.753997802734 167 167 167
22.702949523926 18.342456817627 3.802001953125 166 166 166
22.720359802246 18.343887329102 3.849990844727 165 165 165
22.702949523926 18.342456817627 3.897003173828 162 162 162
22.720359802246 18.343887329102 3.944992065430 166 166 166
22.720359802246 18.343887329102 3.992996215820 162 162 162
22.707004547119 18.335777282715 4.039001464844 160 160 160
22.702949523926 18.342456817627 4.086990356445 159 159 159
22.720359802246 18.343887329102 4.136001586914 158 158 158
22.720359802246 18.343887329102 4.182998657227 157 157 157
22.720359802246 18.343887329102 4.231994628906 156 156 156
22.716304779053 18.350563049316 4.280990600586 155 155 155
22.702949523926 18.342456817627 4.326995849609 152 152 152
22.707004547119 18.335777282715 4.373992919922 153 153 153
22.720359802246 18.343887329102 4.423995971680 151 151 151
22.697700500488 18.320991516113 4.468994140625 142 142 142
22.707004547119 18.335777282715 4.520004272461 145 145 145
22.734912872314 18.380134582520 4.576995849609 83 83 83
22.688396453857 18.306205749512 4.608993530273 108 108 108
22.692451477051 18.299530029297 4.655990600586 117 117 117
22.697700500488 18.320991516113 4.711990356445 108 108 108
22.659290313721 18.233703613281 4.740997314453 115 115 115
22.660488128662 18.261848449707 4.794998168945 96 96 96
22.697700500488 18.320991516113 4.860000610352 49 49 49
23.013015747070 18.494110107422 2.975997924805 120 120 120
22.981052398682 18.456432342529 3.024993896484 138 138 138
22.985107421875 18.449752807617 3.074005126953 137 137 137
22.971750259399 18.441642761230 3.123001098633 117 117 117
22.947895050049 18.390609741211 3.170989990234 113 113 113
22.976999282837 18.463111877441 3.220993041992 148 148 148
22.910682678223 18.331466674805 3.265991210938 134 134 134
22.877525329590 18.265640258789 3.313003540039 171 171 171
22.924039840698 18.339572906494 3.362991333008 150 150 150
22.971750259399 18.441642761230 3.416992187500 159 159 159
23.014209747314 18.522254943848 3.470001220703 124 124 124
23.088634490967 18.640541076660 3.526000976563 108 108 108
23.092689514160 18.633865356445 3.576004028320 67 67 67
22.853668212891 18.214603424072 3.977996826172 41 41 41
22.853668212891 18.214603424072 4.024993896484 133 133 133
22.853668212891 18.214603424072 4.074005126953 134 134 134
22.853668212891 18.214603424072 4.121994018555 149 149 149
22.857723236084 18.207927703857 4.168991088867 134 134 134
22.861776351929 18.201248168945 4.216995239258 129 129 129
22.861776351929 18.201248168945 4.264999389648 123 123 123
22.857723236084 18.207927703857 4.313995361328 128 128 128
22.857723236084 18.207927703857 4.361999511719 127 127 127
22.829811096191 18.163570404053 4.403991699219 59 59 59
22.900184631348 18.288536071777 4.621994018555 56 56 56
22.868221282959 18.250854492188 4.664001464844 56 56 56
22.971750259399 18.441642761230 4.759002685547 133 133 133
22.825759887695 18.170246124268 4.746994018555 114 114 114
22.858917236328 18.236068725586 4.809997558594 16 16 16
23.090507507324 18.276115417480 2.946990966797 81 81 81
23.067846298218 18.253219604492 2.996002197266 115 115 115
23.094560623169 18.269435882568 3.044998168945 110 110 110
23.067846298218 18.253219604492 3.093994140625 118 118 118
23.094560623169 18.269435882568 3.142990112305 121 121 121
23.075954437256 18.239864349365 3.190994262695 163 163 163
23.057346343994 18.210289001465 3.238998413086 183 183 183
23.066650390625 18.225078582764 3.287994384766 132 132 132
23.024188995361 18.144470214844 3.332992553711 154 154 154
23.009635925293 18.108219146729 3.380004882813 176 176 176
23.001529693604 18.121574401855 3.429000854492 171 171 171
23.052099227905 18.188827514648 3.481002807617 119 119 119
23.103862762451 18.284221649170 3.535003662109 88 88 88
23.109113693237 18.305686950684 3.584991455078 81 81 81
22.863647460938 17.836818695068 3.785003662109 96 96 96
22.868896484375 17.858283996582 3.832992553711 117 117 117
22.868896484375 17.858283996582 3.880004882813 114 114 114
22.859592437744 17.843498229980 3.925994873047 158 158 158
22.868896484375 17.858283996582 3.973999023438 140 140 140
22.864843368530 17.864963531494 4.020996093750 58 58 58
22.863647460938 17.836818695068 4.395004272461 109 109 109
22.846237182617 17.835388183594 4.440002441406 127 127 127
22.859592437744 17.843498229980 4.490997314453 133 133 133
22.846237182617 17.835388183594 4.535003662109 124 124 124
22.846237182617 17.835388183594 4.583999633789 110 110 110
23.191852569580 18.109153747559 3.405990600586 19 19 19
23.191852569580 18.109153747559 3.455001831055 26 26 26
23.028038024902 18.439254760742 2.908004760742 89 89 89
23.046642303467 18.468826293945 2.957000732422 120 120 120
22.976270675659 18.343860626221 3.007003784180 153 153 153
22.972217559814 18.350540161133 3.054992675781 159 159 159
22.976270675659 18.343860626221 3.104003906250 160 160 160
22.994876861572 18.373432159424 3.152999877930 145 145 145
23.041393280029 18.447364807129 3.203002929688 104 104 104
22.952415466309 18.292823791504 3.248001098633 135 135 135
22.956470489502 18.286144256592 3.295989990234 180 180 180
23.032089233398 18.432575225830 3.349990844727 172 172 172
23.050695419312 18.462150573730 3.399993896484 168 168 168
23.018733978271 18.424468994141 3.446990966797 114 114 114
23.093158721924 18.542758941650 3.503997802734 100 100 100
23.115818023682 18.565650939941 3.555999755859 98 98 98
22.872741699219 18.153068542480 3.955001831055 115 115 115
22.872741699219 18.153068542480 4.002990722656 171 171 171
22.876796722412 18.146392822266 4.048995971680 134 134 134
22.872741699219 18.153068542480 4.097991943359 158 158 158
22.872741699219 18.153068542480 4.147003173828 119 119 119
22.876796722412 18.146392822266 4.192993164063 100 100 100
22.862243652344 18.110141754150 4.236999511719 128 128 128
22.862243652344 18.110141754150 4.285003662109 142 142 142
22.858188629150 18.116821289063 4.334991455078 128 128 128
22.858188629150 18.116821289063 4.382003784180 126 126 126
22.852941513062 18.095355987549 4.425994873047 59 59 59
22.989627838135 18.351966857910 4.727005004883 119 119 119
22.904705047607 18.190750122070 4.738998413086 51 51 51
22.842754364014 18.774604797363 3.815994262695 102 102 102
22.842754364014 18.774604797363 3.864990234375 123 123 123
22.842754364014 18.774604797363 3.914993286133 121 121 121
22.850860595703 18.761249542236 3.962997436523 117 117 117
22.850860595703 18.761249542236 4.011993408203 126 126 126
22.828203201294 18.738353729248 4.058990478516 21 21 21
22.856111526489 18.782714843750 4.315994262695 104 104 104
22.852058410645 18.789390563965 4.367996215820 175 175 175
22.852058410645 18.789390563965 4.418991088867 127 127 127
22.852058410645 18.789390563965 4.470001220703 137 137 137
22.852058410645 18.789390563965 4.520004272461 88 88 88
22.733976364136 18.562351226807 4.720001220703 118 118 118
22.663604736328 18.437385559082 4.740997314453 127 127 127
22.611841201782 18.341987609863 4.765991210938 12 12 12
22.844104766846 17.989459991455 4.530990600586 24 24 24
22.822639465332 17.994712829590 4.479995727539 237 237 237
22.840051651001 17.996139526367 4.431991577148 243 243 243
22.822639465332 17.994712829590 4.382995605469 238 238 238
22.840051651001 17.996139526367 4.336990356445 199 199 199
22.840051651001 17.996139526367 4.287994384766 240 240 240
22.840051651001 17.996139526367 4.240997314453 76 76 76
22.874874114990 17.999000549316 4.098999023438 152 152 152
22.840051651001 17.996139526367 4.048995971680 236 236 236
22.857461929321 17.997570037842 4.000991821289 205 205 205
22.857461929321 17.997570037842 3.953994750977 228 228 228
22.857461929321 17.997570037842 3.905990600586 211 211 211
22.853408813477 18.004245758057 3.858001708984 223 223 223
23.114570617676 18.025684356689 3.489990234375 142 142 142
23.097158432007 18.024253845215 3.440002441406 174 174 174
23.097158432007 18.024253845215 3.391998291016 172 172 172
23.097158432007 18.024253845215 3.343002319336 165 165 165
23.097158432007 18.024253845215 3.293991088867 146 146 146
23.083801269531 18.016147613525 3.244995117188 58 58 58
22.649520874023 18.310024261475 4.805999755859 92 92 92
22.593235015869 18.312416076660 4.744995117188 113 113 113
22.697700500488 18.320991516113 4.718002319336 118 118 118
22.662878036499 18.318134307861 4.662002563477 94 94 94
22.649520874023 18.310024261475 4.611999511719 106 106 106
22.753986358643 18.318603515625 4.580001831055 99 99 99
22.697700500488 18.320991516113 4.522994995117 154 154 154
22.697700500488 18.320991516113 4.472991943359 159 159 159
22.715110778809 18.322422027588 4.425003051758 160 160 160
22.697700500488 18.320991516113 4.375000000000 163 163 163
22.697700500488 18.320991516113 4.326004028320 163 163 163
22.697700500488 18.320991516113 4.278991699219 169 169 169
22.697700500488 18.320991516113 4.229995727539 169 169 169
22.697700500488 18.320991516113 4.179992675781 171 171 171
22.697700500488 18.320991516113 4.132995605469 171 171 171
22.697700500488 18.320991516113 4.083999633789 176 176 176
22.697700500488 18.320991516113 4.037002563477 173 173 173
22.697700500488 18.320991516113 3.987991333008 179 179 179
22.697700500488 18.320991516113 3.940002441406 183 183 183
22.697700500488 18.320991516113 3.891998291016 183 183 183
22.697700500488 18.320991516113 3.843994140625 186 186 186
22.693645477295 18.327671051025 3.795989990234 190 190 190
22.697700500488 18.320991516113 3.748992919922 194 194 194
22.707004547119 18.335777282715 3.699996948242 199 199 199
22.707004547119 18.335777282715 3.652999877930 198 198 198
22.707004547119 18.335777282715 3.604995727539 205 205 205
22.707004547119 18.335777282715 3.556991577148 207 207 207
22.707004547119 18.335777282715 3.509994506836 210 210 210
22.689592361450 18.334350585938 3.461990356445 214 214 214
22.689592361450 18.334350585938 3.414001464844 222 222 222
22.707004547119 18.335777282715 3.367004394531 227 227 227
22.707004547119 18.335777282715 3.319000244141 236 236 236
22.689592361450 18.334350585938 3.272003173828 239 239 239
22.685539245605 18.341026306152 3.223999023438 243 243 243
22.702949523926 18.342456817627 3.177001953125 9 9 9
22.685539245605 18.341026306152 3.128997802734 39 39 39
22.702949523926 18.342456817627 3.082000732422 39 39 39
22.702949523926 18.342456817627 3.033996582031 3 3 3
22.702949523926 18.342456817627 2.985992431641 254 254 254
22.685539245605 18.341026306152 2.938995361328 245 245 245
22.702949523926 18.342456817627 2.890991210938 242 242 242
22.702949523926 18.342456817627 2.843994140625 238 238 238
22.702949523926 18.342456817627 2.795989990234 230 230 230
22.702949523926 18.342456817627 2.748001098633 224 224 224
22.698896408081 18.349136352539 2.701004028320 220 220 220
22.698896408081 18.349136352539 2.652999877930 214 214 214
22.698896408081 18.349136352539 2.606002807617 215 215 215
22.698896408081 18.349136352539 2.557998657227 210 210 210
22.698896408081 18.349136352539 2.509994506836 202 202 202
22.698896408081 18.349136352539 2.461990356445 204 204 204
22.698896408081 18.349136352539 2.414001464844 200 200 200
22.698896408081 18.349136352539 2.365997314453 198 198 198
22.698896408081 18.349136352539 2.317993164063 193 193 193
22.698896408081 18.349136352539 2.270004272461 192 192 192
22.698896408081 18.349136352539 2.222000122070 189 189 189
22.698896408081 18.349136352539 2.173995971680 197 197 197
22.698896408081 18.349136352539 2.125000000000 185 185 185
22.694843292236 18.355812072754 2.078002929688 184 184 184
22.698896408081 18.349136352539 2.027999877930 183 183 183
22.694843292236 18.355812072754 1.979995727539 182 182 182
22.694843292236 18.355812072754 1.931991577148 179 179 179
22.694843292236 18.355812072754 1.882995605469 177 177 177
22.694843292236 18.355812072754 1.834991455078 180 180 180
22.694843292236 18.355812072754 1.785995483398 177 177 177
22.708198547363 18.363922119141 1.390991210938 167 167 167
22.708198547363 18.363922119141 1.339996337891 167 167 167
22.708198547363 18.363922119141 1.289993286133 163 163 163
22.708198547363 18.363922119141 1.239990234375 162 162 162
22.708198547363 18.363922119141 1.190002441406 160 160 160
22.708198547363 18.363922119141 1.139999389648 157 157 157
22.708198547363 18.363922119141 1.089004516602 152 152 152
22.837974548340 18.662033081055 4.457000732422 209 209 209
22.837974548340 18.662033081055 4.406997680664 210 210 210
22.837974548340 18.662033081055 4.356002807617 227 227 227
22.837974548340 18.662033081055 4.304992675781 214 214 214
22.837974548340 18.662033081055 4.255004882813 230 230 230
22.820562362671 18.660606384277 4.102005004883 223 223 223
22.820562362671 18.660606384277 4.052001953125 248 248 248
22.837974548340 18.662033081055 4.003997802734 249 249 249
22.837974548340 18.662033081055 3.953002929688 4 4 4
22.833919525146 18.668712615967 3.903991699219 0 0 0
22.816509246826 18.667282104492 3.852005004883 140 140 140
23.081722259521 18.682044982910 3.516998291016 138 138 138
23.081722259521 18.682044982910 3.466003417969 154 154 154
23.085777282715 18.675365447998 3.416000366211 153 153 153
23.081722259521 18.682044982910 3.363998413086 137 137 137
23.081722259521 18.682044982910 3.313995361328 148 148 148
23.081722259521 18.682044982910 3.263000488281 141 141 141
23.046901702881 18.679183959961 3.210998535156 59 59 59
22.812248229980 18.975425720215 4.461990356445 152 152 152
22.812248229980 18.975425720215 4.410995483398 145 145 145
22.821552276611 18.990211486816 3.897003173828 154 154 154
22.859125137329 17.934604644775 4.555999755859 55 55 55
22.832412719727 17.918388366699 4.511001586914 162 162 162
22.859125137329 17.934604644775 4.470001220703 166 166 166
22.859125137329 17.934604644775 4.427993774414 174 174 174
22.828357696533 17.925067901611 4.382995605469 188 188 188
22.828357696533 17.925067901611 4.341003417969 188 188 188
22.859125137329 17.934604644775 4.300003051758 127 127 127
22.851016998291 17.947959899902 4.050003051758 140 140 140
22.868427276611 17.949390411377 4.009002685547 193 193 193
22.851016998291 17.947959899902 3.966003417969 180 180 180
22.868427276611 17.949390411377 3.925003051758 183 183 183
22.868427276611 17.949390411377 3.884002685547 188 188 188
22.851016998291 17.947959899902 3.841995239258 163 163 163
23.118154525757 18.110115051270 3.541000366211 144 144 144
23.100746154785 18.108684539795 3.498001098633 146 146 146
23.087387084961 18.100578308105 3.453002929688 130 130 130
23.074031829834 18.092468261719 3.408996582031 143 143 143
23.060672760010 18.084362030029 3.365997314453 141 141 141
23.074031829834 18.092468261719 3.324996948242 133 133 133
23.083335876465 18.107257843018 3.283996582031 119 119 119
23.083335876465 18.107257843018 3.240997314453 137 137 137
23.083335876465 18.107257843018 3.199005126953 135 135 135
23.083335876465 18.107257843018 3.155990600586 103 103 103
23.110046386719 18.123474121094 3.114990234375 84 84 84
22.691255569458 18.271385192871 4.808990478516 97 97 97
22.624471664429 18.230846405029 4.748001098633 105 105 105
22.704612731934 18.279491424561 4.729003906250 125 125 125
22.713916778564 18.294281005859 4.684997558594 114 114 114
22.673843383789 18.269954681396 4.632995605469 115 115 115
22.691255569458 18.271385192871 4.591003417969 114 114 114
22.763288497925 18.333389282227 4.569992065430 102 102 102
22.727272033691 18.302387237549 4.514999389648 171 171 171
22.717969894409 18.287597656250 4.468994140625 176 176 176
22.727272033691 18.302387237549 4.429000854492 160 160 160
22.727272033691 18.302387237549 4.386001586914 161 161 161
22.727272033691 18.302387237549 4.341003417969 166 166 166
22.740627288818 18.310493469238 4.300994873047 165 165 165
22.723218917847 18.309062957764 4.257003784180 172 172 172
22.723218917847 18.309062957764 4.214996337891 170 170 170
22.723218917847 18.309062957764 4.170989990234 173 173 173
22.723218917847 18.309062957764 4.127990722656 174 174 174
22.723218917847 18.309062957764 4.085998535156 177 177 177
22.736574172974 18.317173004150 4.044998168945 177 177 177
22.723218917847 18.309062957764 4.001998901367 177 177 177
22.723218917847 18.309062957764 3.959991455078 182 182 182
22.723218917847 18.309062957764 3.916992187500 179 179 179
22.723218917847 18.309062957764 3.875000000000 181 181 181
22.723218917847 18.309062957764 3.832992553711 181 181 181
22.719165802002 18.315742492676 3.791992187500 185 185 185
22.736574172974 18.317173004150 3.750991821289 188 188 188
22.719165802002 18.315742492676 3.708999633789 184 184 184
22.719165802002 18.315742492676 3.666000366211 190 190 190
22.715110778809 18.322422027588 3.625991821289 189 189 189
22.719165802002 18.315742492676 3.582992553711 192 192 192
22.719165802002 18.315742492676 3.541992187500 192 192 192
22.719165802002 18.315742492676 3.500991821289 198 198 198
22.701755523682 18.314315795898 3.457992553711 194 194 194
22.715110778809 18.322422027588 3.417999267578 196 196 196
22.715110778809 18.322422027588 3.376998901367 196 196 196
22.715110778809 18.322422027588 3.334991455078 199 199 199
22.715110778809 18.322422027588 3.293991088867 202 202 202
22.715110778809 18.322422027588 3.251998901367 203 203 203
22.697700500488 18.320991516113 3.210998535156 205 205 205
22.697700500488 18.320991516113 3.169998168945 211 211 211
22.697700500488 18.320991516113 3.128997802734 215 215 215
22.697700500488 18.320991516113 3.087997436523 217 217 217
22.715110778809 18.322422027588 3.046997070313 229 229 229
22.697700500488 18.320991516113 3.005996704102 226 226 226
22.715110778809 18.322422027588 2.964996337891 234 234 234
22.728466033936 18.330528259277 2.923995971680 251 251 251
22.728466033936 18.330528259277 2.882995605469 18 18 18
22.728466033936 18.330528259277 2.841995239258 29 29 29
22.728466033936 18.330528259277 2.800994873047 16 16 16
22.724412918091 18.337207794189 2.759002685547 6 6 6
22.724412918091 18.337207794189 2.718002319336 242 242 242
22.697700500488 18.320991516113 2.677001953125 231 231 231
22.728466033936 18.330528259277 2.636001586914 232 232 232
22.697700500488 18.320991516113 2.595001220703 230 230 230
22.697700500488 18.320991516113 2.554000854492 225 225 225
22.697700500488 18.320991516113 2.513000488281 219 219 219
22.697700500488 18.320991516113 2.472000122070 219 219 219
22.707004547119 18.335777282715 2.430999755859 220 220 220
22.707004547119 18.335777282715 2.389999389648 212 212 212
22.707004547119 18.335777282715 2.347991943359 212 212 212
22.707004547119 18.335777282715 2.306991577148 208 208 208
22.707004547119 18.335777282715 2.265991210938 202 202 202
22.702949523926 18.342456817627 2.223999023438 199 199 199
22.707004547119 18.335777282715 2.182998657227 196 196 196
22.702949523926 18.342456817627 2.141998291016 196 196 196
22.702949523926 18.342456817627 2.099990844727 192 192 192
22.702949523926 18.342456817627 2.057998657227 191 191 191
22.702949523926 18.342456817627 2.016998291016 190 190 190
22.702949523926 18.342456817627 1.974990844727 185 185 185
22.702949523926 18.342456817627 1.933990478516 185 185 185
22.698896408081 18.349136352539 1.890991210938 184 184 184
22.702949523926 18.342456817627 1.849990844727 180 180 180
22.716304779053 18.350563049316 1.806991577148 178 178 178
22.765680313110 18.389675140381 1.757003784180 126 126 126
22.839897155762 18.809425354004 4.533004760742 147 147 147
22.857307434082 18.810855865479 4.489990234375 189 189 189
22.839897155762 18.809425354004 4.442993164063 163 163 163
22.839897155762 18.809425354004 4.397003173828 200 200 200
22.839897155762 18.809425354004 4.352996826172 184 184 184
22.839897155762 18.809425354004 4.306991577148 68 68 68
22.822484970093 18.807998657227 4.037002563477 39 39 39
22.822484970093 18.807998657227 3.992004394531 161 161 161
22.835842132568 18.816108703613 3.951004028320 168 168 168
22.822484970093 18.807998657227 3.905990600586 165 165 165
22.835842132568 18.816108703613 3.862991333008 166 166 166
22.818431854248 18.814674377441 3.817993164063 168 168 168
22.831787109375 18.822784423828 3.776992797852 117 117 117
22.807464599609 18.862854003906 3.767990112305 115 115 115
22.807464599609 18.862854003906 3.817001342773 127 127 127
22.798160552979 18.848068237305 3.865997314453 122 122 122
22.798160552979 18.848068237305 3.916000366211 120 120 120
22.798160552979 18.848068237305 3.966003417969 125 125 125
22.792915344238 18.826606750488 4.013000488281 22 22 22
22.815572738647 18.849498748779 4.317993164063 82 82 82
22.815572738647 18.849498748779 4.367996215820 164 164 164
22.838233947754 18.872390747070 4.421997070313 144 144 144
22.838233947754 18.872390747070 4.472991943359 178 178 178
22.811519622803 18.856178283691 4.522003173828 106 106 106
22.656227111816 18.569992065430 4.708999633789 114 114 114
22.607318878174 18.439773559570 4.727996826172 91 91 91
22.698896408081 18.349136352539 1.084991455078 168 168 168
22.698896408081 18.349136352539 1.134994506836 176 176 176
22.694843292236 18.355812072754 1.182998657227 176 176 176
22.716304779053 18.350563049316 1.671997070313 190 190 190
22.698896408081 18.349136352539 1.720993041992 192 192 192
22.716304779053 18.350563049316 1.767990112305 191 191 191
22.702949523926 18.342456817627 1.817001342773 194 194 194
22.702949523926 18.342456817627 1.865997314453 197 197 197
22.716304779053 18.350563049316 1.912002563477 194 194 194
22.707004547119 18.335777282715 2.009994506836 200 200 200
22.707004547119 18.335777282715 2.057998657227 201 201 201
22.734912872314 18.380134582520 2.099990844727 170 170 170
22.720359802246 18.343887329102 2.151992797852 202 202 202
22.720359802246 18.343887329102 2.199005126953 204 204 204
22.720359802246 18.343887329102 2.246994018555 203 203 203
22.720359802246 18.343887329102 2.294998168945 212 212 212
22.724412918091 18.337207794189 2.341995239258 216 216 216
22.724412918091 18.337207794189 2.388992309570 217 217 217
22.720359802246 18.343887329102 2.436004638672 220 220 220
22.724412918091 18.337207794189 2.483993530273 224 224 224
22.724412918091 18.337207794189 2.530990600586 221 221 221
22.724412918091 18.337207794189 2.578002929688 227 227 227
22.728466033936 18.330528259277 2.625991821289 232 232 232
22.724412918091 18.337207794189 2.671997070313 234 234 234
22.724412918091 18.337207794189 2.718994140625 239 239 239
22.724412918091 18.337207794189 2.765991210938 241 241 241
22.724412918091 18.337207794189 2.813003540039 244 244 244
22.724412918091 18.337207794189 2.860000610352 247 247 247
22.724412918091 18.337207794189 2.906997680664 247 247 247
22.728466033936 18.330528259277 2.953994750977 249 249 249
22.728466033936 18.330528259277 3.000991821289 3 3 3
22.724412918091 18.337207794189 3.048004150391 38 38 38
22.737770080566 18.345314025879 3.095001220703 38 38 38
22.728466033936 18.330528259277 3.141998291016 247 247 247
22.728466033936 18.330528259277 3.188995361328 243 243 243
22.715110778809 18.322422027588 3.235992431641 235 235 235
22.715110778809 18.322422027588 3.283004760742 232 232 232
22.715110778809 18.322422027588 3.330001831055 229 229 229
22.728466033936 18.330528259277 3.376998901367 225 225 225
22.732521057129 18.323852539063 3.423995971680 218 218 218
22.732521057129 18.323852539063 3.470993041992 216 216 216
22.715110778809 18.322422027588 3.517990112305 213 213 213
22.715110778809 18.322422027588 3.565994262695 209 209 209
22.732521057129 18.323852539063 3.612991333008 207 207 207
22.732521057129 18.323852539063 3.660003662109 204 204 204
22.715110778809 18.322422027588 3.707000732422 199 199 199
22.732521057129 18.323852539063 3.755004882813 202 202 202
22.732521057129 18.323852539063 3.802993774414 198 198 198
22.732521057129 18.323852539063 3.848999023438 191 191 191
22.732521057129 18.323852539063 3.897003173828 196 196 196
22.732521057129 18.323852539063 3.944000244141 193 193 193
22.732521057129 18.323852539063 3.992996215820 195 195 195
22.732521057129 18.323852539063 4.041000366211 188 188 188
22.732521057129 18.323852539063 4.086990356445 181 181 181
22.732521057129 18.323852539063 4.134994506836 181 181 181
22.732521057129 18.323852539063 4.183990478516 179 179 179
22.732521057129 18.323852539063 4.231994628906 177 177 177
22.732521057129 18.323852539063 4.279998779297 173 173 173
22.732521057129 18.323852539063 4.328002929688 173 173 173
22.736574172974 18.317173004150 4.375000000000 167 167 167
22.736574172974 18.317173004150 4.423995971680 179 179 179
22.717969894409 18.287597656250 4.466995239258 157 157 157
22.736574172974 18.317173004150 4.518997192383 167 167 167
22.722023010254 18.280921936035 4.561996459961 126 126 126
22.703416824341 18.251350402832 4.604003906250 134 134 134
22.748735427856 18.297138214111 4.662002563477 113 113 113
22.694114685059 18.236564636230 4.699005126953 128 128 128
22.694114685059 18.236564636230 4.744003295898 111 111 111
22.748735427856 18.297138214111 4.807998657227 106 106 106
22.718696594238 18.406852722168 1.218994140625 154 154 154
22.716304779053 18.350563049316 1.959991455078 181 181 181
22.998464584351 18.457859039307 2.877990722656 23 23 23
23.017068862915 18.487434387207 2.927001953125 137 137 137
22.942646026611 18.369144439697 2.977005004883 139 139 139
22.950754165649 18.355789184570 3.026000976563 165 165 165
22.950754165649 18.355789184570 3.074005126953 165 165 165
22.947895050049 18.390609741211 3.123001098633 139 139 139
22.932147979736 18.326213836670 3.169998168945 147 147 147
22.951946258545 18.383930206299 3.220001220703 129 129 129
22.908290863037 18.275180816650 3.264999389648 171 171 171
23.011821746826 18.465969085693 3.319992065430 165 165 165
23.021121978760 18.480754852295 3.369995117188 163 163 163
22.993213653564 18.436397552490 3.416000366211 123 123 123
23.063585281372 18.561363220215 3.472991943359 100 100 100
23.072889328003 18.576148986816 3.524002075195 91 91 91
23.076942443848 18.569469451904 3.572998046875 31 31 31
22.846027374268 18.136856079102 3.921997070313 117 117 117
22.837921142578 18.150211334229 3.970993041992 168 168 168
22.841974258423 18.143531799316 4.017990112305 144 144 144
22.846027374268 18.136856079102 4.065002441406 161 161 161
22.846027374268 18.136856079102 4.111999511719 107 107 107
22.823368072510 18.113960266113 4.205001831055 117 117 117
22.827423095703 18.107284545898 4.252990722656 157 157 157
22.827423095703 18.107284545898 4.300003051758 149 149 149
22.827423095703 18.107284545898 4.348999023438 122 122 122
22.831478118896 18.100605010986 4.393997192383 123 123 123
22.822174072266 18.085815429688 4.440002441406 48 48 48
22.986770629883 18.386787414551 4.701004028320 71 71 71
22.901847839355 18.225570678711 4.714004516602 37 37 37
23.074758529663 18.211719512939 2.953994750977 13 13 13
23.080007553101 18.233184814453 3.002990722656 42 42 42
23.074758529663 18.211719512939 3.050994873047 77 77 77
23.078811645508 18.205039978027 3.099990844727 100 100 100
23.069507598877 18.190254211426 3.147994995117 90 90 90
23.078811645508 18.205039978027 3.196990966797 99 99 99
23.069507598877 18.190254211426 3.244995117188 111 111 111
23.028244018555 18.137790679932 3.291992187500 134 134 134
23.036350250244 18.124435424805 3.339004516602 149 149 149
23.032297134399 18.131111145020 3.388000488281 154 154 154
23.050903320313 18.160682678223 3.436996459961 117 117 117
23.074758529663 18.211719512939 3.488998413086 111 111 111
23.088115692139 18.219829559326 3.537994384766 99 99 99
22.858398437500 17.815353393555 3.789001464844 15 15 15
22.853149414063 17.793891906738 3.832992553711 111 111 111
22.847898483276 17.772426605225 3.876998901367 122 122 122
22.843845367432 17.779102325439 3.925003051758 68 68 68
22.856006622314 17.759067535400 4.436004638672 44 44 44
22.839897155762 18.809425354004 4.507995605469 133 133 133
22.835842132568 18.816108703613 4.464996337891 146 146 146
22.822484970093 18.807998657227 4.416000366211 150 150 150
22.822484970093 18.807998657227 4.371002197266 195 195 195
22.822484970093 18.807998657227 4.326995849609 181 181 181
22.822484970093 18.807998657227 4.280990600586 118 118 118
22.809129714966 18.799892425537 4.013000488281 160 160 160
22.822484970093 18.807998657227 3.970001220703 168 168 168
22.822484970093 18.807998657227 3.927001953125 170 170 170
22.822484970093 18.807998657227 3.882003784180 165 165 165
22.809129714966 18.799892425537 3.837997436523 163 163 163
22.822484970093 18.807998657227 3.795989990234 134 134 134
22.588714599609 18.410202026367 4.735000610352 92 92 92
22.802425384521 18.539924621582 4.763000488281 142 142 142
22.869209289551 18.580463409424 4.733001708984 148 148 148
22.651443481445 18.457420349121 4.630004882813 85 85 85
22.651443481445 18.457420349121 4.585998535156 59 59 59
22.838439941406 18.570926666260 4.369003295898 142 142 142
22.838439941406 18.570926666260 4.324005126953 145 145 145
22.838439941406 18.570926666260 4.281997680664 152 152 152
22.838439941406 18.570926666260 4.237991333008 152 152 152
22.815780639648 18.548034667969 4.190994262695 161 161 161
22.838439941406 18.570926666260 4.149002075195 173 173 173
22.815780639648 18.548034667969 4.102996826172 174 174 174
22.815780639648 18.548034667969 4.059997558594 168 168 168
22.815780639648 18.548034667969 4.014999389648 173 173 173
22.838439941406 18.570926666260 3.973999023438 172 172 172
22.834384918213 18.577606201172 3.932998657227 97 97 97
23.052150726318 18.700649261475 3.527999877930 71 71 71
23.082920074463 18.710186004639 3.483993530273 125 125 125
23.082920074463 18.710186004639 3.440002441406 124 124 124
22.998723983765 18.668220520020 3.389999389648 144 144 144
22.972009658813 18.652004241943 3.343994140625 144 144 144
23.038793563843 18.692543029785 3.304992675781 127 127 127
23.082920074463 18.710186004639 3.263000488281 121 121 121
23.052150726318 18.700649261475 3.218994140625 110 110 110
23.034740447998 18.699218750000 3.173995971680 84 84 84
22.728935241699 18.239421844482 4.765991210938 75 75 75
22.742292404175 18.247528076172 4.724990844727 131 131 131
22.942646026611 18.369144439697 4.742004394531 146 146 146
22.778308868408 18.278530120850 4.653991699219 114 114 114
22.769004821777 18.263744354248 4.600997924805 105 105 105
22.778308868408 18.278530120850 4.567001342773 82 82 82
22.778308868408 18.278530120850 4.477005004883 74 74 74
22.791664123535 18.286636352539 4.438995361328 45 45 45
22.831737518311 18.310958862305 4.315994262695 150 150 150
22.831737518311 18.310958862305 4.274002075195 177 177 177
22.845092773438 18.319068908691 4.231994628906 180 180 180
22.831737518311 18.310958862305 4.186004638672 178 178 178
22.849147796631 18.312393188477 4.145004272461 179 179 179
22.831737518311 18.310958862305 4.100997924805 171 171 171
22.845092773438 18.319068908691 4.061004638672 166 166 166
22.845092773438 18.319068908691 4.017990112305 170 170 170
23.001323699951 18.423042297363 3.571990966797 75 75 75
23.054748535156 18.455471038818 3.533004760742 116 116 116
22.974609375000 18.406826019287 3.483001708984 126 126 126
22.845092773438 18.319068908691 3.425994873047 167 167 167
22.827682495117 18.317642211914 3.382995605469 168 168 168
22.831737518311 18.310958862305 3.341003417969 133 133 133
22.814327239990 18.309532165527 3.298995971680 135 135 135
22.814327239990 18.309532165527 3.257003784180 137 137 137
22.827682495117 18.317642211914 3.216995239258 126 126 126
22.911876678467 18.359607696533 3.179000854492 169 169 169
22.947895050049 18.390609741211 3.139999389648 174 174 174
22.938591003418 18.375823974609 3.097000122070 185 185 185
22.934539794922 18.382499694824 3.054000854492 179 179 179
22.934539794922 18.382499694824 3.011993408203 186 186 186
22.947895050049 18.390609741211 2.970001220703 164 164 164
22.987964630127 18.414932250977 2.927993774414 133 133 133
22.974609375000 18.406826019287 2.886001586914 137 137 137
22.827682495117 18.317642211914 2.843002319336 48 48 48
22.827682495117 18.317642211914 2.800994873047 34 34 34
22.841041564941 18.325748443604 2.759002685547 30 30 30
22.841041564941 18.325748443604 2.718002319336 33 33 33
22.841041564941 18.325748443604 2.675994873047 37 37 37
22.810272216797 18.316211700439 2.634994506836 34 34 34
22.841041564941 18.325748443604 2.593002319336 36 36 36
22.827682495117 18.317642211914 2.552001953125 34 34 34
22.823629379272 18.324317932129 2.509994506836 31 31 31
22.841041564941 18.325748443604 2.468002319336 42 42 42
22.841041564941 18.325748443604 2.425994873047 39 39 39
22.841041564941 18.325748443604 2.384994506836 39 39 39
22.841041564941 18.325748443604 2.343002319336 34 34 34
22.841041564941 18.325748443604 2.300994873047 34 34 34
22.841041564941 18.325748443604 2.259002685547 41 41 41
22.836986541748 18.332427978516 2.216995239258 45 45 45
22.836986541748 18.332427978516 2.175003051758 41 41 41
22.841041564941 18.325748443604 2.134002685547 47 47 47
22.841041564941 18.325748443604 2.091995239258 52 52 52
22.841041564941 18.325748443604 2.050003051758 50 50 50
22.841041564941 18.325748443604 2.007995605469 56 56 56
22.841041564941 18.325748443604 1.966003417969 56 56 56
22.823629379272 18.324317932129 1.923995971680 63 63 63
22.823629379272 18.324317932129 1.882003784180 55 55 55
22.836986541748 18.332427978516 1.837997436523 66 66 66
22.841041564941 18.325748443604 1.795989990234 56 56 56
22.823629379272 18.324317932129 1.753997802734 60 60 60
22.825031280518 18.050994873047 4.473999023438 114 114 114
22.838388442993 18.059104919434 4.436004638672 166 166 166
22.834335327148 18.065780639648 4.393997192383 172 172 172
22.838388442993 18.059104919434 4.349990844727 187 187 187
22.820978164673 18.057674407959 4.305999755859 189 189 189
22.834335327148 18.065780639648 4.265991210938 179 179 179
22.834335327148 18.065780639648 4.223999023438 65 65 65
22.834335327148 18.065780639648 4.095993041992 96 96 96
22.851745605469 18.067211151123 4.055999755859 185 185 185
22.851745605469 18.067211151123 4.013000488281 204 204 204
22.834335327148 18.065780639648 3.970001220703 182 182 182
22.851745605469 18.067211151123 3.929992675781 197 197 197
22.834335327148 18.065780639648 3.886993408203 181 181 181
22.851745605469 18.067211151123 3.845993041992 67 67 67
23.132240295410 18.237472534180 3.587997436523 42 42 42
23.092168807983 18.213150024414 3.541992187500 131 131 131
23.092168807983 18.213150024414 3.498992919922 145 145 145
23.052099227905 18.188827514648 3.451995849609 143 143 143
22.981260299683 18.154968261719 3.403991699219 169 169 169
22.967903137207 18.146858215332 3.360992431641 199 199 199
22.981260299683 18.154968261719 3.319992065430 175 175 175
23.034688949585 18.187397003174 3.280990600586 138 138 138
23.078811645508 18.205039978027 3.242004394531 122 122 122
23.092168807983 18.213150024414 3.199996948242 113 113 113
23.078811645508 18.205039978027 3.156997680664 130 130 130
23.074758529663 18.211719512939 3.113998413086 136 136 136
23.074758529663 18.211719512939 3.071990966797 140 140 140
23.074758529663 18.211719512939 3.029998779297 110 110 110
23.074758529663 18.211719512939 2.986999511719 69 69 69
22.840988159180 17.813926696777 4.511001586914 121 121 121
22.827629089355 17.805816650391 4.464004516602 165 165 165
22.827629089355 17.805816650391 4.421997070313 167 167 167
22.840988159180 17.813926696777 4.382995605469 115 115 115
22.840988159180 17.813926696777 3.925994873047 167 167 167
22.840988159180 17.813926696777 3.886001586914 187 187 187
22.823575973511 17.812496185303 3.843002319336 185 185 185
22.854343414307 17.822032928467 3.805999755859 135 135 135
22.854343414307 17.822032928467 3.763992309570 92 92 92
22.832048416138 19.033142089844 4.433990478516 177 177 177
22.832048416138 19.033142089844 4.382003784180 13 13 13
22.827995300293 19.039821624756 3.917999267578 162 162 162
22.827995300293 19.039821624756 3.867996215820 97 97 97
22.854448318481 18.845680236816 4.541000366211 175 175 175
22.837038040161 18.844249725342 4.488998413086 220 220 220
22.854448318481 18.845680236816 4.438003540039 219 219 219
22.832984924316 18.850929260254 4.386001586914 209 209 209
22.832984924316 18.850929260254 4.334991455078 227 227 227
22.854448318481 18.845680236816 4.285995483398 119 119 119
22.832984924316 18.850929260254 4.028991699219 152 152 152
22.815572738647 18.849498748779 3.977996826172 254 254 254
22.832984924316 18.850929260254 3.927993774414 2 2 2
22.832984924316 18.850929260254 3.876998901367 11 11 11
22.832984924316 18.850929260254 3.826995849609 14 14 14
22.832984924316 18.850929260254 3.776992797852 225 225 225
22.851329803467 18.670143127441 4.453002929688 88 88 88
22.829864501953 18.675392150879 4.399993896484 221 221 221
22.829864501953 18.675392150879 4.349990844727 219 219 219
22.829864501953 18.675392150879 4.298004150391 223 223 223
22.829864501953 18.675392150879 4.248001098633 226 226 226
22.829864501953 18.675392150879 4.197998046875 201 201 201
22.829864501953 18.675392150879 4.097000122070 240 240 240
22.829864501953 18.675392150879 4.045989990234 249 249 249
22.829864501953 18.675392150879 3.996002197266 247 247 247
22.829864501953 18.675392150879 3.946990966797 0 0 0
22.829864501953 18.675392150879 3.897003173828 244 244 244
23.081722259521 18.682044982910 3.563003540039 53 53 53
23.081722259521 18.682044982910 3.511993408203 156 156 156
23.081722259521 18.682044982910 3.460998535156 154 154 154
23.060258865356 18.687294006348 3.408996582031 153 153 153
23.025436401367 18.684432983398 3.356994628906 154 154 154
23.042846679688 18.685863494873 3.306991577148 154 154 154
23.081722259521 18.682044982910 3.257995605469 157 157 157
23.081722259521 18.682044982910 3.207000732422 153 153 153
23.077669143677 18.688720703125 3.155990600586 109 109 109
23.060258865356 18.687294006348 3.104995727539 17 17 17
22.670051574707 18.486991882324 4.778991699219 90 90 90
22.670051574707 18.486991882324 4.729995727539 122 122 122
22.878978729248 18.504142761230 4.722000122070 126 126 126
22.704872131348 18.489849090576 4.636993408203 87 87 87
22.704872131348 18.489849090576 4.589004516602 69 69 69
22.782623291016 18.482212066650 4.554992675781 20 20 20
22.844158172607 18.501285552979 4.313995361328 216 216 216
22.848213195801 18.494606018066 4.264999389648 230 230 230
22.844158172607 18.501285552979 4.212997436523 238 238 238
22.817443847656 18.485069274902 4.162994384766 244 244 244
22.844158172607 18.501285552979 4.113998413086 244 244 244
22.844158172607 18.501285552979 4.065994262695 248 248 248
22.844158172607 18.501285552979 4.014999389648 244 244 244
22.848213195801 18.494606018066 3.966995239258 135 135 135
23.100070953369 18.501258850098 3.589004516602 37 37 37
23.100070953369 18.501258850098 3.537994384766 148 148 148
23.096015930176 18.507934570313 3.486999511719 146 146 146
23.061195373535 18.505077362061 3.436004638672 158 158 158
22.974140167236 18.497932434082 3.382995605469 175 175 175
22.883031845093 18.497467041016 3.330993652344 168 168 168
22.913799285889 18.506999969482 3.281997680664 172 172 172
22.883031845093 18.497467041016 3.231994628906 136 136 136
23.026371002197 18.502220153809 3.184997558594 108 108 108
23.039730072021 18.510326385498 3.134994506836 152 152 152
22.991552352905 18.499362945557 3.084991455078 147 147 147
23.008960723877 18.500789642334 3.035995483398 142 142 142
23.039730072021 18.510326385498 2.985992431641 140 140 140
23.039730072021 18.510326385498 2.936004638672 161 161 161
23.074550628662 18.513183593750 2.884994506836 19 19 19
22.670986175537 18.304779052734 4.783996582031 63 63 63
22.670986175537 18.304779052734 4.733993530273 128 128 128
22.888021469116 18.308570861816 4.727005004883 133 133 133
22.688396453857 18.306205749512 4.639999389648 96 96 96
22.740627288818 18.310493469238 4.597000122070 101 101 101
22.779502868652 18.306674957275 4.557998657227 51 51 51
22.740627288818 18.310493469238 4.501998901367 128 128 128
22.740627288818 18.310493469238 4.451995849609 117 117 117
22.849147796631 18.312393188477 4.320999145508 230 230 230
22.849147796631 18.312393188477 4.272994995117 243 243 243
22.849147796631 18.312393188477 4.222991943359 243 243 243
22.849147796631 18.312393188477 4.175003051758 245 245 245
22.849147796631 18.312393188477 4.125000000000 244 244 244
22.849147796631 18.312393188477 4.076995849609 232 232 232
22.862503051758 18.320499420166 4.028991699219 242 242 242
22.862503051758 18.320499420166 3.979995727539 160 160 160
23.101005554199 18.319042205811 3.556991577148 145 145 145
23.118415832520 18.320472717285 3.507995605469 138 138 138
23.013950347900 18.311897277832 3.453994750977 156 156 156
22.897325515747 18.323356628418 3.399993896484 181 181 181
22.849147796631 18.312393188477 3.349990844727 169 169 169
22.862503051758 18.320499420166 3.302001953125 162 162 162
22.879913330078 18.321926116943 3.253997802734 161 161 161
22.953613281250 18.320964813232 3.207000732422 137 137 137
23.023254394531 18.326683044434 3.158996582031 168 168 168
23.023254394531 18.326683044434 3.110000610352 172 172 172
22.992485046387 18.317146301270 3.061004638672 165 165 165
23.027307510376 18.320003509521 3.011001586914 161 161 161
23.062129974365 18.322860717773 2.961990356445 163 163 163
23.062129974365 18.322860717773 2.912002563477 146 146 146
22.862243652344 18.110141754150 4.470001220703 120 120 120
22.854135513306 18.123497009277 4.418991088867 241 241 241
22.854135513306 18.123497009277 4.369995117188 242 242 242
22.823368072510 18.113960266113 4.320999145508 236 236 236
22.854135513306 18.123497009277 4.274002075195 199 199 199
22.854135513306 18.123497009277 4.223999023438 228 228 228
22.875598907471 18.118247985840 4.132003784180 134 134 134
22.854135513306 18.123497009277 4.080001831055 226 226 226
22.858188629150 18.116821289063 4.033004760742 198 198 198
22.858188629150 18.116821289063 3.985000610352 235 235 235
22.858188629150 18.116821289063 3.936996459961 197 197 197
22.858188629150 18.116821289063 3.888000488281 229 229 229
23.123405456543 18.131580352783 3.518997192383 161 161 161
23.123405456543 18.131580352783 3.470001220703 157 157 157
23.101940155029 18.136829376221 3.419998168945 157 157 157
23.071172714233 18.127292633057 3.369995117188 160 160 160
23.101940155029 18.136829376221 3.321990966797 155 155 155
23.101940155029 18.136829376221 3.272994995117 155 155 155
23.101940155029 18.136829376221 3.223999023438 164 164 164
23.101940155029 18.136829376221 3.175003051758 133 133 133
23.084529876709 18.135398864746 3.125991821289 32 32 32
22.849821090698 17.919818878174 4.565002441406 173 173 173
22.849821090698 17.919818878174 4.515991210938 238 238 238
22.849821090698 17.919818878174 4.468002319336 241 241 241
22.859125137329 17.934604644775 4.418991088867 235 235 235
22.859125137329 17.934604644775 4.371002197266 214 214 214
22.859125137329 17.934604644775 4.322998046875 202 202 202
22.863178253174 17.927925109863 3.990997314453 241 241 241
22.863178253174 17.927925109863 3.942993164063 188 188 188
22.863178253174 17.927925109863 3.895996093750 242 242 242
22.863178253174 17.927925109863 3.848999023438 8 8 8
22.863178253174 17.927925109863 3.800994873047 0 0 0
22.859125137329 17.934604644775 3.752990722656 81 81 81
22.864112854004 17.745712280273 3.910995483398 70 70 70
