22.609375000000 16.828125000000 5.706001281738 40 40 40
22.578125000000 16.812500000000 5.745002746582 144 144 144
22.593750000000 16.820312500000 5.786003112793 194 194 194
22.609375000000 16.828125000000 5.825996398926 170 170 170
22.593750000000 16.820312500000 5.865997314453 192 192 192
22.609375000000 16.828125000000 5.906997680664 165 165 165
22.609375000000 16.835937500000 5.947998046875 92 92 92
22.734375000000 17.195312500000 3.861000061035 47 47 47
22.734375000000 17.195312500000 3.905998229980 78 78 78
22.734375000000 17.195312500000 3.946998596191 161 161 161
22.734375000000 17.195312500000 3.990997314453 161 161 161
22.734375000000 17.195312500000 4.032997131348 162 162 162
22.734375000000 17.195312500000 4.074996948242 162 162 162
22.734375000000 17.203125000000 4.116996765137 163 163 163
22.750000000000 17.203125000000 4.157997131348 160 160 160
22.750000000000 17.210937500000 4.199996948242 163 163 163
22.734375000000 17.203125000000 4.242996215820 164 164 164
22.765625000000 17.218750000000 4.282997131348 164 164 164
22.750000000000 17.210937500000 4.325996398926 164 164 164
22.765625000000 17.218750000000 4.367996215820 166 166 166
22.765625000000 17.218750000000 4.408996582031 170 170 170
22.734375000000 17.210937500000 4.453002929688 73 73 73
22.703125000000 17.187500000000 4.833000183105 119 119 119
22.703125000000 17.187500000000 4.874000549316 143 143 143
22.703125000000 17.187500000000 4.915000915527 143 143 143
22.703125000000 17.195312500000 4.955001831055 143 143 143
22.703125000000 17.195312500000 4.996002197266 141 141 141
22.718750000000 17.203125000000 5.037002563477 139 139 139
22.703125000000 17.195312500000 5.078002929688 175 175 175
22.703125000000 17.187500000000 5.119003295898 185 185 185
22.718750000000 17.203125000000 5.159996032715 140 140 140
22.687500000000 17.187500000000 5.200996398926 147 147 147
22.687500000000 17.187500000000 5.241996765137 139 139 139
22.687500000000 17.187500000000 5.282997131348 129 129 129
22.718750000000 17.203125000000 5.322998046875 130 130 130
22.734375000000 17.218750000000 5.363998413086 132 132 132
22.734375000000 17.218750000000 5.404998779297 135 135 135
22.750000000000 17.226562500000 5.446998596191 94 94 94
22.640625000000 17.171875000000 5.890998840332 84 84 84
22.640625000000 17.171875000000 5.930999755859 167 167 167
22.640625000000 17.179687500000 5.972000122070 201 201 201
22.656250000000 17.179687500000 6.013999938965 171 171 171
22.640625000000 17.179687500000 6.053001403809 185 185 185
22.640625000000 17.179687500000 6.094001770020 183 183 183
22.640625000000 17.179687500000 6.136001586914 135 135 135
22.609375000000 17.164062500000 6.174003601074 148 148 148
22.609375000000 17.164062500000 6.213996887207 152 152 152
22.593750000000 17.156250000000 6.252998352051 171 171 171
22.593750000000 17.148437500000 6.291999816895 137 137 137
22.578125000000 17.148437500000 6.331001281738 135 135 135
22.562500000000 17.140625000000 6.370002746582 140 140 140
22.546875000000 17.125000000000 6.405998229980 54 54 54
22.781250000000 17.273437500000 6.708000183105 111 111 111
22.671875000000 17.210937500000 6.724998474121 93 93 93
22.421875000000 17.320312500000 3.375000000000 141 141 141
22.421875000000 17.328125000000 3.416999816895 119 119 119
22.421875000000 17.328125000000 3.458999633789 115 115 115
22.421875000000 17.320312500000 3.503997802734 115 115 115
22.421875000000 17.328125000000 3.541999816895 112 112 112
22.484375000000 17.367187500000 3.941001892090 160 160 160
22.484375000000 17.367187500000 3.982002258301 164 164 164
22.484375000000 17.375000000000 4.022003173828 161 161 161
22.500000000000 17.382812500000 4.059997558594 161 161 161
22.500000000000 17.390625000000 4.099998474121 161 161 161
22.500000000000 17.390625000000 4.140998840332 164 164 164
22.515625000000 17.390625000000 4.180000305176 164 164 164
22.515625000000 17.390625000000 4.221000671387 165 165 165
22.515625000000 17.398437500000 4.260002136230 164 164 164
22.515625000000 17.398437500000 4.300003051758 164 164 164
22.531250000000 17.414062500000 4.337997436523 164 164 164
22.546875000000 17.421875000000 4.376998901367 165 165 165
22.578125000000 17.429687500000 4.414001464844 164 164 164
22.578125000000 17.437500000000 4.453002929688 166 166 166
22.578125000000 17.429687500000 4.494003295898 136 136 136
22.515625000000 17.398437500000 4.542999267578 65 65 65
22.734375000000 17.539062500000 4.885002136230 99 99 99
22.750000000000 17.546875000000 4.926002502441 140 140 140
22.703125000000 17.515625000000 4.970001220703 174 174 174
22.718750000000 17.523437500000 5.010002136230 161 161 161
22.609375000000 17.468750000000 5.056999206543 138 138 138
22.703125000000 17.515625000000 5.093002319336 146 146 146
22.718750000000 17.523437500000 5.133003234863 147 147 147
22.718750000000 17.523437500000 5.174003601074 137 137 137
22.640625000000 17.492187500000 5.217002868652 136 136 136
22.703125000000 17.523437500000 5.255996704102 132 132 132
22.750000000000 17.554687500000 5.296997070313 129 129 129
22.796875000000 17.585937500000 5.337997436523 137 137 137
22.812500000000 17.578125000000 5.378997802734 136 136 136
22.812500000000 17.585937500000 5.420997619629 90 90 90
22.625000000000 17.492187500000 5.945999145508 167 167 167
22.656250000000 17.507812500000 5.988998413086 168 168 168
22.656250000000 17.507812500000 6.029998779297 172 172 172
22.656250000000 17.507812500000 6.069999694824 167 167 167
22.671875000000 17.507812500000 6.111999511719 168 168 168
22.671875000000 17.515625000000 6.154998779297 164 164 164
22.671875000000 17.523437500000 6.196998596191 162 162 162
22.671875000000 17.523437500000 6.237998962402 163 163 163
22.687500000000 17.531250000000 6.280998229980 164 164 164
22.687500000000 17.531250000000 6.322998046875 142 142 142
22.578125000000 17.468750000000 6.552001953125 17 17 17
22.531250000000 17.445312500000 6.583000183105 117 117 117
22.484375000000 17.421875000000 6.614997863770 139 139 139
22.531250000000 17.437500000000 6.664001464844 123 123 123
22.656250000000 17.523437500000 6.735000610352 137 137 137
22.468750000000 17.421875000000 6.736999511719 132 132 132
22.453125000000 17.398437500000 6.770996093750 119 119 119
22.390625000000 17.648437500000 3.525001525879 80 80 80
22.671875000000 17.835937500000 5.719001770020 105 105 105
22.671875000000 17.835937500000 5.760002136230 171 171 171
22.656250000000 17.828125000000 5.800003051758 173 173 173
22.656250000000 17.828125000000 5.841003417969 172 172 172
22.671875000000 17.835937500000 5.881996154785 169 169 169
22.671875000000 17.835937500000 5.922996520996 170 170 170
22.671875000000 17.835937500000 5.963996887207 94 94 94
22.703125000000 17.867187500000 6.300003051758 163 163 163
22.703125000000 17.859375000000 6.339996337891 209 209 209
22.703125000000 17.867187500000 6.383003234863 192 192 192
22.703125000000 17.875000000000 6.426002502441 164 164 164
22.703125000000 17.867187500000 6.467002868652 164 164 164
22.703125000000 17.875000000000 6.510002136230 140 140 140
22.421875000000 16.867187500000 6.499000549316 200 200 200
22.437500000000 16.867187500000 6.459999084473 231 231 231
22.453125000000 16.859375000000 6.424003601074 245 245 245
22.453125000000 16.859375000000 6.383003234863 235 235 235
22.453125000000 16.843750000000 6.344001770020 186 186 186
22.593750000000 16.773437500000 5.913002014160 122 122 122
22.578125000000 16.773437500000 5.872001647949 196 196 196
22.593750000000 16.773437500000 5.832000732422 151 151 151
22.546875000000 17.125000000000 6.418998718262 188 188 188
22.546875000000 17.125000000000 6.379997253418 238 238 238
22.562500000000 17.109375000000 6.341003417969 243 243 243
22.562500000000 17.109375000000 6.299003601074 231 231 231
22.578125000000 17.101562500000 6.260002136230 218 218 218
22.578125000000 17.101562500000 6.220001220703 233 233 233
22.593750000000 17.093750000000 6.179000854492 151 151 151
22.625000000000 17.062500000000 6.060997009277 178 178 178
22.625000000000 17.062500000000 6.019996643066 207 207 207
22.609375000000 17.078125000000 5.977996826172 220 220 220
22.625000000000 17.062500000000 5.938003540039 201 201 201
22.609375000000 17.078125000000 5.895996093750 201 201 201
22.609375000000 17.078125000000 5.855003356934 192 192 192
22.703125000000 17.015625000000 5.364997863770 118 118 118
22.703125000000 17.007812500000 5.323997497559 160 160 160
22.703125000000 17.007812500000 5.281997680664 162 162 162
22.703125000000 17.015625000000 5.240997314453 166 166 166
22.703125000000 17.015625000000 5.198997497559 170 170 170
22.687500000000 17.023437500000 5.157997131348 150 150 150
22.671875000000 17.031250000000 5.116996765137 99 99 99
22.515625000000 17.460937500000 6.806999206543 122 122 122
22.453125000000 17.484375000000 6.750999450684 133 133 133
22.531250000000 17.445312500000 6.727996826172 161 161 161
22.531250000000 17.445312500000 6.684997558594 147 147 147
22.484375000000 17.468750000000 6.636001586914 160 160 160
22.500000000000 17.460937500000 6.597000122070 157 157 157
22.546875000000 17.437500000000 6.564002990723 121 121 121
22.609375000000 17.390625000000 6.538002014160 146 146 146
22.562500000000 17.414062500000 6.487998962402 148 148 148
22.562500000000 17.414062500000 6.446998596191 122 122 122
22.578125000000 17.406250000000 6.406997680664 123 123 123
22.562500000000 17.414062500000 6.362998962402 132 132 132
22.562500000000 17.414062500000 6.320999145508 140 140 140
22.562500000000 17.414062500000 6.279998779297 134 134 134
22.546875000000 17.429687500000 6.236999511719 156 156 156
22.546875000000 17.421875000000 6.196998596191 134 134 134
22.578125000000 17.406250000000 6.157997131348 115 115 115
22.578125000000 17.406250000000 6.117996215820 120 120 120
22.562500000000 17.406250000000 6.075996398926 119 119 119
22.593750000000 17.406250000000 6.037002563477 121 121 121
22.578125000000 17.406250000000 5.995002746582 119 119 119
22.578125000000 17.406250000000 5.954002380371 122 122 122
22.593750000000 17.398437500000 5.915000915527 124 124 124
22.593750000000 17.398437500000 5.874000549316 130 130 130
22.609375000000 17.390625000000 5.833000183105 135 135 135
22.593750000000 17.398437500000 5.791999816895 141 141 141
22.593750000000 17.398437500000 5.750999450684 141 141 141
22.593750000000 17.398437500000 5.709999084473 145 145 145
22.593750000000 17.398437500000 5.669998168945 144 144 144
22.593750000000 17.398437500000 5.628997802734 145 145 145
22.593750000000 17.398437500000 5.587997436523 142 142 142
22.593750000000 17.398437500000 5.546997070313 143 143 143
22.593750000000 17.398437500000 5.506996154785 143 143 143
22.593750000000 17.398437500000 5.466003417969 143 143 143
22.578125000000 17.398437500000 5.425003051758 145 145 145
22.593750000000 17.398437500000 5.384002685547 151 151 151
22.578125000000 17.398437500000 5.344001770020 152 152 152
22.578125000000 17.398437500000 5.303001403809 157 157 157
22.593750000000 17.398437500000 5.262001037598 159 159 159
22.578125000000 17.398437500000 5.222000122070 147 147 147
22.578125000000 17.398437500000 5.180999755859 140 140 140
22.578125000000 17.398437500000 5.140998840332 145 145 145
22.562500000000 17.406250000000 5.099998474121 139 139 139
22.562500000000 17.406250000000 5.059997558594 154 154 154
22.593750000000 17.390625000000 5.017997741699 130 130 130
22.640625000000 17.359375000000 4.974998474121 148 148 148
22.625000000000 17.375000000000 4.934997558594 156 156 156
22.593750000000 17.390625000000 4.894996643066 134 134 134
22.625000000000 17.375000000000 4.851997375488 148 148 148
22.671875000000 17.351562500000 4.807998657227 181 181 181
22.640625000000 17.359375000000 4.768997192383 141 141 141
22.562500000000 17.398437500000 4.734001159668 92 92 92
22.562500000000 17.398437500000 4.693000793457 81 81 81
22.562500000000 17.398437500000 4.652000427246 76 76 76
22.546875000000 17.414062500000 4.612998962402 66 66 66
22.578125000000 17.398437500000 4.569000244141 91 91 91
22.562500000000 17.398437500000 4.529998779297 137 137 137
22.593750000000 17.390625000000 4.484001159668 139 139 139
22.593750000000 17.382812500000 4.442001342773 173 173 173
22.593750000000 17.382812500000 4.400001525879 174 174 174
22.593750000000 17.382812500000 4.359001159668 166 166 166
22.593750000000 17.390625000000 4.319000244141 162 162 162
22.609375000000 17.375000000000 4.275001525879 152 152 152
22.609375000000 17.375000000000 4.232002258301 137 137 137
22.625000000000 17.367187500000 4.188003540039 127 127 127
22.640625000000 17.351562500000 4.141998291016 114 114 114
22.640625000000 17.351562500000 4.100997924805 108 108 108
22.640625000000 17.351562500000 4.057998657227 108 108 108
22.640625000000 17.351562500000 4.016998291016 110 110 110
22.640625000000 17.351562500000 3.972999572754 110 110 110
22.625000000000 17.367187500000 3.933998107910 106 106 106
22.687500000000 17.664062500000 6.400001525879 140 140 140
22.687500000000 17.664062500000 6.357002258301 192 192 192
22.687500000000 17.664062500000 6.315002441406 190 190 190
22.687500000000 17.671875000000 6.272003173828 191 191 191
22.687500000000 17.664062500000 6.231002807617 193 193 193
22.671875000000 17.671875000000 6.188003540039 188 188 188
22.671875000000 17.671875000000 6.061996459961 145 145 145
22.656250000000 17.679687500000 6.018997192383 184 184 184
22.656250000000 17.679687500000 5.977996826172 185 185 185
22.656250000000 17.679687500000 5.936996459961 186 186 186
22.656250000000 17.679687500000 5.895996093750 192 192 192
22.656250000000 17.687500000000 5.853996276855 188 188 188
22.640625000000 17.687500000000 5.810997009277 93 93 93
22.812500000000 17.585937500000 5.402999877930 158 158 158
22.812500000000 17.585937500000 5.361000061035 167 167 167
22.796875000000 17.601562500000 5.319000244141 163 163 163
22.796875000000 17.601562500000 5.277000427246 166 166 166
22.781250000000 17.601562500000 5.235000610352 159 159 159
22.781250000000 17.601562500000 5.193000793457 168 168 168
22.781250000000 17.601562500000 5.151000976563 169 169 169
22.765625000000 17.617187500000 5.109001159668 162 162 162
22.765625000000 17.609375000000 5.067001342773 172 172 172
22.750000000000 17.617187500000 5.026000976563 158 158 158
22.765625000000 17.617187500000 4.984001159668 92 92 92
22.703125000000 17.984375000000 6.460998535156 140 140 140
22.687500000000 17.984375000000 6.417999267578 188 188 188
22.687500000000 17.984375000000 6.375000000000 188 188 188
22.687500000000 17.984375000000 6.333999633789 119 119 119
22.656250000000 18.000000000000 5.871002197266 139 139 139
22.671875000000 17.984375000000 5.830001831055 135 135 135
22.593750000000 16.835937500000 5.708999633789 178 178 178
22.593750000000 16.835937500000 5.744003295898 222 222 222
22.593750000000 16.835937500000 5.779998779297 229 229 229
22.609375000000 16.843750000000 5.816001892090 227 227 227
22.593750000000 16.835937500000 5.850997924805 198 198 198
22.609375000000 16.843750000000 5.887001037598 211 211 211
22.609375000000 16.843750000000 5.922996520996 222 222 222
22.593750000000 16.843750000000 5.958000183105 40 40 40
22.453125000000 16.843750000000 6.327003479004 192 192 192
22.437500000000 16.851562500000 6.360000610352 204 204 204
22.437500000000 16.851562500000 6.394996643066 203 203 203
22.421875000000 16.851562500000 6.429000854492 204 204 204
22.421875000000 16.851562500000 6.462997436523 187 187 187
22.421875000000 16.851562500000 6.498001098633 91 91 91
22.718750000000 17.132812500000 3.971000671387 42 42 42
22.750000000000 17.132812500000 4.000999450684 112 112 112
22.781250000000 17.140625000000 4.037002563477 148 148 148
22.781250000000 17.140625000000 4.072998046875 148 148 148
22.796875000000 17.140625000000 4.108001708984 163 163 163
22.796875000000 17.140625000000 4.145996093750 152 152 152
22.796875000000 17.140625000000 4.181999206543 148 148 148
22.796875000000 17.140625000000 4.219001770020 148 148 148
22.796875000000 17.148437500000 4.255996704102 149 149 149
22.812500000000 17.140625000000 4.291999816895 150 150 150
22.796875000000 17.148437500000 4.330001831055 134 134 134
22.781250000000 17.140625000000 4.369003295898 69 69 69
22.671875000000 17.156250000000 4.847000122070 77 77 77
22.703125000000 17.148437500000 4.881996154785 152 152 152
22.687500000000 17.148437500000 4.917999267578 178 178 178
22.687500000000 17.148437500000 4.954002380371 181 181 181
22.687500000000 17.148437500000 4.988998413086 180 180 180
22.718750000000 17.156250000000 5.025001525879 180 180 180
22.718750000000 17.156250000000 5.059997558594 168 168 168
22.718750000000 17.156250000000 5.096000671387 169 169 169
22.718750000000 17.156250000000 5.131996154785 161 161 161
22.671875000000 17.156250000000 5.166999816895 157 157 157
22.656250000000 17.156250000000 5.203002929688 180 180 180
22.656250000000 17.156250000000 5.237998962402 176 176 176
22.671875000000 17.156250000000 5.274002075195 163 163 163
22.703125000000 17.156250000000 5.309997558594 168 168 168
22.734375000000 17.156250000000 5.347000122070 176 176 176
22.734375000000 17.156250000000 5.383003234863 180 180 180
22.734375000000 17.156250000000 5.417999267578 171 171 171
22.625000000000 17.164062500000 5.875999450684 175 175 175
22.625000000000 17.164062500000 5.911003112793 219 219 219
22.640625000000 17.171875000000 5.946998596191 221 221 221
22.640625000000 17.171875000000 5.983001708984 223 223 223
22.640625000000 17.171875000000 6.018997192383 213 213 213
22.640625000000 17.171875000000 6.055999755859 208 208 208
22.640625000000 17.171875000000 6.091003417969 215 215 215
22.625000000000 17.171875000000 6.124000549316 197 197 197
22.625000000000 17.171875000000 6.159996032715 213 213 213
22.593750000000 17.164062500000 6.194999694824 211 211 211
22.593750000000 17.164062500000 6.230003356934 206 206 206
22.578125000000 17.171875000000 6.264999389648 203 203 203
22.578125000000 17.171875000000 6.300003051758 203 203 203
22.562500000000 17.171875000000 6.333999633789 198 198 198
22.562500000000 17.171875000000 6.369003295898 108 108 108
22.671875000000 17.179687500000 6.689002990723 86 86 86
22.593750000000 17.179687500000 6.705001831055 68 68 68
22.625000000000 17.453125000000 3.939002990723 126 126 126
22.562500000000 17.453125000000 3.986999511719 154 154 154
22.578125000000 17.445312500000 4.022003173828 153 153 153
22.578125000000 17.445312500000 4.057998657227 155 155 155
22.578125000000 17.453125000000 4.094001770020 154 154 154
22.578125000000 17.453125000000 4.129997253418 154 154 154
22.578125000000 17.453125000000 4.165000915527 154 154 154
22.578125000000 17.453125000000 4.200996398926 153 153 153
22.578125000000 17.453125000000 4.236000061035 150 150 150
22.578125000000 17.453125000000 4.270996093750 150 150 150
22.578125000000 17.453125000000 4.307998657227 150 150 150
22.593750000000 17.460937500000 4.341003417969 151 151 151
22.593750000000 17.453125000000 4.377998352051 151 151 151
22.593750000000 17.453125000000 4.413002014160 154 154 154
22.593750000000 17.460937500000 4.447998046875 149 149 149
22.578125000000 17.453125000000 4.486000061035 130 130 130
22.718750000000 17.460937500000 4.793998718262 129 129 129
22.718750000000 17.468750000000 4.829002380371 162 162 162
22.718750000000 17.468750000000 4.864997863770 185 185 185
22.734375000000 17.468750000000 4.901000976563 170 170 170
22.734375000000 17.468750000000 4.935997009277 173 173 173
22.734375000000 17.468750000000 4.972000122070 180 180 180
22.718750000000 17.468750000000 5.008003234863 188 188 188
22.656250000000 17.460937500000 5.044998168945 179 179 179
22.734375000000 17.468750000000 5.080001831055 192 192 192
22.734375000000 17.468750000000 5.115997314453 184 184 184
22.750000000000 17.468750000000 5.152000427246 155 155 155
22.734375000000 17.476562500000 5.188003540039 163 163 163
22.640625000000 17.468750000000 5.222000122070 161 161 161
22.734375000000 17.476562500000 5.259002685547 158 158 158
22.765625000000 17.476562500000 5.295997619629 171 171 171
22.765625000000 17.476562500000 5.332000732422 164 164 164
22.765625000000 17.476562500000 5.367996215820 167 167 167
22.796875000000 17.468750000000 5.404998779297 167 167 167
22.625000000000 17.476562500000 5.930999755859 208 208 208
22.640625000000 17.484375000000 5.969001770020 225 225 225
22.640625000000 17.484375000000 6.004997253418 226 226 226
22.640625000000 17.484375000000 6.041000366211 224 224 224
22.640625000000 17.484375000000 6.078002929688 224 224 224
22.640625000000 17.484375000000 6.113998413086 222 222 222
22.640625000000 17.484375000000 6.151000976563 221 221 221
22.656250000000 17.484375000000 6.190002441406 221 221 221
22.656250000000 17.484375000000 6.225997924805 220 220 220
22.656250000000 17.484375000000 6.262001037598 210 210 210
22.671875000000 17.484375000000 6.303001403809 67 67 67
22.578125000000 17.492187500000 6.541999816895 75 75 75
22.546875000000 17.492187500000 6.569000244141 102 102 102
22.515625000000 17.492187500000 6.599998474121 129 129 129
22.640625000000 17.492187500000 6.667999267578 122 122 122
22.734375000000 17.492187500000 6.725997924805 132 132 132
22.593750000000 17.492187500000 6.731002807617 135 135 135
22.453125000000 17.492187500000 6.728996276855 123 123 123
22.640625000000 17.789062500000 5.735000610352 200 200 200
22.640625000000 17.789062500000 5.770996093750 235 235 235
22.640625000000 17.789062500000 5.806999206543 237 237 237
22.656250000000 17.796875000000 5.844001770020 235 235 235
22.656250000000 17.796875000000 5.880996704102 238 238 238
22.656250000000 17.796875000000 5.916000366211 231 231 231
22.656250000000 17.796875000000 5.952003479004 226 226 226
22.703125000000 17.804687500000 6.213996887207 71 71 71
22.671875000000 17.804687500000 6.246002197266 214 214 214
22.687500000000 17.796875000000 6.283996582031 222 222 222
22.687500000000 17.796875000000 6.321998596191 217 217 217
22.671875000000 17.804687500000 6.358001708984 217 217 217
22.687500000000 17.804687500000 6.395996093750 218 218 218
22.687500000000 17.804687500000 6.433998107910 212 212 212
22.687500000000 17.804687500000 6.470001220703 127 127 127
22.703125000000 17.929687500000 6.448997497559 140 140 140
22.703125000000 17.937500000000 6.405998229980 186 186 186
22.687500000000 17.937500000000 6.361999511719 196 196 196
22.687500000000 17.937500000000 6.319999694824 194 194 194
22.703125000000 17.929687500000 6.278999328613 72 72 72
22.671875000000 17.929687500000 5.858001708984 85 85 85
22.656250000000 17.945312500000 5.815002441406 183 183 183
22.656250000000 17.945312500000 5.774002075195 171 171 171
22.671875000000 17.929687500000 5.733001708984 79 79 79
22.671875000000 17.640625000000 6.337997436523 187 187 187
22.671875000000 17.632812500000 6.296997070313 195 195 195
22.671875000000 17.640625000000 6.253997802734 193 193 193
22.656250000000 17.640625000000 6.210998535156 191 191 191
22.656250000000 17.640625000000 6.168998718262 194 194 194
22.656250000000 17.640625000000 6.126998901367 158 158 158
22.656250000000 17.632812500000 6.043998718262 58 58 58
22.640625000000 17.648437500000 6.000999450684 185 185 185
22.640625000000 17.648437500000 5.958999633789 190 190 190
22.640625000000 17.648437500000 5.917999267578 187 187 187
22.640625000000 17.648437500000 5.875999450684 193 193 193
22.640625000000 17.640625000000 5.834999084473 192 192 192
22.640625000000 17.648437500000 5.792999267578 164 164 164
22.796875000000 17.539062500000 5.385002136230 124 124 124
22.781250000000 17.546875000000 5.343002319336 166 166 166
22.781250000000 17.546875000000 5.301002502441 170 170 170
22.781250000000 17.546875000000 5.259002685547 163 163 163
22.750000000000 17.562500000000 5.217002868652 152 152 152
22.750000000000 17.562500000000 5.176002502441 158 158 158
22.765625000000 17.546875000000 5.134002685547 169 169 169
22.765625000000 17.546875000000 5.092002868652 169 169 169
22.750000000000 17.554687500000 5.050003051758 173 173 173
22.734375000000 17.562500000000 5.009002685547 172 172 172
22.734375000000 17.562500000000 4.967002868652 170 170 170
22.750000000000 17.554687500000 4.925003051758 122 122 122
22.515625000000 17.414062500000 6.791999816895 96 96 96
22.468750000000 17.453125000000 6.736000061035 130 130 130
22.453125000000 17.460937500000 6.689002990723 144 144 144
22.515625000000 17.414062500000 6.665000915527 157 157 157
22.484375000000 17.429687500000 6.617996215820 141 141 141
22.484375000000 17.429687500000 6.575996398926 154 154 154
22.500000000000 17.421875000000 6.538002014160 156 156 156
22.625000000000 17.351562500000 6.520996093750 143 143 143
22.562500000000 17.382812500000 6.467002868652 124 124 124
22.578125000000 17.382812500000 6.426002502441 133 133 133
22.562500000000 17.382812500000 6.383003234863 131 131 131
22.562500000000 17.382812500000 6.342002868652 123 123 123
22.562500000000 17.382812500000 6.302001953125 130 130 130
22.562500000000 17.382812500000 6.260002136230 122 122 122
22.578125000000 17.375000000000 6.220001220703 128 128 128
22.578125000000 17.375000000000 6.178001403809 131 131 131
22.562500000000 17.375000000000 6.137001037598 115 115 115
22.578125000000 17.375000000000 6.096000671387 116 116 116
22.578125000000 17.367187500000 6.055999755859 121 121 121
22.578125000000 17.375000000000 6.014999389648 116 116 116
22.578125000000 17.367187500000 5.973999023438 125 125 125
22.562500000000 17.375000000000 5.931999206543 113 113 113
22.578125000000 17.367187500000 5.891998291016 123 123 123
22.578125000000 17.367187500000 5.851997375488 124 124 124
22.578125000000 17.367187500000 5.810997009277 124 124 124
22.593750000000 17.359375000000 5.770996093750 125 125 125
22.593750000000 17.359375000000 5.730003356934 135 135 135
22.593750000000 17.359375000000 5.689002990723 139 139 139
22.593750000000 17.359375000000 5.649002075195 151 151 151
22.578125000000 17.359375000000 5.608001708984 140 140 140
22.593750000000 17.359375000000 5.567001342773 143 143 143
22.593750000000 17.359375000000 5.526000976563 147 147 147
22.593750000000 17.351562500000 5.486000061035 144 144 144
22.578125000000 17.359375000000 5.444999694824 143 143 143
22.593750000000 17.351562500000 5.404998779297 144 144 144
22.578125000000 17.351562500000 5.363998413086 142 142 142
22.578125000000 17.351562500000 5.322998046875 146 146 146
22.578125000000 17.351562500000 5.282997131348 146 146 146
22.578125000000 17.351562500000 5.241996765137 149 149 149
22.578125000000 17.351562500000 5.200996398926 148 148 148
22.578125000000 17.351562500000 5.161003112793 142 142 142
22.578125000000 17.351562500000 5.120002746582 146 146 146
22.578125000000 17.351562500000 5.080001831055 151 151 151
22.562500000000 17.351562500000 5.040000915527 150 150 150
22.578125000000 17.351562500000 4.999000549316 153 153 153
22.578125000000 17.351562500000 4.958000183105 145 145 145
22.578125000000 17.351562500000 4.916999816895 150 150 150
22.562500000000 17.351562500000 4.877998352051 145 145 145
22.578125000000 17.343750000000 4.835998535156 145 145 145
22.578125000000 17.343750000000 4.794998168945 149 149 149
22.562500000000 17.351562500000 4.755996704102 138 138 138
22.562500000000 17.351562500000 4.714996337891 142 142 142
22.546875000000 17.343750000000 4.674003601074 131 131 131
22.546875000000 17.359375000000 4.634002685547 122 122 122
22.546875000000 17.359375000000 4.594001770020 123 123 123
22.546875000000 17.359375000000 4.553001403809 113 113 113
22.546875000000 17.343750000000 4.510002136230 167 167 167
22.546875000000 17.343750000000 4.470001220703 144 144 144
22.562500000000 17.335937500000 4.427001953125 184 184 184
22.546875000000 17.343750000000 4.387001037598 189 189 189
22.562500000000 17.335937500000 4.344001770020 184 184 184
22.546875000000 17.335937500000 4.304000854492 179 179 179
22.562500000000 17.335937500000 4.262001037598 177 177 177
22.546875000000 17.335937500000 4.221000671387 168 168 168
22.562500000000 17.335937500000 4.179000854492 157 157 157
22.562500000000 17.335937500000 4.137001037598 148 148 148
22.546875000000 17.335937500000 4.096000671387 137 137 137
22.562500000000 17.328125000000 4.052001953125 134 134 134
22.546875000000 17.328125000000 4.012001037598 135 135 135
22.562500000000 17.328125000000 3.967002868652 138 138 138
22.562500000000 17.320312500000 3.925003051758 139 139 139
22.531250000000 17.093750000000 6.361999511719 226 226 226
22.531250000000 17.093750000000 6.321998596191 237 237 237
22.546875000000 17.078125000000 6.281997680664 238 238 238
22.546875000000 17.078125000000 6.241996765137 231 231 231
22.562500000000 17.070312500000 6.203002929688 222 222 222
22.562500000000 17.070312500000 6.162002563477 232 232 232
22.625000000000 17.031250000000 6.044998168945 19 19 19
22.609375000000 17.039062500000 6.002998352051 198 198 198
22.609375000000 17.039062500000 5.961997985840 215 215 215
22.609375000000 17.039062500000 5.920997619629 212 212 212
22.609375000000 17.039062500000 5.879997253418 205 205 205
22.609375000000 17.039062500000 5.837997436523 207 207 207
22.609375000000 17.039062500000 5.797996520996 168 168 168
22.687500000000 16.968750000000 5.307998657227 125 125 125
22.687500000000 16.960937500000 5.265998840332 155 155 155
22.687500000000 16.968750000000 5.224998474121 164 164 164
22.687500000000 16.968750000000 5.183998107910 165 165 165
22.687500000000 16.968750000000 5.142997741699 149 149 149
22.671875000000 16.976562500000 5.101997375488 103 103 103
22.406250000000 16.851562500000 6.487998962402 167 167 167
22.421875000000 16.843750000000 6.450996398926 234 234 234
22.421875000000 16.835937500000 6.411003112793 237 237 237
22.453125000000 16.820312500000 6.375000000000 248 248 248
22.437500000000 16.828125000000 6.333999633789 240 240 240
22.453125000000 16.820312500000 6.293998718262 161 161 161
22.578125000000 16.742187500000 5.864997863770 170 170 170
22.562500000000 16.742187500000 5.822998046875 198 198 198
22.562500000000 16.742187500000 5.781997680664 126 126 126
22.406250000000 17.625000000000 3.490997314453 95 95 95
22.687500000000 17.765625000000 5.721000671387 168 168 168
22.687500000000 17.773437500000 5.762001037598 173 173 173
22.687500000000 17.773437500000 5.803001403809 176 176 176
22.687500000000 17.765625000000 5.843002319336 173 173 173
22.703125000000 17.781250000000 5.885002136230 173 173 173
22.687500000000 17.773437500000 5.925003051758 161 161 161
22.718750000000 17.789062500000 6.216003417969 98 98 98
22.718750000000 17.796875000000 6.259002685547 192 192 192
22.718750000000 17.789062500000 6.300003051758 203 203 203
22.718750000000 17.789062500000 6.342002868652 172 172 172
22.734375000000 17.796875000000 6.385002136230 170 170 170
22.718750000000 17.796875000000 6.426002502441 166 166 166
22.734375000000 17.796875000000 6.468002319336 69 69 69
22.593750000000 17.421875000000 3.871002197266 162 162 162
22.593750000000 17.421875000000 3.913002014160 166 166 166
22.609375000000 17.414062500000 3.954002380371 166 166 166
22.593750000000 17.421875000000 3.997001647949 167 167 167
22.609375000000 17.414062500000 4.037002563477 166 166 166
22.625000000000 17.421875000000 4.077003479004 169 169 169
22.609375000000 17.414062500000 4.119003295898 168 168 168
22.625000000000 17.421875000000 4.159996032715 165 165 165
22.609375000000 17.414062500000 4.200996398926 168 168 168
22.609375000000 17.414062500000 4.241996765137 168 168 168
22.625000000000 17.429687500000 4.280998229980 169 169 169
22.625000000000 17.421875000000 4.322998046875 172 172 172
22.625000000000 17.421875000000 4.363998413086 172 172 172
22.640625000000 17.429687500000 4.402999877930 171 171 171
22.625000000000 17.421875000000 4.444999694824 155 155 155
22.765625000000 17.515625000000 4.836997985840 24 24 24
22.781250000000 17.515625000000 4.877998352051 129 129 129
22.734375000000 17.492187500000 4.921997070313 175 175 175
22.750000000000 17.492187500000 4.962997436523 168 168 168
22.656250000000 17.437500000000 5.008003234863 147 147 147
22.734375000000 17.492187500000 5.044998168945 146 146 146
22.750000000000 17.507812500000 5.084999084473 143 143 143
22.765625000000 17.500000000000 5.125999450684 147 147 147
22.703125000000 17.468750000000 5.167999267578 127 127 127
22.703125000000 17.468750000000 5.208999633789 129 129 129
22.781250000000 17.515625000000 5.249000549316 129 129 129
22.828125000000 17.554687500000 5.289001464844 139 139 139
22.828125000000 17.554687500000 5.331001281738 137 137 137
22.828125000000 17.554687500000 5.372001647949 120 120 120
22.671875000000 17.460937500000 5.899002075195 139 139 139
22.671875000000 17.460937500000 5.939002990723 167 167 167
22.671875000000 17.460937500000 5.980003356934 171 171 171
22.671875000000 17.460937500000 6.020996093750 172 172 172
22.671875000000 17.460937500000 6.061996459961 164 164 164
22.671875000000 17.460937500000 6.102996826172 171 171 171
22.687500000000 17.468750000000 6.144996643066 162 162 162
22.687500000000 17.476562500000 6.186996459961 166 166 166
22.703125000000 17.476562500000 6.230003356934 168 168 168
22.703125000000 17.476562500000 6.270996093750 138 138 138
22.640625000000 17.437500000000 6.506996154785 24 24 24
22.562500000000 17.390625000000 6.532997131348 128 128 128
22.531250000000 17.375000000000 6.568000793457 148 148 148
22.515625000000 17.359375000000 6.603996276855 143 143 143
22.562500000000 17.390625000000 6.656997680664 126 126 126
22.546875000000 17.398437500000 6.696998596191 135 135 135
22.453125000000 17.343750000000 6.716003417969 131 131 131
22.531250000000 17.382812500000 6.776000976563 83 83 83
22.734375000000 17.195312500000 3.853996276855 126 126 126
22.750000000000 17.195312500000 3.893997192383 162 162 162
22.750000000000 17.195312500000 3.936996459961 161 161 161
22.750000000000 17.195312500000 3.980003356934 163 163 163
22.750000000000 17.195312500000 4.020996093750 167 167 167
22.750000000000 17.195312500000 4.064002990723 162 162 162
22.750000000000 17.203125000000 4.105003356934 165 165 165
22.750000000000 17.203125000000 4.147003173828 164 164 164
22.750000000000 17.203125000000 4.189002990723 165 165 165
22.750000000000 17.195312500000 4.232002258301 166 166 166
22.765625000000 17.203125000000 4.270996093750 166 166 166
22.765625000000 17.203125000000 4.313003540039 167 167 167
22.765625000000 17.203125000000 4.355003356934 170 170 170
22.765625000000 17.203125000000 4.397003173828 171 171 171
22.734375000000 17.179687500000 4.735000610352 16 16 16
22.734375000000 17.179687500000 4.776000976563 133 133 133
22.734375000000 17.179687500000 4.816001892090 142 142 142
22.734375000000 17.179687500000 4.857002258301 142 142 142
22.734375000000 17.187500000000 4.898002624512 145 145 145
22.734375000000 17.187500000000 4.939002990723 145 145 145
22.734375000000 17.187500000000 4.980003356934 147 147 147
22.734375000000 17.187500000000 5.020996093750 185 185 185
22.734375000000 17.195312500000 5.060997009277 151 151 151
22.750000000000 17.195312500000 5.101997375488 151 151 151
22.718750000000 17.179687500000 5.143997192383 145 145 145
22.718750000000 17.179687500000 5.184997558594 149 149 149
22.718750000000 17.171875000000 5.225997924805 132 132 132
22.734375000000 17.179687500000 5.265998840332 127 127 127
22.765625000000 17.195312500000 5.306999206543 130 130 130
22.796875000000 17.210937500000 5.347999572754 136 136 136
22.765625000000 17.210937500000 5.388999938965 129 129 129
22.656250000000 17.140625000000 5.873001098633 149 149 149
22.656250000000 17.148437500000 5.914001464844 205 205 205
22.656250000000 17.148437500000 5.955001831055 187 187 187
22.671875000000 17.148437500000 5.996002197266 183 183 183
22.656250000000 17.148437500000 6.037002563477 192 192 192
22.671875000000 17.156250000000 6.078002929688 155 155 155
22.640625000000 17.132812500000 6.115997314453 148 148 148
22.640625000000 17.132812500000 6.156997680664 139 139 139
22.625000000000 17.132812500000 6.194999694824 169 169 169
22.625000000000 17.125000000000 6.235000610352 144 144 144
22.609375000000 17.117187500000 6.274002075195 137 137 137
22.609375000000 17.109375000000 6.313003540039 144 144 144
22.578125000000 17.101562500000 6.349998474121 118 118 118
22.828125000000 17.234375000000 6.651000976563 62 62 62
22.750000000000 17.203125000000 6.678001403809 99 99 99
22.921875000000 16.984375000000 5.246002197266 29 29 29
22.625000000000 16.804687500000 5.692001342773 142 142 142
22.625000000000 16.804687500000 5.732002258301 192 192 192
22.625000000000 16.804687500000 5.773002624512 171 171 171
22.625000000000 16.804687500000 5.813003540039 176 176 176
22.625000000000 16.796875000000 5.852996826172 196 196 196
22.625000000000 16.804687500000 5.893997192383 156 156 156
22.671875000000 17.976562500000 5.799003601074 174 174 174
22.703125000000 17.976562500000 6.313003540039 175 175 175
22.703125000000 17.976562500000 6.350997924805 94 94 94
22.796875000000 17.656250000000 5.069999694824 39 39 39
22.812500000000 17.664062500000 5.106002807617 152 152 152
22.812500000000 17.664062500000 5.141998291016 173 173 173
22.812500000000 17.664062500000 5.178001403809 172 172 172
22.812500000000 17.664062500000 5.213996887207 171 171 171
22.828125000000 17.656250000000 5.250999450684 155 155 155
22.828125000000 17.656250000000 5.287002563477 90 90 90
22.671875000000 17.656250000000 5.745002746582 103 103 103
22.656250000000 17.656250000000 5.778999328613 228 228 228
22.656250000000 17.656250000000 5.816001892090 246 246 246
22.656250000000 17.656250000000 5.850997924805 234 234 234
22.656250000000 17.656250000000 5.887001037598 226 226 226
22.656250000000 17.656250000000 5.922996520996 230 230 230
22.656250000000 17.656250000000 5.958999633789 227 227 227
22.656250000000 17.656250000000 5.995002746582 173 173 173
22.671875000000 17.656250000000 6.142997741699 211 211 211
22.703125000000 17.656250000000 6.181999206543 228 228 228
22.703125000000 17.656250000000 6.218002319336 222 222 222
22.703125000000 17.656250000000 6.254997253418 218 218 218
22.703125000000 17.656250000000 6.292999267578 222 222 222
22.703125000000 17.656250000000 6.329002380371 218 218 218
22.703125000000 17.656250000000 6.365997314453 159 159 159
22.515625000000 17.351562500000 3.505996704102 17 17 17
22.609375000000 17.351562500000 3.920997619629 147 147 147
22.609375000000 17.351562500000 3.957000732422 147 147 147
22.593750000000 17.359375000000 3.995002746582 148 148 148
22.593750000000 17.359375000000 4.031997680664 149 149 149
22.609375000000 17.351562500000 4.067001342773 151 151 151
22.609375000000 17.351562500000 4.102996826172 151 151 151
22.593750000000 17.359375000000 4.138999938965 151 151 151
22.593750000000 17.359375000000 4.175003051758 155 155 155
22.593750000000 17.359375000000 4.210998535156 149 149 149
22.593750000000 17.359375000000 4.248001098633 148 148 148
22.593750000000 17.359375000000 4.282997131348 148 148 148
22.578125000000 17.351562500000 4.319999694824 153 153 153
22.593750000000 17.359375000000 4.353996276855 153 153 153
22.593750000000 17.359375000000 4.388999938965 156 156 156
22.593750000000 17.359375000000 4.425003051758 150 150 150
22.578125000000 17.351562500000 4.460998535156 133 133 133
22.578125000000 17.351562500000 4.497001647949 127 127 127
22.562500000000 17.351562500000 4.532997131348 126 126 126
22.562500000000 17.351562500000 4.568000793457 119 119 119
22.578125000000 17.351562500000 4.601997375488 132 132 132
22.578125000000 17.351562500000 4.638000488281 132 132 132
22.578125000000 17.351562500000 4.671997070313 130 130 130
22.578125000000 17.351562500000 4.707000732422 135 135 135
22.609375000000 17.351562500000 4.739997863770 150 150 150
22.578125000000 17.351562500000 4.777000427246 154 154 154
22.578125000000 17.351562500000 4.810997009277 151 151 151
22.593750000000 17.351562500000 4.846000671387 154 154 154
22.593750000000 17.359375000000 4.880996704102 152 152 152
22.593750000000 17.359375000000 4.916000366211 148 148 148
22.609375000000 17.351562500000 4.949996948242 155 155 155
22.593750000000 17.359375000000 4.985000610352 154 154 154
22.593750000000 17.351562500000 5.019996643066 155 155 155
22.593750000000 17.351562500000 5.055000305176 157 157 157
22.578125000000 17.351562500000 5.089996337891 156 156 156
22.578125000000 17.351562500000 5.125000000000 154 154 154
22.562500000000 17.351562500000 5.159996032715 154 154 154
22.562500000000 17.351562500000 5.194000244141 159 159 159
22.562500000000 17.351562500000 5.228996276855 161 161 161
22.562500000000 17.351562500000 5.263999938965 161 161 161
22.578125000000 17.351562500000 5.299003601074 159 159 159
22.562500000000 17.351562500000 5.333000183105 155 155 155
22.562500000000 17.351562500000 5.367996215820 154 154 154
22.578125000000 17.351562500000 5.402999877930 155 155 155
22.578125000000 17.351562500000 5.439002990723 145 145 145
22.593750000000 17.351562500000 5.473999023438 148 148 148
22.593750000000 17.351562500000 5.509002685547 141 141 141
22.578125000000 17.351562500000 5.542999267578 138 138 138
22.593750000000 17.351562500000 5.579002380371 154 154 154
22.578125000000 17.351562500000 5.613998413086 178 178 178
22.578125000000 17.351562500000 5.648002624512 191 191 191
22.593750000000 17.351562500000 5.683998107910 185 185 185
22.593750000000 17.351562500000 5.720001220703 184 184 184
22.593750000000 17.351562500000 5.754997253418 181 181 181
22.609375000000 17.343750000000 5.791999816895 173 173 173
22.625000000000 17.351562500000 5.829002380371 157 157 157
22.609375000000 17.351562500000 5.863998413086 161 161 161
22.593750000000 17.351562500000 5.895996093750 146 146 146
22.578125000000 17.351562500000 5.930999755859 161 161 161
22.546875000000 17.351562500000 5.960998535156 215 215 215
22.546875000000 17.351562500000 5.996002197266 232 232 232
22.593750000000 17.351562500000 6.040000915527 203 203 203
22.578125000000 17.351562500000 6.072998046875 214 214 214
22.593750000000 17.351562500000 6.110000610352 213 213 213
22.546875000000 17.351562500000 6.139999389648 214 214 214
22.546875000000 17.351562500000 6.175003051758 219 219 219
22.546875000000 17.343750000000 6.211997985840 162 162 162
22.578125000000 17.351562500000 6.251998901367 165 165 165
22.593750000000 17.351562500000 6.291000366211 166 166 166
22.593750000000 17.351562500000 6.329002380371 163 163 163
22.546875000000 17.343750000000 6.358001708984 188 188 188
22.562500000000 17.351562500000 6.394996643066 164 164 164
22.609375000000 17.351562500000 6.441001892090 159 159 159
22.656250000000 17.351562500000 6.487998962402 157 157 157
22.578125000000 17.351562500000 6.504997253418 106 106 106
22.500000000000 17.343750000000 6.528999328613 164 164 164
22.484375000000 17.351562500000 6.560997009277 168 168 168
22.484375000000 17.351562500000 6.597999572754 148 148 148
22.546875000000 17.351562500000 6.645996093750 150 150 150
22.515625000000 17.343750000000 6.677001953125 157 157 157
22.437500000000 17.351562500000 6.694000244141 126 126 126
22.515625000000 17.343750000000 6.750999450684 110 110 110
22.703125000000 17.039062500000 4.968002319336 116 116 116
22.703125000000 17.039062500000 5.002998352051 166 166 166
22.703125000000 17.039062500000 5.039001464844 175 175 175
22.703125000000 17.039062500000 5.073997497559 171 171 171
22.703125000000 17.039062500000 5.110000610352 176 176 176
22.703125000000 17.039062500000 5.144996643066 177 177 177
22.703125000000 17.039062500000 5.180999755859 174 174 174
22.703125000000 17.039062500000 5.217002868652 176 176 176
22.703125000000 17.039062500000 5.251998901367 177 177 177
22.718750000000 17.046875000000 5.288002014160 182 182 182
22.718750000000 17.046875000000 5.323997497559 179 179 179
22.734375000000 17.039062500000 5.360000610352 162 162 162
22.640625000000 17.039062500000 5.780998229980 130 130 130
22.625000000000 17.039062500000 5.815002441406 224 224 224
22.640625000000 17.039062500000 5.850997924805 194 194 194
22.625000000000 17.039062500000 5.886001586914 208 208 208
22.640625000000 17.039062500000 5.922996520996 222 222 222
22.625000000000 17.039062500000 5.958000183105 209 209 209
22.625000000000 17.039062500000 5.994003295898 219 219 219
22.625000000000 17.039062500000 6.028999328613 136 136 136
22.593750000000 17.039062500000 6.131996154785 128 128 128
22.578125000000 17.039062500000 6.165000915527 204 204 204
22.578125000000 17.039062500000 6.199996948242 209 209 209
22.562500000000 17.039062500000 6.234001159668 203 203 203
22.562500000000 17.039062500000 6.267997741699 200 200 200
22.546875000000 17.039062500000 6.304000854492 207 207 207
22.546875000000 17.039062500000 6.336997985840 204 204 204
22.531250000000 17.046875000000 6.370002746582 189 189 189
22.609375000000 16.726562500000 5.760002136230 74 74 74
22.593750000000 16.734375000000 5.794998168945 199 199 199
22.593750000000 16.734375000000 5.830001831055 221 221 221
22.578125000000 16.734375000000 5.864997863770 119 119 119
22.562500000000 16.695312500000 3.444000244141 190 190 190
22.453125000000 16.976562500000 6.432998657227 182 182 182
22.468750000000 16.976562500000 6.401000976563 204 204 204
22.484375000000 16.976562500000 6.366996765137 206 206 206
22.484375000000 16.976562500000 6.333000183105 203 203 203
22.500000000000 16.976562500000 6.300003051758 208 208 208
22.500000000000 16.976562500000 6.263999938965 205 205 205
22.500000000000 16.976562500000 6.227996826172 206 206 206
22.531250000000 16.976562500000 6.197998046875 150 150 150
22.609375000000 16.976562500000 5.994003295898 123 123 123
22.593750000000 16.984375000000 5.956001281738 223 223 223
22.593750000000 16.984375000000 5.919998168945 202 202 202
22.593750000000 16.984375000000 5.884002685547 204 204 204
22.593750000000 16.984375000000 5.847999572754 215 215 215
22.593750000000 16.984375000000 5.811996459961 208 208 208
22.593750000000 16.984375000000 5.777000427246 225 225 225
22.578125000000 16.984375000000 5.739997863770 131 131 131
22.703125000000 16.976562500000 5.319999694824 42 42 42
22.703125000000 16.984375000000 5.283996582031 139 139 139
22.703125000000 16.976562500000 5.248001098633 157 157 157
22.703125000000 16.984375000000 5.211997985840 163 163 163
22.671875000000 16.984375000000 5.176002502441 159 159 159
22.671875000000 16.984375000000 5.140998840332 145 145 145
22.703125000000 16.976562500000 5.105003356934 94 94 94
22.468750000000 17.281250000000 6.714996337891 101 101 101
22.500000000000 17.281250000000 6.686996459961 131 131 131
22.718750000000 17.281250000000 6.706001281738 134 134 134
22.640625000000 17.281250000000 6.650001525879 132 132 132
22.500000000000 17.281250000000 6.573997497559 138 138 138
22.531250000000 17.289062500000 6.543998718262 152 152 152
22.562500000000 17.281250000000 6.514999389648 132 132 132
22.546875000000 17.281250000000 6.475997924805 129 129 129
22.531250000000 17.289062500000 6.434997558594 158 158 158
22.546875000000 17.281250000000 6.402999877930 147 147 147
22.546875000000 17.281250000000 6.364997863770 130 130 130
22.546875000000 17.281250000000 6.329002380371 27 27 27
22.625000000000 17.281250000000 6.235000610352 178 178 178
22.625000000000 17.281250000000 6.198997497559 215 215 215
22.625000000000 17.281250000000 6.162002563477 223 223 223
22.625000000000 17.281250000000 6.126998901367 225 225 225
22.640625000000 17.281250000000 6.091003417969 225 225 225
22.625000000000 17.281250000000 6.053001403809 227 227 227
22.625000000000 17.281250000000 6.015998840332 217 217 217
22.625000000000 17.281250000000 5.981002807617 220 220 220
22.625000000000 17.281250000000 5.944000244141 213 213 213
22.625000000000 17.281250000000 5.906997680664 157 157 157
22.593750000000 17.289062500000 5.869003295898 103 103 103
22.609375000000 17.289062500000 5.833000183105 115 115 115
22.609375000000 17.289062500000 5.796997070313 111 111 111
22.593750000000 17.289062500000 5.761001586914 116 116 116
22.593750000000 17.289062500000 5.724998474121 121 121 121
22.609375000000 17.289062500000 5.690002441406 128 128 128
22.593750000000 17.289062500000 5.652999877930 125 125 125
22.593750000000 17.289062500000 5.617996215820 125 125 125
22.593750000000 17.289062500000 5.583000183105 134 134 134
22.593750000000 17.289062500000 5.546997070313 134 134 134
22.593750000000 17.289062500000 5.512001037598 134 134 134
22.593750000000 17.289062500000 5.475997924805 137 137 137
22.578125000000 17.296875000000 5.440002441406 135 135 135
22.593750000000 17.289062500000 5.404998779297 149 149 149
22.593750000000 17.289062500000 5.371002197266 172 172 172
22.593750000000 17.289062500000 5.334999084473 168 168 168
22.578125000000 17.296875000000 5.300003051758 167 167 167
22.578125000000 17.296875000000 5.263999938965 167 167 167
22.578125000000 17.296875000000 5.228996276855 166 166 166
22.562500000000 17.296875000000 5.194000244141 172 172 172
22.562500000000 17.296875000000 5.158996582031 167 167 167
22.562500000000 17.296875000000 5.124000549316 170 170 170
22.562500000000 17.296875000000 5.087997436523 167 167 167
22.562500000000 17.296875000000 5.053001403809 163 163 163
22.562500000000 17.296875000000 5.017997741699 171 171 171
22.546875000000 17.296875000000 4.983001708984 166 166 166
22.562500000000 17.296875000000 4.947998046875 165 165 165
22.546875000000 17.296875000000 4.914001464844 164 164 164
22.546875000000 17.296875000000 4.878997802734 159 159 159
22.531250000000 17.296875000000 4.844001770020 156 156 156
22.531250000000 17.296875000000 4.808998107910 164 164 164
22.531250000000 17.296875000000 4.775001525879 156 156 156
22.531250000000 17.296875000000 4.739997863770 158 158 158
22.500000000000 17.296875000000 4.706001281738 155 155 155
22.515625000000 17.296875000000 4.670997619629 169 169 169
22.500000000000 17.296875000000 4.636001586914 168 168 168
22.515625000000 17.296875000000 4.600997924805 171 171 171
22.531250000000 17.296875000000 4.565002441406 187 187 187
22.531250000000 17.304687500000 4.529998779297 201 201 201
22.515625000000 17.296875000000 4.495002746582 201 201 201
22.500000000000 17.296875000000 4.460998535156 176 176 176
22.515625000000 17.296875000000 4.425003051758 170 170 170
22.515625000000 17.296875000000 4.389999389648 167 167 167
22.515625000000 17.296875000000 4.355003356934 165 165 165
22.515625000000 17.296875000000 4.319999694824 159 159 159
22.468750000000 17.304687500000 4.290000915527 152 152 152
22.500000000000 17.296875000000 4.251998901367 146 146 146
22.484375000000 17.304687500000 4.218002319336 139 139 139
22.500000000000 17.296875000000 4.180999755859 153 153 153
22.484375000000 17.304687500000 4.147003173828 154 154 154
22.500000000000 17.296875000000 4.110000610352 150 150 150
22.468750000000 17.304687500000 4.079002380371 142 142 142
22.453125000000 17.304687500000 4.045997619629 140 140 140
22.437500000000 17.304687500000 4.013999938965 139 139 139
22.437500000000 17.304687500000 3.977996826172 143 143 143
22.421875000000 17.304687500000 3.944999694824 141 141 141
22.468750000000 17.304687500000 3.536003112793 126 126 126
22.453125000000 17.312500000000 3.504997253418 127 127 127
22.468750000000 17.304687500000 3.464996337891 145 145 145
22.468750000000 17.304687500000 3.426002502441 157 157 157
22.468750000000 17.304687500000 3.388000488281 159 159 159
22.593750000000 17.609375000000 6.662002563477 62 62 62
22.671875000000 17.609375000000 6.642997741699 80 80 80
22.671875000000 17.609375000000 6.305000305176 205 205 205
22.656250000000 17.609375000000 6.266998291016 218 218 218
22.671875000000 17.609375000000 6.231002807617 219 219 219
22.656250000000 17.609375000000 6.192001342773 215 215 215
22.671875000000 17.609375000000 6.157997131348 224 224 224
22.656250000000 17.609375000000 6.119003295898 216 216 216
22.656250000000 17.609375000000 6.083999633789 147 147 147
22.640625000000 17.617187500000 6.043998718262 174 174 174
22.640625000000 17.617187500000 6.006996154785 222 222 222
22.640625000000 17.617187500000 5.972000122070 226 226 226
22.640625000000 17.617187500000 5.934997558594 225 225 225
22.640625000000 17.617187500000 5.898002624512 231 231 231
22.640625000000 17.617187500000 5.862998962402 233 233 233
22.640625000000 17.617187500000 5.825996398926 229 229 229
22.640625000000 17.617187500000 5.790000915527 143 143 143
22.796875000000 17.617187500000 5.333000183105 162 162 162
22.796875000000 17.617187500000 5.295997619629 172 172 172
22.781250000000 17.609375000000 5.259002685547 170 170 170
22.781250000000 17.609375000000 5.222999572754 175 175 175
22.781250000000 17.609375000000 5.186996459961 179 179 179
22.781250000000 17.609375000000 5.150001525879 171 171 171
22.765625000000 17.617187500000 5.113998413086 176 176 176
22.765625000000 17.617187500000 5.078002929688 169 169 169
22.765625000000 17.617187500000 5.041999816895 174 174 174
22.765625000000 17.617187500000 5.004997253418 167 167 167
22.750000000000 17.617187500000 4.969001770020 104 104 104
22.453125000000 17.625000000000 4.246002197266 65 65 65
22.421875000000 17.617187500000 4.214996337891 87 87 87
22.421875000000 17.617187500000 4.179000854492 101 101 101
22.421875000000 17.617187500000 4.144996643066 109 109 109
22.406250000000 17.625000000000 4.111000061035 100 100 100
22.421875000000 17.617187500000 4.072998046875 91 91 91
22.453125000000 17.625000000000 4.037002563477 29 29 29
22.687500000000 17.921875000000 6.484001159668 143 143 143
22.687500000000 17.921875000000 6.444999694824 195 195 195
22.687500000000 17.921875000000 6.407997131348 220 220 220
22.687500000000 17.921875000000 6.369003295898 210 210 210
22.687500000000 17.921875000000 6.333000183105 218 218 218
22.687500000000 17.921875000000 6.294998168945 214 214 214
22.687500000000 17.921875000000 6.259002685547 161 161 161
22.656250000000 17.929687500000 5.849998474121 188 188 188
22.656250000000 17.929687500000 5.815002441406 227 227 227
22.656250000000 17.929687500000 5.777999877930 220 220 220
22.625000000000 17.921875000000 5.740997314453 228 228 228
22.625000000000 17.921875000000 5.705001831055 214 214 214
22.640625000000 17.921875000000 5.669998168945 152 152 152
22.468750000000 16.968750000000 6.460998535156 153 153 153
22.468750000000 16.968750000000 6.419998168945 223 223 223
22.468750000000 16.968750000000 6.379997253418 232 232 232
22.484375000000 16.960937500000 6.341003417969 228 228 228
22.500000000000 16.953125000000 6.302001953125 202 202 202
22.500000000000 16.953125000000 6.262001037598 216 216 216
22.515625000000 16.953125000000 6.222000122070 179 179 179
22.593750000000 16.890625000000 5.947998046875 80 80 80
22.593750000000 16.898437500000 5.905998229980 189 189 189
22.593750000000 16.898437500000 5.864997863770 195 195 195
22.593750000000 16.898437500000 5.823997497559 186 186 186
22.578125000000 16.906250000000 5.781997680664 187 187 187
22.578125000000 16.906250000000 5.740997314453 177 177 177
22.609375000000 16.890625000000 5.703002929688 92 92 92
22.484375000000 17.242187500000 6.685997009277 105 105 105
22.625000000000 17.179687500000 6.674003601074 107 107 107
22.593750000000 17.203125000000 6.331001281738 13 13 13
22.578125000000 17.203125000000 6.288002014160 216 216 216
22.593750000000 17.203125000000 6.247001647949 232 232 232
22.593750000000 17.203125000000 6.207000732422 228 228 228
22.609375000000 17.187500000000 6.166000366211 230 230 230
22.609375000000 17.187500000000 6.125999450684 220 220 220
22.625000000000 17.187500000000 6.084999084473 191 191 191
22.625000000000 17.179687500000 6.044998168945 190 190 190
22.625000000000 17.179687500000 6.003997802734 185 185 185
22.640625000000 17.179687500000 5.962997436523 186 186 186
22.625000000000 17.179687500000 5.919998168945 199 199 199
22.625000000000 17.187500000000 5.877998352051 177 177 177
22.718750000000 17.125000000000 5.387001037598 147 147 147
22.718750000000 17.125000000000 5.345001220703 158 158 158
22.718750000000 17.125000000000 5.303001403809 154 154 154
22.671875000000 17.156250000000 5.262001037598 148 148 148
22.671875000000 17.164062500000 5.221000671387 146 146 146
22.656250000000 17.164062500000 5.179000854492 158 158 158
22.671875000000 17.156250000000 5.138000488281 144 144 144
22.687500000000 17.148437500000 5.096000671387 163 163 163
22.687500000000 17.140625000000 5.054000854492 156 156 156
22.640625000000 17.187500000000 5.014999389648 149 149 149
22.687500000000 17.148437500000 4.971000671387 159 159 159
22.687500000000 17.148437500000 4.929000854492 160 160 160
22.687500000000 17.148437500000 4.888000488281 158 158 158
22.687500000000 17.148437500000 4.846000671387 152 152 152
22.687500000000 17.164062500000 4.805999755859 129 129 129
22.453125000000 17.296875000000 4.421997070313 85 85 85
22.437500000000 17.296875000000 4.381996154785 99 99 99
22.437500000000 17.296875000000 4.341003417969 97 97 97
22.468750000000 17.281250000000 4.296997070313 116 116 116
22.453125000000 17.273437500000 4.254997253418 116 116 116
22.500000000000 17.257812500000 4.208000183105 134 134 134
22.515625000000 17.250000000000 4.164001464844 141 141 141
22.500000000000 17.257812500000 4.125999450684 137 137 137
22.484375000000 17.265625000000 4.086997985840 125 125 125
22.437500000000 17.304687500000 4.056999206543 101 101 101
22.437500000000 17.304687500000 4.015998840332 114 114 114
22.421875000000 17.304687500000 3.976997375488 128 128 128
22.421875000000 17.312500000000 3.936996459961 128 128 128
22.562500000000 17.507812500000 6.767997741699 67 67 67
22.515625000000 17.531250000000 6.711997985840 112 112 112
22.546875000000 17.515625000000 6.679000854492 128 128 128
22.671875000000 17.445312500000 6.663002014160 123 123 123
22.546875000000 17.507812500000 6.596000671387 97 97 97
22.578125000000 17.492187500000 6.557998657227 104 104 104
22.593750000000 17.492187500000 6.518997192383 94 94 94
22.640625000000 17.468750000000 6.485000610352 14 14 14
22.656250000000 17.453125000000 6.235000610352 144 144 144
22.656250000000 17.453125000000 6.192001342773 175 175 175
22.656250000000 17.453125000000 6.151000976563 171 171 171
22.640625000000 17.468750000000 6.108001708984 167 167 167
22.640625000000 17.468750000000 6.065002441406 170 170 170
22.625000000000 17.468750000000 6.023002624512 165 165 165
22.640625000000 17.468750000000 5.982002258301 171 171 171
22.625000000000 17.476562500000 5.939002990723 168 168 168
22.625000000000 17.476562500000 5.898002624512 147 147 147
22.781250000000 17.390625000000 5.363998413086 154 154 154
22.781250000000 17.390625000000 5.320999145508 161 161 161
22.765625000000 17.406250000000 5.278999328613 167 167 167
22.750000000000 17.414062500000 5.237998962402 172 172 172
22.750000000000 17.406250000000 5.195999145508 166 166 166
22.750000000000 17.414062500000 5.153999328613 164 164 164
22.734375000000 17.429687500000 5.111999511719 179 179 179
22.734375000000 17.421875000000 5.069999694824 167 167 167
22.734375000000 17.429687500000 5.028999328613 160 160 160
22.718750000000 17.429687500000 4.986999511719 174 174 174
22.718750000000 17.429687500000 4.944999694824 180 180 180
22.734375000000 17.429687500000 4.902999877930 169 169 169
22.734375000000 17.429687500000 4.861000061035 172 172 172
22.718750000000 17.429687500000 4.819999694824 172 172 172
22.718750000000 17.429687500000 4.777999877930 155 155 155
22.703125000000 17.437500000000 4.736999511719 124 124 124
22.531250000000 17.546875000000 4.385002136230 75 75 75
22.484375000000 17.570312500000 4.349998474121 108 108 108
22.468750000000 17.570312500000 4.310997009277 129 129 129
22.468750000000 17.578125000000 4.270996093750 131 131 131
22.437500000000 17.593750000000 4.234001159668 133 133 133
22.453125000000 17.593750000000 4.192001342773 130 130 130
22.453125000000 17.593750000000 4.152000427246 122 122 122
22.437500000000 17.593750000000 4.111999511719 123 123 123
22.437500000000 17.593750000000 4.069999694824 125 125 125
22.437500000000 17.601562500000 4.029998779297 121 121 121
22.453125000000 17.593750000000 3.986000061035 88 88 88
22.453125000000 17.593750000000 3.943000793457 44 44 44
22.671875000000 17.742187500000 6.388999938965 166 166 166
22.687500000000 17.750000000000 6.346000671387 177 177 177
22.671875000000 17.757812500000 6.302001953125 179 179 179
22.671875000000 17.757812500000 6.260002136230 176 176 176
22.687500000000 17.750000000000 6.219001770020 180 180 180
22.671875000000 17.757812500000 6.176002502441 152 152 152
22.656250000000 17.765625000000 5.963996887207 34 34 34
22.656250000000 17.765625000000 5.921997070313 171 171 171
22.656250000000 17.765625000000 5.880996704102 175 175 175
22.640625000000 17.773437500000 5.837997436523 173 173 173
22.640625000000 17.773437500000 5.796997070313 177 177 177
22.656250000000 17.773437500000 5.755996704102 175 175 175
22.640625000000 17.773437500000 5.713996887207 165 165 165
22.796875000000 17.687500000000 5.302001953125 29 29 29
22.812500000000 17.679687500000 5.260002136230 120 120 120
22.796875000000 17.679687500000 5.217002868652 130 130 130
22.796875000000 17.687500000000 5.175003051758 131 131 131
22.781250000000 17.695312500000 5.133003234863 111 111 111
22.781250000000 17.695312500000 5.091003417969 17 17 17
22.781250000000 17.117187500000 3.972000122070 113 113 113
22.765625000000 17.117187500000 4.014999389648 155 155 155
22.781250000000 17.117187500000 4.055999755859 160 160 160
22.781250000000 17.125000000000 4.098999023438 160 160 160
22.781250000000 17.125000000000 4.140998840332 158 158 158
22.781250000000 17.125000000000 4.183998107910 162 162 162
22.796875000000 17.125000000000 4.224998474121 159 159 159
22.781250000000 17.132812500000 4.267997741699 136 136 136
22.781250000000 17.117187500000 4.942001342773 33 33 33
22.687500000000 17.062500000000 4.988998413086 111 111 111
22.687500000000 17.062500000000 5.028999328613 142 142 142
22.718750000000 17.062500000000 5.069999694824 148 148 148
22.687500000000 17.062500000000 5.111000061035 139 139 139
22.718750000000 17.062500000000 5.152000427246 139 139 139
22.687500000000 17.062500000000 5.193000793457 143 143 143
22.718750000000 17.062500000000 5.234001159668 140 140 140
22.718750000000 17.070312500000 5.275001525879 133 133 133
22.718750000000 17.085937500000 5.316001892090 135 135 135
22.718750000000 17.078125000000 5.357002258301 130 130 130
22.609375000000 17.015625000000 5.759002685547 82 82 82
22.625000000000 17.007812500000 5.800003051758 181 181 181
22.625000000000 17.015625000000 5.841003417969 191 191 191
22.625000000000 17.007812500000 5.880996704102 179 179 179
22.609375000000 17.015625000000 5.920997619629 197 197 197
22.609375000000 17.015625000000 5.961997985840 189 189 189
22.625000000000 17.015625000000 6.002998352051 107 107 107
22.531250000000 16.968750000000 6.195999145508 84 84 84
22.515625000000 16.960937500000 6.233001708984 157 157 157
22.515625000000 16.960937500000 6.272003173828 173 173 173
22.500000000000 16.945312500000 6.309997558594 192 192 192
22.484375000000 16.937500000000 6.347999572754 139 139 139
22.484375000000 16.929687500000 6.387001037598 139 139 139
22.453125000000 16.929687500000 6.425003051758 143 143 143
22.437500000000 16.914062500000 6.460998535156 123 123 123
22.484375000000 17.242187500000 3.388999938965 156 156 156
22.484375000000 17.250000000000 3.428001403809 152 152 152
22.500000000000 17.250000000000 3.469001770020 149 149 149
22.500000000000 17.257812500000 3.886001586914 155 155 155
22.515625000000 17.265625000000 3.925003051758 165 165 165
22.531250000000 17.273437500000 3.966003417969 164 164 164
22.531250000000 17.273437500000 4.005996704102 159 159 159
22.531250000000 17.273437500000 4.049003601074 164 164 164
22.531250000000 17.273437500000 4.089996337891 164 164 164
22.531250000000 17.273437500000 4.129997253418 161 161 161
22.531250000000 17.273437500000 4.170997619629 162 162 162
22.531250000000 17.273437500000 4.210998535156 159 159 159
22.531250000000 17.273437500000 4.251998901367 164 164 164
22.531250000000 17.281250000000 4.291999816895 163 163 163
22.531250000000 17.281250000000 4.333000183105 162 162 162
22.546875000000 17.281250000000 4.371002197266 160 160 160
22.546875000000 17.281250000000 4.413002014160 161 161 161
22.546875000000 17.273437500000 4.454002380371 145 145 145
22.546875000000 17.281250000000 4.494003295898 166 166 166
22.546875000000 17.281250000000 4.532997131348 164 164 164
22.546875000000 17.289062500000 4.572998046875 167 167 167
22.546875000000 17.281250000000 4.614997863770 158 158 158
22.546875000000 17.289062500000 4.653999328613 158 158 158
22.562500000000 17.289062500000 4.694000244141 166 166 166
22.546875000000 17.289062500000 4.734001159668 162 162 162
22.562500000000 17.296875000000 4.773002624512 161 161 161
22.578125000000 17.304687500000 4.813003540039 162 162 162
22.562500000000 17.296875000000 4.853996276855 161 161 161
22.562500000000 17.296875000000 4.893997192383 161 161 161
22.578125000000 17.304687500000 4.932998657227 160 160 160
22.562500000000 17.296875000000 4.973999023438 159 159 159
22.562500000000 17.296875000000 5.013999938965 158 158 158
22.578125000000 17.304687500000 5.054000854492 161 161 161
22.562500000000 17.304687500000 5.094001770020 159 159 159
22.578125000000 17.304687500000 5.134002685547 162 162 162
22.578125000000 17.312500000000 5.174003601074 156 156 156
22.578125000000 17.312500000000 5.213996887207 160 160 160
22.578125000000 17.304687500000 5.254997253418 162 162 162
22.593750000000 17.312500000000 5.294998168945 160 160 160
22.593750000000 17.312500000000 5.334999084473 162 162 162
22.593750000000 17.312500000000 5.375000000000 158 158 158
22.578125000000 17.312500000000 5.415000915527 161 161 161
22.593750000000 17.312500000000 5.455001831055 157 157 157
22.593750000000 17.312500000000 5.496002197266 155 155 155
22.593750000000 17.312500000000 5.536003112793 161 161 161
22.593750000000 17.312500000000 5.575996398926 156 156 156
22.609375000000 17.320312500000 5.616996765137 160 160 160
22.609375000000 17.328125000000 5.657997131348 163 163 163
22.593750000000 17.320312500000 5.696998596191 160 160 160
22.593750000000 17.320312500000 5.737998962402 162 162 162
22.609375000000 17.328125000000 5.778999328613 159 159 159
22.609375000000 17.328125000000 5.819999694824 159 159 159
22.609375000000 17.328125000000 5.860000610352 160 160 160
22.609375000000 17.328125000000 5.901000976563 160 160 160
22.609375000000 17.328125000000 5.941001892090 155 155 155
22.640625000000 17.328125000000 5.984001159668 154 154 154
22.640625000000 17.328125000000 6.024002075195 153 153 153
22.640625000000 17.328125000000 6.065002441406 158 158 158
22.640625000000 17.328125000000 6.106002807617 152 152 152
22.609375000000 17.335937500000 6.145996093750 153 153 153
22.609375000000 17.335937500000 6.186996459961 154 154 154
22.640625000000 17.335937500000 6.230003356934 153 153 153
22.640625000000 17.335937500000 6.270996093750 144 144 144
22.609375000000 17.328125000000 6.309997558594 147 147 147
22.578125000000 17.304687500000 6.344001770020 184 184 184
22.593750000000 17.312500000000 6.388000488281 134 134 134
22.546875000000 17.289062500000 6.419998168945 161 161 161
22.546875000000 17.289062500000 6.461997985840 159 159 159
22.562500000000 17.304687500000 6.506996154785 125 125 125
22.531250000000 17.281250000000 6.541000366211 164 164 164
22.515625000000 17.273437500000 6.578002929688 154 154 154
22.562500000000 17.296875000000 6.628997802734 138 138 138
22.562500000000 17.296875000000 6.671997070313 131 131 131
22.453125000000 17.250000000000 6.689002990723 120 120 120
22.546875000000 17.281250000000 6.749000549316 105 105 105
22.468750000000 17.562500000000 3.919998168945 87 87 87
22.484375000000 17.570312500000 3.958999633789 162 162 162
22.468750000000 17.562500000000 4.000999450684 165 165 165
22.484375000000 17.570312500000 4.040000915527 164 164 164
22.484375000000 17.570312500000 4.082000732422 163 163 163
22.484375000000 17.570312500000 4.122001647949 166 166 166
22.484375000000 17.578125000000 4.161003112793 163 163 163
22.484375000000 17.578125000000 4.202003479004 166 166 166
22.484375000000 17.578125000000 4.242996215820 167 167 167
22.484375000000 17.578125000000 4.282997131348 166 166 166
22.484375000000 17.570312500000 4.323997497559 136 136 136
22.640625000000 17.664062500000 5.766998291016 138 138 138
22.640625000000 17.664062500000 5.807998657227 172 172 172
22.640625000000 17.664062500000 5.848999023438 177 177 177
22.656250000000 17.671875000000 5.889999389648 173 173 173
22.671875000000 17.664062500000 5.931999206543 175 175 175
22.640625000000 17.664062500000 5.972000122070 174 174 174
22.656250000000 17.671875000000 6.013000488281 48 48 48
22.687500000000 17.679687500000 6.138999938965 145 145 145
22.687500000000 17.679687500000 6.180999755859 166 166 166
22.687500000000 17.679687500000 6.222000122070 166 166 166
22.671875000000 17.679687500000 6.263000488281 167 167 167
22.687500000000 17.687500000000 6.306999206543 169 169 169
22.687500000000 17.687500000000 6.348999023438 157 157 157
22.515625000000 17.593750000000 6.647003173828 55 55 55
22.656250000000 17.992187500000 5.791000366211 109 109 109
