21.937500000000 5.250000000000 46.651000976563 183 183 183
21.937500000000 5.250000000000 46.563018798828 69 69 69
21.937500000000 5.312500000000 46.131011962891 162 162 162
21.937500000000 5.312500000000 46.046020507813 166 166 166
21.937500000000 5.312500000000 45.959014892578 85 85 85
21.937500000000 5.375000000000 46.744995117188 115 115 115
21.937500000000 5.375000000000 46.658020019531 163 163 163
21.937500000000 5.375000000000 46.570007324219 162 162 162
21.937500000000 5.375000000000 46.221008300781 89 89 89
21.937500000000 5.375000000000 46.136016845703 170 170 170
21.937500000000 5.375000000000 46.050994873047 174 174 174
22.000000000000 5.437500000000 45.880004882813 154 154 154
22.000000000000 5.437500000000 45.795013427734 150 150 150
22.000000000000 5.500000000000 46.661010742188 150 150 150
22.000000000000 5.500000000000 46.575012207031 161 161 161
22.000000000000 5.500000000000 46.486999511719 165 165 165
22.000000000000 5.500000000000 46.226013183594 172 172 172
21.937500000000 5.500000000000 46.139007568359 167 167 167
22.000000000000 5.500000000000 46.054016113281 140 140 140
21.937500000000 5.500000000000 45.968017578125 66 66 66
21.937500000000 5.500000000000 45.882019042969 171 171 171
21.937500000000 5.500000000000 45.796997070313 190 190 190
21.937500000000 5.500000000000 45.712005615234 58 58 58
22.062500000000 5.437500000000 45.197998046875 166 166 166
22.125000000000 5.437500000000 45.111022949219 154 154 154
22.000000000000 5.625000000000 46.572998046875 159 159 159
22.000000000000 5.625000000000 46.486022949219 164 164 164
22.000000000000 5.625000000000 46.398010253906 153 153 153
21.937500000000 5.625000000000 46.309997558594 172 172 172
21.937500000000 5.625000000000 46.223999023438 171 171 171
21.937500000000 5.625000000000 46.136993408203 171 171 171
21.937500000000 5.625000000000 45.966003417969 171 171 171
22.000000000000 5.625000000000 45.881011962891 172 172 172
22.000000000000 5.625000000000 45.795013427734 152 152 152
22.125000000000 5.562500000000 45.281005859375 86 86 86
22.125000000000 5.562500000000 45.194000244141 187 187 187
22.125000000000 5.562500000000 45.106994628906 150 150 150
22.125000000000 5.562500000000 45.020019531250 84 84 84
22.125000000000 5.562500000000 44.933013916016 90 90 90
22.000000000000 5.687500000000 43.174011230469 178 178 178
22.000000000000 5.687500000000 46.569000244141 53 53 53
22.000000000000 5.687500000000 46.481994628906 163 163 163
22.000000000000 5.750000000000 46.391998291016 166 166 166
22.000000000000 5.750000000000 46.305023193359 167 167 167
22.000000000000 5.750000000000 46.218994140625 171 171 171
22.000000000000 5.812500000000 46.046020507813 168 168 168
22.000000000000 5.812500000000 45.960021972656 171 171 171
22.000000000000 5.812500000000 45.875000000000 170 170 170
22.125000000000 5.750000000000 45.361022949219 66 66 66
22.125000000000 5.750000000000 45.274017333984 85 85 85
22.062500000000 5.750000000000 45.188018798828 74 74 74
22.000000000000 5.812500000000 45.106018066406 136 136 136
22.000000000000 5.750000000000 45.018005371094 152 152 152
22.000000000000 5.812500000000 44.933013916016 115 115 115
22.000000000000 5.812500000000 44.851013183594 114 114 114
21.937500000000 5.812500000000 44.770019531250 105 105 105
21.875000000000 5.812500000000 44.690002441406 77 77 77
21.875000000000 5.812500000000 44.605010986328 76 76 76
21.875000000000 5.812500000000 44.519012451172 59 59 59
21.875000000000 5.812500000000 44.434997558594 60 60 60
21.875000000000 5.812500000000 44.348022460938 63 63 63
21.875000000000 5.812500000000 44.261016845703 61 61 61
21.875000000000 5.812500000000 44.175994873047 60 60 60
21.875000000000 5.812500000000 44.092010498047 64 64 64
21.875000000000 5.812500000000 44.003997802734 70 70 70
21.875000000000 5.812500000000 43.917999267578 74 74 74
21.937500000000 5.812500000000 43.825012207031 84 84 84
21.875000000000 5.812500000000 43.739013671875 84 84 84
21.875000000000 5.812500000000 43.651000976563 91 91 91
21.875000000000 5.812500000000 43.563995361328 91 91 91
21.875000000000 5.812500000000 43.472015380859 103 103 103
21.875000000000 5.812500000000 43.382019042969 86 86 86
22.000000000000 5.812500000000 43.265014648438 141 141 141
21.875000000000 5.812500000000 46.720001220703 106 106 106
21.937500000000 5.812500000000 46.634002685547 91 91 91
21.875000000000 5.812500000000 46.546997070313 85 85 85
21.875000000000 5.812500000000 46.458007812500 156 156 156
21.937500000000 5.812500000000 46.375000000000 101 101 101
21.875000000000 5.812500000000 46.287017822266 146 146 146
21.875000000000 5.812500000000 46.201019287109 115 115 115
21.875000000000 5.812500000000 46.115997314453 142 142 142
21.937500000000 5.812500000000 46.033020019531 116 116 116
21.937500000000 5.812500000000 45.947021484375 139 139 139
21.937500000000 5.812500000000 45.864013671875 112 112 112
21.937500000000 5.812500000000 45.779022216797 121 121 121
21.937500000000 5.812500000000 45.694000244141 124 124 124
21.937500000000 5.812500000000 45.609008789063 115 115 115
22.000000000000 5.812500000000 45.524017333984 128 128 128
22.000000000000 5.812500000000 45.438995361328 130 130 130
22.000000000000 5.812500000000 45.352996826172 137 137 137
22.000000000000 5.812500000000 45.268005371094 123 123 123
22.000000000000 5.812500000000 45.183013916016 128 128 128
22.000000000000 5.875000000000 45.098022460938 123 123 123
22.000000000000 5.875000000000 45.011993408203 111 111 111
22.000000000000 5.875000000000 44.927001953125 118 118 118
22.000000000000 5.875000000000 44.839996337891 129 129 129
22.000000000000 5.875000000000 44.755004882813 128 128 128
22.000000000000 5.875000000000 44.669006347656 131 131 131
22.000000000000 5.875000000000 44.583007812500 123 123 123
22.000000000000 5.875000000000 44.496002197266 138 138 138
22.000000000000 5.875000000000 44.408996582031 151 151 151
22.000000000000 5.875000000000 44.320007324219 142 142 142
22.000000000000 5.875000000000 44.234008789063 134 134 134
22.000000000000 5.875000000000 44.148010253906 120 120 120
22.000000000000 5.875000000000 44.059020996094 108 108 108
22.000000000000 5.875000000000 43.971008300781 102 102 102
22.000000000000 5.875000000000 43.882019042969 106 106 106
22.000000000000 5.875000000000 43.791015625000 96 96 96
22.000000000000 5.875000000000 43.705993652344 89 89 89
22.000000000000 5.875000000000 43.611999511719 89 89 89
22.000000000000 5.875000000000 43.523010253906 62 62 62
22.000000000000 5.875000000000 43.434997558594 83 83 83
22.000000000000 5.875000000000 43.334014892578 113 113 113
22.000000000000 5.875000000000 43.233001708984 164 164 164
22.000000000000 5.937500000000 46.466003417969 174 174 174
22.000000000000 5.937500000000 46.378021240234 171 171 171
22.000000000000 5.937500000000 46.292022705078 172 172 172
22.000000000000 5.937500000000 46.207000732422 154 154 154
22.000000000000 5.937500000000 46.032012939453 168 168 168
22.000000000000 5.937500000000 45.946014404297 171 171 171
22.000000000000 5.937500000000 45.860015869141 152 152 152
22.125000000000 5.875000000000 45.342010498047 84 84 84
22.125000000000 5.875000000000 45.255004882813 114 114 114
22.125000000000 5.875000000000 45.167999267578 91 91 91
22.062500000000 5.937500000000 45.083007812500 87 87 87
22.062500000000 5.875000000000 44.994995117188 132 132 132
22.125000000000 5.875000000000 44.904998779297 115 115 115
22.125000000000 5.875000000000 44.815002441406 87 87 87
22.125000000000 5.875000000000 44.727996826172 81 81 81
22.000000000000 6.000000000000 46.552001953125 172 172 172
22.000000000000 6.000000000000 46.464019775391 170 170 170
22.000000000000 6.000000000000 46.375000000000 169 169 169
22.000000000000 6.000000000000 46.289001464844 170 170 170
22.000000000000 6.000000000000 46.203002929688 173 173 173
22.000000000000 6.000000000000 46.115020751953 95 95 95
22.000000000000 6.000000000000 46.028015136719 73 73 73
22.000000000000 6.000000000000 45.942016601563 168 168 168
22.000000000000 6.000000000000 45.855010986328 175 175 175
22.000000000000 6.062500000000 45.768005371094 79 79 79
22.125000000000 5.937500000000 45.337005615234 90 90 90
22.125000000000 5.937500000000 45.249023437500 91 91 91
22.125000000000 6.062500000000 45.162994384766 88 88 88
22.125000000000 6.062500000000 45.075012207031 84 84 84
22.125000000000 5.937500000000 44.986022949219 139 139 139
22.125000000000 6.062500000000 44.899993896484 27 27 27
22.125000000000 6.000000000000 44.809997558594 87 87 87
22.125000000000 6.000000000000 44.721008300781 14 14 14
22.125000000000 6.000000000000 43.265014648438 37 37 37
22.000000000000 6.125000000000 46.640014648438 141 141 141
22.000000000000 6.125000000000 46.552001953125 175 175 175
22.000000000000 6.125000000000 46.463012695313 173 173 173
22.000000000000 6.125000000000 46.287994384766 102 102 102
22.062500000000 6.125000000000 46.203002929688 170 170 170
22.062500000000 6.125000000000 46.115020751953 173 173 173
22.000000000000 6.125000000000 46.028015136719 23 23 23
22.062500000000 6.125000000000 45.942016601563 127 127 127
22.000000000000 6.125000000000 45.854003906250 167 167 167
22.000000000000 6.187500000000 45.766998291016 197 197 197
22.187500000000 6.062500000000 45.335021972656 16 16 16
22.187500000000 6.062500000000 45.247009277344 87 87 87
22.187500000000 6.062500000000 45.160003662109 106 106 106
22.187500000000 6.062500000000 45.072021484375 99 99 99
22.125000000000 6.125000000000 44.984008789063 72 72 72
22.000000000000 6.312500000000 46.735015869141 18 18 18
22.000000000000 6.312500000000 46.645996093750 170 170 170
22.000000000000 6.312500000000 46.557006835938 172 172 172
22.000000000000 6.312500000000 46.468017578125 64 64 64
22.000000000000 6.312500000000 46.207000732422 135 135 135
22.000000000000 6.312500000000 46.119018554688 171 171 171
22.000000000000 6.312500000000 46.032012939453 173 173 173
22.000000000000 6.312500000000 45.858001708984 146 146 146
22.000000000000 6.312500000000 45.772003173828 19 19 19
22.062500000000 6.437500000000 46.742004394531 114 114 114
22.062500000000 6.437500000000 46.653015136719 173 173 173
22.062500000000 6.437500000000 46.566009521484 157 157 157
22.062500000000 6.437500000000 46.126007080078 149 149 149
22.062500000000 6.437500000000 46.039001464844 160 160 160
21.937500000000 5.250000000000 46.041015625000 109 109 109
21.875000000000 5.250000000000 46.127014160156 124 124 124
21.937500000000 5.312500000000 46.567993164063 110 110 110
21.937500000000 5.312500000000 46.654022216797 198 198 198
21.937500000000 5.312500000000 46.746002197266 118 118 118
22.125000000000 5.437500000000 45.092010498047 41 41 41
22.125000000000 5.437500000000 45.179016113281 90 90 90
21.937500000000 5.375000000000 45.786010742188 53 53 53
21.937500000000 5.375000000000 45.872009277344 111 111 111
21.937500000000 5.375000000000 46.046020507813 145 145 145
22.000000000000 5.437500000000 46.132995605469 144 144 144
22.000000000000 5.437500000000 46.220001220703 100 100 100
22.000000000000 5.437500000000 46.483001708984 72 72 72
22.000000000000 5.437500000000 46.572998046875 150 150 150
22.000000000000 5.437500000000 46.662017822266 148 148 148
22.125000000000 5.562500000000 45.355010986328 51 51 51
21.937500000000 5.500000000000 45.700012207031 17 17 17
21.937500000000 5.500000000000 45.787017822266 195 195 195
22.000000000000 5.500000000000 45.874023437500 145 145 145
21.937500000000 5.500000000000 45.960021972656 76 76 76
21.937500000000 5.500000000000 46.046997070313 66 66 66
21.937500000000 5.500000000000 46.132995605469 141 141 141
21.937500000000 5.500000000000 46.220001220703 142 142 142
21.937500000000 5.500000000000 46.307006835938 42 42 42
21.937500000000 5.562500000000 46.486022949219 149 149 149
21.937500000000 5.562500000000 46.572998046875 141 141 141
21.937500000000 5.562500000000 46.662017822266 65 65 65
22.125000000000 5.625000000000 45.179016113281 144 144 144
22.125000000000 5.562500000000 45.268005371094 58 58 58
22.125000000000 5.750000000000 44.733001708984 73 73 73
22.125000000000 5.750000000000 44.822998046875 88 88 88
22.125000000000 5.750000000000 44.910003662109 83 83 83
21.937500000000 5.625000000000 45.869995117188 143 143 143
21.937500000000 5.625000000000 45.955993652344 140 140 140
21.937500000000 5.687500000000 46.128021240234 104 104 104
21.937500000000 5.687500000000 46.216003417969 146 146 146
21.937500000000 5.625000000000 46.305023193359 144 144 144
22.000000000000 5.687500000000 46.395019531250 154 154 154
22.000000000000 5.687500000000 46.483001708984 158 158 158
21.937500000000 5.625000000000 46.570007324219 139 139 139
22.125000000000 5.750000000000 44.996002197266 152 152 152
22.000000000000 5.625000000000 45.785003662109 76 76 76
22.125000000000 5.812500000000 44.726013183594 79 79 79
22.125000000000 5.812500000000 44.815002441406 76 76 76
22.125000000000 5.750000000000 44.906005859375 72 72 72
22.000000000000 5.750000000000 44.998016357422 141 141 141
22.000000000000 5.750000000000 45.085998535156 107 107 107
22.125000000000 5.812500000000 45.346008300781 87 87 87
22.000000000000 5.812500000000 46.477020263672 143 143 143
22.062500000000 5.812500000000 46.395996093750 99 99 99
21.937500000000 5.812500000000 43.236999511719 144 144 144
22.000000000000 5.812500000000 43.312011718750 153 153 153
22.000000000000 5.812500000000 43.395996093750 182 182 182
22.000000000000 5.812500000000 43.484008789063 213 213 213
22.000000000000 5.812500000000 43.576019287109 225 225 225
22.000000000000 5.812500000000 43.680999755859 114 114 114
21.937500000000 5.812500000000 43.774017333984 129 129 129
21.937500000000 5.812500000000 43.863006591797 126 126 126
21.937500000000 5.812500000000 43.951019287109 132 132 132
22.000000000000 5.812500000000 44.037994384766 143 143 143
22.000000000000 5.812500000000 44.126007080078 157 157 157
22.000000000000 5.812500000000 44.214019775391 155 155 155
22.000000000000 5.812500000000 44.303009033203 154 154 154
22.000000000000 5.812500000000 44.391021728516 150 150 150
22.000000000000 5.812500000000 44.477020263672 150 150 150
22.000000000000 5.812500000000 44.563995361328 149 149 149
22.000000000000 5.812500000000 44.652008056641 149 149 149
22.000000000000 5.812500000000 44.739013671875 142 142 142
22.000000000000 5.812500000000 44.826019287109 143 143 143
22.000000000000 5.812500000000 44.911010742188 136 136 136
22.000000000000 5.812500000000 44.997009277344 135 135 135
22.000000000000 5.812500000000 45.083007812500 135 135 135
22.000000000000 5.812500000000 45.341003417969 139 139 139
22.000000000000 5.812500000000 45.425994873047 134 134 134
22.000000000000 5.812500000000 45.511993408203 139 139 139
21.937500000000 5.812500000000 45.598022460938 136 136 136
21.937500000000 5.812500000000 45.684020996094 139 139 139
21.937500000000 5.812500000000 45.769012451172 138 138 138
21.937500000000 5.812500000000 45.856018066406 148 148 148
21.937500000000 5.812500000000 45.942016601563 135 135 135
21.937500000000 5.812500000000 46.027008056641 130 130 130
21.937500000000 5.812500000000 46.111999511719 119 119 119
21.937500000000 5.812500000000 46.201019287109 103 103 103
22.000000000000 5.875000000000 46.292999267578 81 81 81
21.937500000000 5.812500000000 43.236999511719 94 94 94
21.875000000000 5.812500000000 43.333007812500 100 100 100
21.875000000000 5.812500000000 43.428009033203 140 140 140
21.875000000000 5.812500000000 43.522003173828 47 47 47
21.875000000000 5.875000000000 43.615020751953 82 82 82
21.875000000000 5.812500000000 43.697998046875 89 89 89
21.875000000000 5.812500000000 43.787994384766 78 78 78
21.875000000000 5.812500000000 43.878021240234 76 76 76
21.875000000000 5.812500000000 43.963012695313 64 64 64
21.875000000000 5.812500000000 44.050994873047 63 63 63
21.875000000000 5.812500000000 44.138000488281 68 68 68
21.875000000000 5.812500000000 44.227020263672 67 67 67
21.875000000000 5.812500000000 44.311004638672 69 69 69
21.875000000000 5.875000000000 44.399993896484 68 68 68
21.875000000000 5.875000000000 44.485015869141 66 66 66
21.875000000000 5.812500000000 44.570007324219 68 68 68
21.875000000000 5.875000000000 44.656005859375 61 61 61
21.875000000000 5.875000000000 44.742004394531 52 52 52
21.875000000000 5.875000000000 44.826995849609 64 64 64
21.875000000000 5.812500000000 44.911010742188 86 86 86
21.875000000000 5.875000000000 44.993011474609 110 110 110
21.937500000000 5.875000000000 45.076995849609 105 105 105
22.000000000000 5.937500000000 45.161010742188 81 81 81
22.125000000000 6.062500000000 45.332000732422 81 81 81
22.000000000000 5.937500000000 45.852020263672 144 144 144
22.000000000000 6.000000000000 45.940002441406 156 156 156
22.000000000000 6.000000000000 46.027008056641 149 149 149
22.000000000000 6.000000000000 46.201019287109 143 143 143
22.000000000000 6.000000000000 46.289001464844 150 150 150
22.000000000000 6.000000000000 46.376007080078 136 136 136
22.000000000000 6.000000000000 46.466003417969 141 141 141
22.000000000000 6.000000000000 46.550994873047 124 124 124
22.187500000000 6.187500000000 45.061004638672 54 54 54
22.000000000000 6.062500000000 45.761016845703 121 121 121
22.000000000000 6.062500000000 45.848022460938 153 153 153
22.000000000000 6.062500000000 45.934020996094 146 146 146
22.000000000000 6.062500000000 46.110015869141 145 145 145
22.000000000000 6.062500000000 46.197021484375 155 155 155
22.062500000000 6.125000000000 46.286010742188 147 147 147
22.000000000000 6.125000000000 46.460998535156 135 135 135
22.000000000000 6.125000000000 46.549011230469 139 139 139
22.062500000000 6.125000000000 46.640014648438 95 95 95
22.187500000000 6.187500000000 45.149017333984 81 81 81
22.000000000000 6.250000000000 45.757995605469 198 198 198
22.000000000000 6.250000000000 45.845001220703 144 144 144
22.000000000000 6.250000000000 46.020019531250 140 140 140
22.062500000000 6.312500000000 46.109008789063 158 158 158
22.062500000000 6.312500000000 46.196014404297 141 141 141
22.000000000000 6.250000000000 46.457000732422 30 30 30
22.000000000000 6.250000000000 46.546997070313 139 139 139
22.000000000000 6.312500000000 46.639007568359 139 139 139
22.000000000000 6.312500000000 46.727996826172 29 29 29
22.000000000000 6.375000000000 45.934020996094 56 56 56
22.062500000000 6.437500000000 46.023010253906 142 142 142
22.062500000000 6.437500000000 46.111022949219 143 143 143
22.062500000000 6.437500000000 46.554016113281 81 81 81
22.062500000000 6.437500000000 46.643005371094 132 132 132
22.062500000000 6.437500000000 46.731018066406 112 112 112
21.937500000000 5.312500000000 46.717010498047 220 220 220
21.937500000000 5.312500000000 46.638000488281 223 223 223
21.937500000000 5.312500000000 46.562011718750 221 221 221
21.937500000000 5.312500000000 46.102996826172 226 226 226
21.937500000000 5.312500000000 46.029022216797 228 228 228
21.937500000000 5.312500000000 45.954010009766 181 181 181
22.000000000000 5.687500000000 46.503997802734 228 228 228
22.000000000000 5.687500000000 46.429016113281 233 233 233
22.000000000000 5.687500000000 46.351013183594 219 219 219
22.000000000000 5.687500000000 46.273010253906 223 223 223
22.000000000000 5.687500000000 46.197998046875 227 227 227
22.000000000000 5.687500000000 46.121002197266 171 171 171
22.000000000000 5.687500000000 46.050018310547 21 21 21
22.000000000000 5.687500000000 45.971008300781 231 231 231
22.000000000000 5.687500000000 45.897003173828 229 229 229
22.000000000000 5.687500000000 45.822998046875 238 238 238
22.062500000000 5.687500000000 45.154022216797 115 115 115
22.062500000000 5.687500000000 45.079010009766 113 113 113
22.062500000000 5.687500000000 45.003021240234 184 184 184
22.125000000000 5.750000000000 44.925994873047 117 117 117
22.125000000000 5.750000000000 44.851013183594 122 122 122
22.125000000000 5.750000000000 44.774993896484 118 118 118
22.125000000000 5.750000000000 44.699005126953 73 73 73
22.000000000000 5.812500000000 46.657012939453 138 138 138
22.000000000000 5.812500000000 46.580017089844 124 124 124
22.000000000000 5.812500000000 46.503997802734 162 162 162
22.000000000000 5.812500000000 46.425994873047 186 186 186
22.000000000000 5.812500000000 46.350006103516 188 188 188
22.000000000000 5.812500000000 46.273010253906 187 187 187
22.000000000000 5.812500000000 46.197998046875 168 168 168
22.000000000000 5.812500000000 46.122009277344 153 153 153
22.000000000000 5.812500000000 46.046997070313 180 180 180
22.000000000000 5.812500000000 45.971008300781 189 189 189
22.000000000000 5.812500000000 45.895996093750 180 180 180
22.000000000000 5.812500000000 45.821014404297 166 166 166
21.937500000000 5.812500000000 45.744995117188 167 167 167
22.000000000000 5.812500000000 45.671997070313 166 166 166
22.000000000000 5.812500000000 45.597015380859 170 170 170
22.000000000000 5.812500000000 45.523010253906 171 171 171
22.000000000000 5.812500000000 45.449005126953 167 167 167
22.000000000000 5.812500000000 45.227020263672 171 171 171
22.000000000000 5.812500000000 45.154022216797 175 175 175
22.000000000000 5.812500000000 45.080017089844 182 182 182
22.000000000000 5.812500000000 45.006011962891 172 172 172
21.937500000000 5.812500000000 44.932006835938 176 176 176
22.000000000000 5.812500000000 44.858001708984 183 183 183
22.000000000000 5.812500000000 44.783996582031 187 187 187
21.937500000000 5.812500000000 44.710021972656 184 184 184
22.000000000000 5.812500000000 44.635009765625 188 188 188
22.000000000000 5.812500000000 44.561004638672 185 185 185
22.000000000000 5.812500000000 44.486022949219 179 179 179
22.000000000000 5.812500000000 44.411010742188 180 180 180
22.000000000000 5.812500000000 44.335998535156 177 177 177
22.000000000000 5.812500000000 44.260009765625 176 176 176
22.000000000000 5.812500000000 44.184020996094 175 175 175
22.000000000000 5.812500000000 44.110015869141 178 178 178
22.000000000000 5.812500000000 44.032012939453 175 175 175
22.000000000000 5.812500000000 43.955993652344 173 173 173
22.000000000000 5.812500000000 43.878021240234 172 172 172
22.000000000000 5.812500000000 43.800994873047 173 173 173
22.000000000000 5.812500000000 43.726013183594 175 175 175
22.000000000000 5.812500000000 43.647003173828 169 169 169
22.000000000000 5.812500000000 43.567993164063 169 169 169
21.937500000000 5.812500000000 43.492004394531 175 175 175
22.000000000000 5.812500000000 43.408996582031 167 167 167
21.937500000000 5.812500000000 43.333007812500 170 170 170
21.937500000000 5.812500000000 43.259002685547 154 154 154
22.000000000000 5.812500000000 46.736999511719 99 99 99
22.000000000000 5.812500000000 45.302001953125 112 112 112
22.000000000000 6.000000000000 46.576019287109 148 148 148
22.000000000000 6.000000000000 46.498016357422 208 208 208
22.000000000000 6.000000000000 46.420013427734 217 217 217
22.000000000000 6.000000000000 46.345001220703 220 220 220
22.000000000000 6.000000000000 46.272003173828 255 255 255
22.000000000000 6.000000000000 46.192993164063 248 248 248
22.000000000000 6.000000000000 46.117004394531 157 157 157
22.000000000000 6.000000000000 46.040008544922 150 150 150
22.000000000000 6.000000000000 45.964019775391 246 246 246
22.000000000000 6.000000000000 45.889007568359 255 255 255
22.000000000000 6.000000000000 45.813995361328 255 255 255
22.125000000000 6.000000000000 45.292999267578 118 118 118
22.125000000000 6.000000000000 45.217010498047 120 120 120
22.125000000000 6.062500000000 45.141021728516 119 119 119
22.125000000000 6.000000000000 45.065002441406 104 104 104
22.125000000000 6.000000000000 44.989013671875 137 137 137
22.125000000000 6.062500000000 44.914001464844 113 113 113
22.125000000000 6.062500000000 44.839019775391 135 135 135
22.062500000000 6.125000000000 46.651000976563 55 55 55
22.000000000000 6.125000000000 46.570007324219 205 205 205
22.000000000000 6.125000000000 46.493011474609 212 212 212
22.000000000000 6.125000000000 46.414001464844 206 206 206
22.062500000000 6.125000000000 46.266021728516 253 253 253
22.062500000000 6.125000000000 46.188018798828 253 253 253
22.062500000000 6.125000000000 46.110015869141 248 248 248
22.062500000000 6.125000000000 45.959014892578 228 228 228
22.062500000000 6.125000000000 45.882995605469 255 255 255
22.000000000000 6.125000000000 45.807006835938 255 255 255
22.062500000000 6.125000000000 45.731994628906 227 227 227
22.187500000000 6.187500000000 45.285003662109 103 103 103
22.187500000000 6.187500000000 45.209014892578 124 124 124
22.187500000000 6.187500000000 45.132995605469 130 130 130
22.187500000000 6.125000000000 45.055999755859 121 121 121
22.187500000000 6.187500000000 44.980010986328 82 82 82
22.000000000000 6.312500000000 46.644012451172 209 209 209
22.000000000000 6.312500000000 46.567016601563 211 211 211
22.000000000000 6.312500000000 46.489013671875 207 207 207
22.062500000000 6.312500000000 46.184020996094 249 249 249
22.062500000000 6.312500000000 46.106018066406 247 247 247
22.062500000000 6.312500000000 46.029998779297 249 249 249
22.000000000000 6.312500000000 45.877014160156 247 247 247
22.062500000000 6.312500000000 45.802001953125 255 255 255
22.000000000000 6.312500000000 45.725006103516 215 215 215
22.062500000000 6.375000000000 46.723022460938 202 202 202
22.062500000000 6.375000000000 46.645019531250 202 202 202
22.062500000000 6.375000000000 46.565002441406 206 206 206
22.062500000000 6.375000000000 46.105010986328 239 239 239
22.062500000000 6.375000000000 46.028015136719 241 241 241
22.062500000000 6.375000000000 45.951019287109 218 218 218
22.125000000000 6.500000000000 46.091003417969 17 17 17
22.062500000000 6.437500000000 46.705017089844 214 214 214
22.062500000000 6.437500000000 46.632995605469 198 198 198
22.062500000000 6.437500000000 46.563995361328 200 200 200
22.125000000000 6.437500000000 46.160003662109 69 69 69
22.062500000000 6.437500000000 46.088012695313 229 229 229
22.062500000000 6.437500000000 46.020996093750 228 228 228
22.062500000000 6.437500000000 45.954010009766 215 215 215
22.062500000000 6.375000000000 46.697998046875 194 194 194
22.062500000000 6.375000000000 46.631011962891 205 205 205
22.062500000000 6.375000000000 46.561004638672 207 207 207
22.062500000000 6.375000000000 46.490020751953 199 199 199
22.062500000000 6.375000000000 46.154998779297 231 231 231
22.062500000000 6.375000000000 46.085998535156 233 233 233
22.062500000000 6.375000000000 46.019012451172 237 237 237
22.062500000000 6.375000000000 45.951019287109 132 132 132
22.062500000000 6.375000000000 45.817993164063 236 236 236
22.000000000000 6.312500000000 45.750000000000 121 121 121
22.000000000000 6.250000000000 46.626007080078 202 202 202
22.000000000000 6.250000000000 46.559020996094 206 206 206
22.000000000000 6.250000000000 46.490020751953 209 209 209
22.000000000000 6.250000000000 46.421020507813 170 170 170
22.062500000000 6.187500000000 46.218994140625 232 232 232
22.062500000000 6.187500000000 46.153015136719 234 234 234
22.062500000000 6.187500000000 46.085998535156 242 242 242
22.000000000000 6.250000000000 46.016021728516 184 184 184
22.062500000000 6.187500000000 45.885009765625 255 255 255
22.062500000000 6.187500000000 45.817993164063 241 241 241
22.062500000000 6.187500000000 45.751007080078 231 231 231
22.000000000000 6.250000000000 45.684997558594 177 177 177
22.187500000000 6.250000000000 45.226013183594 35 35 35
22.125000000000 6.250000000000 45.158996582031 113 113 113
22.187500000000 6.250000000000 45.092010498047 104 104 104
22.000000000000 6.187500000000 46.555023193359 200 200 200
22.000000000000 6.125000000000 46.486999511719 204 204 204
22.000000000000 6.125000000000 46.420013427734 207 207 207
22.062500000000 6.125000000000 46.355010986328 52 52 52
22.062500000000 6.125000000000 46.287017822266 234 234 234
22.062500000000 6.125000000000 46.220001220703 240 240 240
22.062500000000 6.125000000000 46.152008056641 244 244 244
22.062500000000 6.125000000000 46.084014892578 227 227 227
22.062500000000 6.125000000000 45.951995849609 240 240 240
22.062500000000 6.125000000000 45.885009765625 239 239 239
22.000000000000 6.125000000000 45.817993164063 255 255 255
22.000000000000 6.125000000000 45.752014160156 236 236 236
22.187500000000 6.187500000000 45.296020507813 121 121 121
22.187500000000 6.187500000000 45.229003906250 132 132 132
22.187500000000 6.187500000000 45.162017822266 134 134 134
22.187500000000 6.187500000000 45.095001220703 130 130 130
22.187500000000 6.187500000000 45.028015136719 129 129 129
22.125000000000 6.125000000000 44.963012695313 112 112 112
22.125000000000 6.125000000000 44.895996093750 60 60 60
22.000000000000 5.937500000000 46.153015136719 110 110 110
22.000000000000 5.937500000000 46.082000732422 146 146 146
22.000000000000 5.937500000000 46.016998291016 195 195 195
22.000000000000 5.937500000000 45.951019287109 211 211 211
22.000000000000 5.937500000000 45.886016845703 211 211 211
22.000000000000 5.937500000000 45.817993164063 158 158 158
22.000000000000 5.937500000000 45.753021240234 152 152 152
22.000000000000 5.937500000000 45.688018798828 157 157 157
22.000000000000 5.937500000000 45.623016357422 154 154 154
22.000000000000 5.937500000000 45.558013916016 143 143 143
21.937500000000 5.875000000000 45.493011474609 147 147 147
21.937500000000 5.875000000000 45.428009033203 157 157 157
22.000000000000 5.937500000000 45.235015869141 158 158 158
22.000000000000 5.937500000000 45.170013427734 174 174 174
21.937500000000 5.875000000000 45.105010986328 174 174 174
22.000000000000 5.937500000000 45.040008544922 154 154 154
21.937500000000 5.875000000000 44.976013183594 173 173 173
22.000000000000 5.937500000000 44.910003662109 156 156 156
22.000000000000 5.937500000000 44.845001220703 157 157 157
22.000000000000 5.937500000000 44.779022216797 151 151 151
22.000000000000 5.937500000000 44.714996337891 156 156 156
21.937500000000 5.875000000000 44.651000976563 145 145 145
21.937500000000 5.875000000000 44.585021972656 148 148 148
21.937500000000 5.875000000000 44.520019531250 147 147 147
21.937500000000 5.875000000000 44.454010009766 147 147 147
21.937500000000 5.875000000000 44.388000488281 157 157 157
21.937500000000 5.875000000000 44.322021484375 155 155 155
21.937500000000 5.875000000000 44.256011962891 159 159 159
21.937500000000 5.875000000000 44.188995361328 148 148 148
21.937500000000 5.875000000000 44.123016357422 153 153 153
21.937500000000 5.875000000000 44.058013916016 148 148 148
21.937500000000 5.875000000000 43.989013671875 145 145 145
21.937500000000 5.875000000000 43.920013427734 152 152 152
21.937500000000 5.875000000000 43.851013183594 157 157 157
21.937500000000 5.875000000000 43.782012939453 149 149 149
21.937500000000 5.875000000000 43.712005615234 144 144 144
21.937500000000 5.875000000000 43.647003173828 149 149 149
21.937500000000 5.875000000000 43.572998046875 143 143 143
21.937500000000 5.875000000000 43.505004882813 122 122 122
21.937500000000 5.875000000000 43.434020996094 142 142 142
21.937500000000 5.875000000000 43.363006591797 153 153 153
21.937500000000 5.875000000000 43.291015625000 161 161 161
21.937500000000 5.875000000000 43.227020263672 149 149 149
22.000000000000 5.937500000000 46.628997802734 98 98 98
22.000000000000 5.937500000000 46.562011718750 108 108 108
22.000000000000 5.937500000000 46.492004394531 113 113 113
22.000000000000 5.937500000000 46.424011230469 129 129 129
22.000000000000 5.937500000000 46.356018066406 154 154 154
22.000000000000 5.937500000000 46.289001464844 167 167 167
22.000000000000 5.937500000000 46.223999023438 186 186 186
22.000000000000 5.812500000000 46.686004638672 174 174 174
22.000000000000 5.812500000000 46.618011474609 171 171 171
22.000000000000 5.812500000000 46.552001953125 138 138 138
22.000000000000 5.812500000000 46.483001708984 166 166 166
22.000000000000 5.812500000000 46.417022705078 164 164 164
22.000000000000 5.812500000000 46.348999023438 164 164 164
22.000000000000 5.812500000000 46.281005859375 178 178 178
22.000000000000 5.812500000000 46.214996337891 161 161 161
22.000000000000 5.812500000000 46.149017333984 172 172 172
22.000000000000 5.812500000000 46.082000732422 170 170 170
22.000000000000 5.812500000000 46.016021728516 178 178 178
22.000000000000 5.812500000000 45.950012207031 191 191 191
22.000000000000 5.812500000000 45.885009765625 181 181 181
22.000000000000 5.812500000000 45.821014404297 181 181 181
22.000000000000 5.812500000000 45.755004882813 182 182 182
22.000000000000 5.812500000000 45.690002441406 175 175 175
22.000000000000 5.812500000000 45.625000000000 188 188 188
22.000000000000 5.812500000000 45.559997558594 177 177 177
22.000000000000 5.812500000000 45.496002197266 177 177 177
22.000000000000 5.812500000000 45.430999755859 178 178 178
22.000000000000 5.812500000000 45.238006591797 176 176 176
22.000000000000 5.812500000000 45.174011230469 172 172 172
22.000000000000 5.812500000000 45.109008789063 190 190 190
22.000000000000 5.812500000000 45.045013427734 184 184 184
22.000000000000 5.812500000000 44.980010986328 178 178 178
22.000000000000 5.812500000000 44.916015625000 187 187 187
22.000000000000 5.812500000000 44.851013183594 191 191 191
22.000000000000 5.812500000000 44.786010742188 198 198 198
22.000000000000 5.812500000000 44.721008300781 187 187 187
22.000000000000 5.812500000000 44.657012939453 185 185 185
22.000000000000 5.812500000000 44.592010498047 182 182 182
22.000000000000 5.812500000000 44.526000976563 183 183 183
22.000000000000 5.812500000000 44.460998535156 180 180 180
22.000000000000 5.812500000000 44.395019531250 179 179 179
22.000000000000 5.812500000000 44.330017089844 179 179 179
22.000000000000 5.812500000000 44.264007568359 177 177 177
22.000000000000 5.812500000000 44.197021484375 178 178 178
22.000000000000 5.812500000000 44.128997802734 181 181 181
22.000000000000 5.812500000000 44.063018798828 175 175 175
22.000000000000 5.812500000000 43.996002197266 175 175 175
22.000000000000 5.812500000000 43.928009033203 177 177 177
22.000000000000 5.812500000000 43.860015869141 179 179 179
22.000000000000 5.812500000000 43.790008544922 179 179 179
22.000000000000 5.812500000000 43.721008300781 174 174 174
22.000000000000 5.812500000000 43.652008056641 174 174 174
22.000000000000 5.812500000000 43.584014892578 176 176 176
22.000000000000 5.812500000000 43.513000488281 178 178 178
22.000000000000 5.812500000000 43.441009521484 173 173 173
22.000000000000 5.812500000000 43.371002197266 168 168 168
22.000000000000 5.812500000000 43.300994873047 167 167 167
21.937500000000 5.812500000000 43.236999511719 160 160 160
22.000000000000 5.812500000000 46.490997314453 227 227 227
22.000000000000 5.812500000000 46.425994873047 255 255 255
22.000000000000 5.812500000000 46.354003906250 218 218 218
22.000000000000 5.812500000000 46.286010742188 215 215 215
22.000000000000 5.812500000000 46.221008300781 221 221 221
22.000000000000 5.812500000000 46.153015136719 201 201 201
22.000000000000 5.812500000000 46.020996093750 217 217 217
22.000000000000 5.812500000000 45.955993652344 221 221 221
22.000000000000 5.812500000000 45.891021728516 231 231 231
22.000000000000 5.812500000000 45.825012207031 219 219 219
22.062500000000 5.750000000000 45.177001953125 118 118 118
22.062500000000 5.750000000000 45.111999511719 148 148 148
22.125000000000 5.750000000000 45.045013427734 148 148 148
22.062500000000 5.750000000000 44.980010986328 163 163 163
22.062500000000 5.750000000000 44.912994384766 181 181 181
22.125000000000 5.750000000000 44.845001220703 118 118 118
22.125000000000 5.750000000000 44.779022216797 120 120 120
22.125000000000 5.750000000000 44.710021972656 120 120 120
22.000000000000 5.500000000000 46.692016601563 232 232 232
22.000000000000 5.500000000000 46.621002197266 229 229 229
22.000000000000 5.500000000000 46.554016113281 236 236 236
22.000000000000 5.500000000000 46.486022949219 233 233 233
21.937500000000 5.437500000000 46.214019775391 191 191 191
21.937500000000 5.437500000000 46.149017333984 220 220 220
21.937500000000 5.437500000000 46.084014892578 220 220 220
22.000000000000 5.500000000000 46.020996093750 231 231 231
21.937500000000 5.437500000000 45.886993408203 168 168 168
21.937500000000 5.437500000000 45.824005126953 235 235 235
21.937500000000 5.437500000000 45.757995605469 212 212 212
21.937500000000 5.375000000000 46.752014160156 219 219 219
21.937500000000 5.375000000000 46.688018798828 232 232 232
21.937500000000 5.375000000000 46.617004394531 227 227 227
21.937500000000 5.375000000000 46.549011230469 233 233 233
21.937500000000 5.375000000000 46.147003173828 226 226 226
21.937500000000 5.375000000000 46.080017089844 224 224 224
21.937500000000 5.375000000000 46.015014648438 227 227 227
21.937500000000 5.375000000000 45.949005126953 211 211 211
21.937500000000 5.312500000000 46.614013671875 217 217 217
21.875000000000 5.250000000000 46.076995849609 173 173 173
22.062500000000 6.500000000000 45.988006591797 18 18 18
22.062500000000 6.500000000000 46.067016601563 128 128 128
22.062500000000 6.500000000000 46.606994628906 133 133 133
22.000000000000 6.500000000000 46.680023193359 18 18 18
22.000000000000 6.375000000000 45.835021972656 87 87 87
22.000000000000 6.375000000000 45.989013671875 147 147 147
22.000000000000 6.375000000000 46.065002441406 152 152 152
22.000000000000 6.375000000000 46.141998291016 146 146 146
22.000000000000 6.375000000000 46.524017333984 109 109 109
22.000000000000 6.375000000000 46.606018066406 134 134 134
22.000000000000 6.375000000000 46.680999755859 202 202 202
22.062500000000 6.437500000000 46.765014648438 69 69 69
22.000000000000 6.250000000000 45.684020996094 98 98 98
22.000000000000 6.250000000000 45.759002685547 196 196 196
22.000000000000 6.250000000000 45.835998535156 140 140 140
22.000000000000 6.312500000000 45.912017822266 80 80 80
22.000000000000 6.312500000000 45.989013671875 32 32 32
22.000000000000 6.312500000000 46.063995361328 150 150 150
22.000000000000 6.312500000000 46.141021728516 143 143 143
22.000000000000 6.312500000000 46.217010498047 140 140 140
22.000000000000 6.312500000000 46.445007324219 46 46 46
22.000000000000 6.312500000000 46.524017333984 137 137 137
22.000000000000 6.312500000000 46.602020263672 136 136 136
22.000000000000 6.312500000000 46.680999755859 122 122 122
22.000000000000 6.187500000000 45.761016845703 151 151 151
22.000000000000 6.187500000000 45.837005615234 161 161 161
22.000000000000 6.187500000000 45.912017822266 154 154 154
22.000000000000 6.187500000000 46.063018798828 113 113 113
22.000000000000 6.187500000000 46.141021728516 154 154 154
22.000000000000 6.187500000000 46.217010498047 148 148 148
22.000000000000 6.187500000000 46.291015625000 98 98 98
22.000000000000 6.187500000000 46.446014404297 140 140 140
22.000000000000 6.187500000000 46.520996093750 139 139 139
22.000000000000 6.187500000000 46.602020263672 137 137 137
22.125000000000 6.250000000000 45.076019287109 39 39 39
21.875000000000 5.875000000000 43.201019287109 123 123 123
21.875000000000 5.937500000000 43.261993408203 131 131 131
21.875000000000 5.937500000000 43.335021972656 159 159 159
21.875000000000 5.875000000000 43.675018310547 57 57 57
21.875000000000 5.875000000000 43.753997802734 40 40 40
21.875000000000 5.875000000000 43.830017089844 27 27 27
21.875000000000 5.875000000000 43.906005859375 23 23 23
22.062500000000 6.062500000000 44.930999755859 20 20 20
22.125000000000 6.125000000000 45.002014160156 76 76 76
22.125000000000 6.125000000000 45.309997558594 64 64 64
22.000000000000 6.000000000000 45.838012695313 151 151 151
22.000000000000 6.062500000000 45.914001464844 153 153 153
22.000000000000 6.062500000000 45.990020751953 156 156 156
22.187500000000 6.187500000000 45.076019287109 68 68 68
22.000000000000 6.062500000000 46.141998291016 134 134 134
22.000000000000 6.062500000000 46.222015380859 118 118 118
21.875000000000 5.812500000000 43.269012451172 153 153 153
21.875000000000 5.812500000000 43.342010498047 143 143 143
21.937500000000 5.812500000000 43.408996582031 138 138 138
21.937500000000 5.812500000000 43.490997314453 139 139 139
21.937500000000 5.812500000000 43.569000244141 145 145 145
21.937500000000 5.812500000000 43.649993896484 141 141 141
21.937500000000 5.812500000000 43.731018066406 143 143 143
21.937500000000 5.812500000000 43.809020996094 141 141 141
21.937500000000 5.812500000000 43.890014648438 134 134 134
21.937500000000 5.812500000000 43.966003417969 138 138 138
21.937500000000 5.812500000000 44.045013427734 135 135 135
21.937500000000 5.812500000000 44.123016357422 136 136 136
21.937500000000 5.812500000000 44.200012207031 131 131 131
21.875000000000 5.812500000000 44.278015136719 126 126 126
21.937500000000 5.812500000000 44.350006103516 131 131 131
21.937500000000 5.812500000000 44.427001953125 130 130 130
21.937500000000 5.812500000000 44.502014160156 127 127 127
21.875000000000 5.812500000000 44.579010009766 133 133 133
21.875000000000 5.812500000000 44.653015136719 134 134 134
21.875000000000 5.812500000000 44.727020263672 131 131 131
21.875000000000 5.812500000000 44.802001953125 136 136 136
21.875000000000 5.812500000000 44.876007080078 129 129 129
21.875000000000 5.812500000000 44.951019287109 127 127 127
21.875000000000 5.812500000000 45.024017333984 129 129 129
21.875000000000 5.812500000000 45.317993164063 146 146 146
21.875000000000 5.812500000000 45.391021728516 141 141 141
21.875000000000 5.875000000000 45.464019775391 138 138 138
21.875000000000 5.875000000000 45.537017822266 131 131 131
21.875000000000 5.875000000000 46.572021484375 117 117 117
21.875000000000 5.875000000000 46.649993896484 114 114 114
21.875000000000 5.875000000000 46.725006103516 103 103 103
21.875000000000 5.875000000000 45.611999511719 108 108 108
22.000000000000 5.812500000000 44.645996093750 33 33 33
22.000000000000 5.812500000000 44.714996337891 102 102 102
22.000000000000 5.812500000000 44.792999267578 102 102 102
22.000000000000 5.875000000000 44.864013671875 147 147 147
21.937500000000 5.812500000000 44.947998046875 113 113 113
22.000000000000 5.812500000000 45.986999511719 120 120 120
22.000000000000 5.812500000000 46.062011718750 135 135 135
22.000000000000 5.812500000000 46.138000488281 140 140 140
21.937500000000 5.812500000000 46.210998535156 138 138 138
22.000000000000 5.812500000000 46.287994384766 149 149 149
21.937500000000 5.812500000000 46.364013671875 152 152 152
21.937500000000 5.812500000000 46.438995361328 151 151 151
21.937500000000 5.812500000000 46.516998291016 153 153 153
22.000000000000 5.812500000000 46.595001220703 154 154 154
21.937500000000 5.812500000000 46.671020507813 158 158 158
21.937500000000 5.812500000000 46.746002197266 51 51 51
22.000000000000 5.875000000000 45.016021728516 108 108 108
21.937500000000 5.750000000000 45.837005615234 139 139 139
22.000000000000 5.812500000000 45.912994384766 147 147 147
22.000000000000 5.812500000000 45.986999511719 146 146 146
22.000000000000 5.812500000000 46.061004638672 59 59 59
22.000000000000 5.812500000000 46.212005615234 151 151 151
22.000000000000 5.812500000000 46.287994384766 146 146 146
22.000000000000 5.812500000000 46.364013671875 143 143 143
22.000000000000 5.812500000000 46.442016601563 152 152 152
22.000000000000 5.812500000000 46.516998291016 144 144 144
22.125000000000 5.750000000000 44.933013916016 93 93 93
22.125000000000 5.750000000000 45.010009765625 152 152 152
22.000000000000 5.687500000000 45.089019775391 74 74 74
22.000000000000 5.687500000000 45.164001464844 81 81 81
22.125000000000 5.750000000000 45.236999511719 91 91 91
22.125000000000 5.750000000000 45.313018798828 94 94 94
21.937500000000 5.687500000000 45.761016845703 99 99 99
21.937500000000 5.687500000000 45.835021972656 139 139 139
21.937500000000 5.687500000000 45.910003662109 143 143 143
21.937500000000 5.687500000000 45.984008789063 124 124 124
21.937500000000 5.687500000000 46.134002685547 141 141 141
21.937500000000 5.687500000000 46.210021972656 141 141 141
21.937500000000 5.687500000000 46.283996582031 139 139 139
21.937500000000 5.687500000000 46.363006591797 71 71 71
21.937500000000 5.687500000000 46.440002441406 156 156 156
21.937500000000 5.687500000000 46.514007568359 153 153 153
21.937500000000 5.687500000000 46.589019775391 125 125 125
22.125000000000 5.750000000000 44.852996826172 89 89 89
22.062500000000 5.625000000000 44.934997558594 85 85 85
22.062500000000 5.625000000000 45.009002685547 90 90 90
22.062500000000 5.625000000000 45.085998535156 88 88 88
22.062500000000 5.625000000000 45.161010742188 181 181 181
22.062500000000 5.625000000000 45.236999511719 89 89 89
22.062500000000 5.625000000000 45.313995361328 96 96 96
21.937500000000 5.500000000000 45.684997558594 46 46 46
21.937500000000 5.500000000000 45.760009765625 199 199 199
21.937500000000 5.500000000000 45.833007812500 139 139 139
21.937500000000 5.500000000000 45.908020019531 137 137 137
21.937500000000 5.500000000000 46.055999755859 140 140 140
21.937500000000 5.500000000000 46.131011962891 144 144 144
21.937500000000 5.500000000000 46.207000732422 145 145 145
21.937500000000 5.500000000000 46.281005859375 60 60 60
21.937500000000 5.562500000000 46.434020996094 127 127 127
21.937500000000 5.562500000000 46.511016845703 156 156 156
21.937500000000 5.562500000000 46.589996337891 152 152 152
21.937500000000 5.562500000000 46.662994384766 75 75 75
22.062500000000 5.500000000000 45.085021972656 65 65 65
22.062500000000 5.500000000000 45.161010742188 97 97 97
22.062500000000 5.500000000000 45.236022949219 84 84 84
21.937500000000 5.437500000000 45.830993652344 114 114 114
21.937500000000 5.437500000000 45.979003906250 123 123 123
21.937500000000 5.437500000000 46.054016113281 145 145 145
21.937500000000 5.437500000000 46.128997802734 145 145 145
21.937500000000 5.437500000000 46.201995849609 121 121 121
21.937500000000 5.437500000000 46.507995605469 150 150 150
21.937500000000 5.437500000000 46.584014892578 162 162 162
21.937500000000 5.437500000000 46.658996582031 151 151 151
21.937500000000 5.437500000000 46.731994628906 19 19 19
21.937500000000 5.312500000000 45.977020263672 94 94 94
21.875000000000 5.312500000000 46.049011230469 136 136 136
21.875000000000 5.312500000000 46.123016357422 141 141 141
21.937500000000 5.375000000000 46.579010009766 162 162 162
21.937500000000 5.375000000000 46.654022216797 182 182 182
21.937500000000 5.375000000000 46.730010986328 141 141 141
22.062500000000 6.500000000000 46.696014404297 103 103 103
22.062500000000 6.500000000000 46.614013671875 175 175 175
22.125000000000 6.500000000000 46.067016601563 167 167 167
22.062500000000 6.437500000000 46.694000244141 204 204 204
22.062500000000 6.437500000000 46.615997314453 180 180 180
22.062500000000 6.437500000000 46.537017822266 176 176 176
22.062500000000 6.437500000000 46.145996093750 175 175 175
22.062500000000 6.437500000000 46.067993164063 177 177 177
22.062500000000 6.437500000000 45.990020751953 181 181 181
22.000000000000 6.312500000000 46.691009521484 172 172 172
22.000000000000 6.312500000000 46.613006591797 174 174 174
22.000000000000 6.312500000000 46.533020019531 182 182 182
22.000000000000 6.312500000000 46.453002929688 42 42 42
22.000000000000 6.312500000000 46.222015380859 129 129 129
22.000000000000 6.312500000000 46.143005371094 178 178 178
22.000000000000 6.312500000000 46.067016601563 182 182 182
22.000000000000 6.312500000000 45.989013671875 158 158 158
22.000000000000 6.312500000000 45.834014892578 174 174 174
22.000000000000 6.312500000000 45.757019042969 105 105 105
22.187500000000 6.250000000000 45.136993408203 20 20 20
22.062500000000 6.187500000000 46.609008789063 181 181 181
22.062500000000 6.187500000000 46.529998779297 176 176 176
22.062500000000 6.187500000000 46.451019287109 180 180 180
22.062500000000 6.187500000000 46.218017578125 177 177 177
22.062500000000 6.187500000000 46.141998291016 181 181 181
22.000000000000 6.250000000000 46.063018798828 176 176 176
22.062500000000 6.187500000000 45.910003662109 172 172 172
22.062500000000 6.187500000000 45.833007812500 179 179 179
22.000000000000 6.250000000000 45.756011962891 212 212 212
22.062500000000 6.187500000000 45.680023193359 30 30 30
22.187500000000 6.187500000000 45.294006347656 93 93 93
22.187500000000 6.187500000000 45.216003417969 106 106 106
22.187500000000 6.187500000000 45.138000488281 121 121 121
22.187500000000 6.187500000000 45.059020996094 106 106 106
22.187500000000 6.187500000000 44.981994628906 74 74 74
22.000000000000 6.062500000000 46.604003906250 134 134 134
22.000000000000 6.125000000000 46.524993896484 178 178 178
22.062500000000 6.125000000000 46.447998046875 181 181 181
22.062500000000 6.125000000000 46.371002197266 136 136 136
22.062500000000 6.125000000000 46.292022705078 176 176 176
22.062500000000 6.125000000000 46.216003417969 177 177 177
22.062500000000 6.125000000000 46.138000488281 175 175 175
22.062500000000 6.125000000000 45.984008789063 147 147 147
22.000000000000 6.125000000000 45.906005859375 175 175 175
22.062500000000 6.125000000000 45.830017089844 183 183 183
22.062500000000 6.125000000000 45.753997802734 153 153 153
22.187500000000 6.062500000000 45.292999267578 96 96 96
22.187500000000 6.062500000000 45.216003417969 101 101 101
22.125000000000 6.125000000000 45.139007568359 89 89 89
22.187500000000 6.062500000000 45.059020996094 90 90 90
22.125000000000 6.125000000000 44.983001708984 48 48 48
22.125000000000 6.125000000000 44.906005859375 38 38 38
22.187500000000 6.062500000000 44.822998046875 33 33 33
22.000000000000 6.000000000000 46.520019531250 180 180 180
22.000000000000 6.000000000000 46.440002441406 182 182 182
22.000000000000 6.000000000000 46.363006591797 179 179 179
22.000000000000 6.000000000000 46.287994384766 175 175 175
22.000000000000 6.000000000000 46.210021972656 179 179 179
22.000000000000 6.000000000000 46.132019042969 79 79 79
22.000000000000 6.000000000000 46.057006835938 55 55 55
22.000000000000 6.000000000000 45.979003906250 175 175 175
22.000000000000 6.000000000000 45.903015136719 182 182 182
22.000000000000 6.000000000000 45.826019287109 176 176 176
22.125000000000 5.937500000000 45.291015625000 97 97 97
22.125000000000 5.937500000000 45.213012695313 105 105 105
22.125000000000 6.000000000000 45.138000488281 95 95 95
22.125000000000 5.937500000000 45.058013916016 166 166 166
22.125000000000 5.937500000000 44.980010986328 158 158 158
22.125000000000 5.937500000000 44.902008056641 130 130 130
22.125000000000 5.937500000000 44.821014404297 89 89 89
22.125000000000 5.937500000000 44.744995117188 86 86 86
22.000000000000 5.937500000000 46.669006347656 106 106 106
22.000000000000 5.937500000000 46.589996337891 104 104 104
22.000000000000 5.937500000000 46.515014648438 103 103 103
22.000000000000 5.937500000000 46.437011718750 168 168 168
22.000000000000 5.937500000000 46.359008789063 169 169 169
22.000000000000 5.937500000000 46.282012939453 169 169 169
22.000000000000 5.937500000000 46.207000732422 159 159 159
22.000000000000 5.937500000000 46.128021240234 77 77 77
22.000000000000 5.937500000000 46.052001953125 164 164 164
22.000000000000 5.937500000000 45.977020263672 169 169 169
22.000000000000 5.937500000000 45.899993896484 173 173 173
22.000000000000 5.937500000000 45.824005126953 40 40 40
22.000000000000 5.937500000000 45.748016357422 31 31 31
22.125000000000 5.875000000000 45.290008544922 147 147 147
22.125000000000 5.875000000000 45.213012695313 100 100 100
22.000000000000 5.937500000000 45.140014648438 161 161 161
22.000000000000 5.937500000000 45.065002441406 130 130 130
22.000000000000 5.937500000000 44.990020751953 158 158 158
22.062500000000 5.875000000000 44.906005859375 147 147 147
22.125000000000 5.875000000000 44.824005126953 114 114 114
22.125000000000 5.875000000000 44.744995117188 95 95 95
22.125000000000 5.875000000000 44.666015625000 93 93 93
21.875000000000 5.812500000000 46.726013183594 104 104 104
21.875000000000 5.875000000000 46.645996093750 108 108 108
21.875000000000 5.812500000000 46.570007324219 97 97 97
21.875000000000 5.812500000000 46.494995117188 105 105 105
21.875000000000 5.875000000000 46.417022705078 165 165 165
21.875000000000 5.812500000000 46.343017578125 100 100 100
21.875000000000 5.937500000000 46.264007568359 174 174 174
21.875000000000 5.812500000000 46.192993164063 100 100 100
21.875000000000 5.937500000000 46.114013671875 169 169 169
21.875000000000 5.875000000000 46.042022705078 101 101 101
21.875000000000 5.937500000000 45.964996337891 103 103 103
21.875000000000 5.937500000000 45.890014648438 132 132 132
21.937500000000 5.875000000000 45.817016601563 107 107 107
21.875000000000 5.875000000000 45.742004394531 107 107 107
21.875000000000 5.937500000000 45.667022705078 109 109 109
21.875000000000 5.937500000000 45.592010498047 122 122 122
21.875000000000 5.875000000000 45.518005371094 130 130 130
21.875000000000 5.937500000000 45.442993164063 131 131 131
21.875000000000 5.937500000000 45.369018554688 123 123 123
21.875000000000 5.875000000000 45.294006347656 115 115 115
21.937500000000 5.875000000000 45.218994140625 100 100 100
21.937500000000 5.875000000000 45.144012451172 103 103 103
21.937500000000 5.875000000000 45.067993164063 108 108 108
21.937500000000 5.875000000000 44.993011474609 107 107 107
21.937500000000 5.875000000000 44.917022705078 119 119 119
21.937500000000 5.875000000000 44.841003417969 139 139 139
21.937500000000 5.875000000000 44.766021728516 121 121 121
21.937500000000 5.875000000000 44.688995361328 124 124 124
21.937500000000 5.875000000000 44.613006591797 121 121 121
21.937500000000 5.875000000000 44.539001464844 133 133 133
21.937500000000 5.875000000000 44.459014892578 133 133 133
22.000000000000 5.875000000000 44.381011962891 140 140 140
21.937500000000 5.875000000000 44.305999755859 142 142 142
21.937500000000 5.875000000000 44.229003906250 142 142 142
22.000000000000 5.875000000000 44.147003173828 146 146 146
22.000000000000 5.875000000000 44.069000244141 137 137 137
21.937500000000 5.875000000000 43.993011474609 133 133 133
22.000000000000 5.875000000000 43.912017822266 138 138 138
22.000000000000 5.875000000000 43.830017089844 147 147 147
22.000000000000 5.875000000000 43.753021240234 132 132 132
22.000000000000 5.875000000000 43.671020507813 137 137 137
22.000000000000 5.875000000000 43.589996337891 139 139 139
22.000000000000 5.875000000000 43.510009765625 114 114 114
22.000000000000 5.875000000000 43.425018310547 134 134 134
22.000000000000 5.875000000000 43.343994140625 131 131 131
21.937500000000 5.875000000000 43.266998291016 129 129 129
21.875000000000 5.875000000000 43.195007324219 118 118 118
22.000000000000 5.812500000000 46.511993408203 166 166 166
22.000000000000 5.812500000000 46.434997558594 172 172 172
22.000000000000 5.812500000000 46.355010986328 178 178 178
22.000000000000 5.812500000000 46.277008056641 179 179 179
22.000000000000 5.812500000000 46.200012207031 178 178 178
22.000000000000 5.812500000000 46.048004150391 174 174 174
22.000000000000 5.812500000000 45.973022460938 175 175 175
22.000000000000 5.812500000000 45.897003173828 181 181 181
22.000000000000 5.812500000000 45.821014404297 65 65 65
22.125000000000 5.750000000000 45.290008544922 107 107 107
22.125000000000 5.750000000000 45.213012695313 106 106 106
22.000000000000 5.812500000000 45.141998291016 122 122 122
22.000000000000 5.812500000000 45.066009521484 126 126 126
22.000000000000 5.812500000000 44.990997314453 156 156 156
22.125000000000 5.750000000000 44.904022216797 114 114 114
22.125000000000 5.750000000000 44.826019287109 106 106 106
22.125000000000 5.750000000000 44.747009277344 94 94 94
21.937500000000 5.812500000000 44.539001464844 29 29 29
22.000000000000 5.812500000000 44.464996337891 48 48 48
21.937500000000 5.812500000000 44.391998291016 65 65 65
21.937500000000 5.812500000000 44.319000244141 73 73 73
21.937500000000 5.812500000000 44.244018554688 91 91 91
21.875000000000 5.812500000000 44.169006347656 89 89 89
21.875000000000 5.812500000000 44.093017578125 95 95 95
21.875000000000 5.812500000000 44.016021728516 94 94 94
21.875000000000 5.812500000000 43.938018798828 83 83 83
21.875000000000 5.812500000000 43.861022949219 77 77 77
21.875000000000 5.812500000000 43.779998779297 82 82 82
21.875000000000 5.812500000000 43.701019287109 73 73 73
21.875000000000 5.812500000000 43.619995117188 74 74 74
21.875000000000 5.812500000000 43.539001464844 82 82 82
21.875000000000 5.812500000000 43.460021972656 104 104 104
21.937500000000 5.812500000000 43.364013671875 150 150 150
21.875000000000 5.812500000000 43.296020507813 110 110 110
22.000000000000 5.687500000000 46.588012695313 148 148 148
22.000000000000 5.687500000000 46.511016845703 172 172 172
22.000000000000 5.687500000000 46.432006835938 173 173 173
22.000000000000 5.687500000000 46.354003906250 142 142 142
22.000000000000 5.687500000000 46.277008056641 181 181 181
22.000000000000 5.687500000000 46.200012207031 178 178 178
22.000000000000 5.687500000000 46.125000000000 163 163 163
22.000000000000 5.687500000000 45.973022460938 178 178 178
22.000000000000 5.687500000000 45.897003173828 179 179 179
22.000000000000 5.687500000000 45.821014404297 176 176 176
22.125000000000 5.687500000000 45.291015625000 99 99 99
22.125000000000 5.687500000000 45.214019775391 113 113 113
22.062500000000 5.687500000000 45.140014648438 97 97 97
22.125000000000 5.687500000000 45.059997558594 98 98 98
22.125000000000 5.687500000000 44.983001708984 95 95 95
22.125000000000 5.687500000000 44.904998779297 102 102 102
22.125000000000 5.687500000000 44.829010009766 40 40 40
22.000000000000 5.687500000000 43.177001953125 192 192 192
21.937500000000 5.562500000000 46.587005615234 170 170 170
21.937500000000 5.562500000000 46.509002685547 171 171 171
21.937500000000 5.562500000000 46.432006835938 168 168 168
21.937500000000 5.562500000000 46.277008056641 173 173 173
21.937500000000 5.562500000000 46.201019287109 177 177 177
21.937500000000 5.562500000000 46.125000000000 178 178 178
21.937500000000 5.562500000000 46.050994873047 64 64 64
21.937500000000 5.562500000000 45.972015380859 96 96 96
21.937500000000 5.562500000000 45.898010253906 176 176 176
21.937500000000 5.562500000000 45.822021484375 181 181 181
21.937500000000 5.562500000000 45.748016357422 165 165 165
22.062500000000 5.500000000000 45.294006347656 19 19 19
22.062500000000 5.500000000000 45.218017578125 99 99 99
22.062500000000 5.500000000000 45.141021728516 212 212 212
22.062500000000 5.500000000000 45.063995361328 95 95 95
22.062500000000 5.500000000000 44.988006591797 61 61 61
22.000000000000 5.500000000000 46.664001464844 170 170 170
22.000000000000 5.500000000000 46.587005615234 168 168 168
22.000000000000 5.500000000000 46.510009765625 175 175 175
22.000000000000 5.500000000000 46.201995849609 184 184 184
22.000000000000 5.500000000000 46.126007080078 183 183 183
22.000000000000 5.500000000000 46.050018310547 179 179 179
21.937500000000 5.500000000000 45.899017333984 178 178 178
21.937500000000 5.500000000000 45.825012207031 178 178 178
22.000000000000 5.500000000000 45.750000000000 210 210 210
22.000000000000 5.500000000000 45.675994873047 35 35 35
22.000000000000 5.437500000000 46.740997314453 148 148 148
22.000000000000 5.437500000000 46.662017822266 173 173 173
22.000000000000 5.437500000000 46.585998535156 173 173 173
22.000000000000 5.437500000000 46.510009765625 125 125 125
21.937500000000 5.437500000000 46.201019287109 135 135 135
21.937500000000 5.437500000000 46.126007080078 181 181 181
22.000000000000 5.437500000000 46.052001953125 182 182 182
22.000000000000 5.437500000000 45.976013183594 148 148 148
22.000000000000 5.437500000000 45.826019287109 169 169 169
21.937500000000 5.312500000000 46.738006591797 108 108 108
21.937500000000 5.312500000000 46.662017822266 185 185 185
21.937500000000 5.312500000000 46.585021972656 167 167 167
21.937500000000 5.312500000000 46.127014160156 179 179 179
21.937500000000 5.312500000000 46.050994873047 174 174 174
21.937500000000 5.312500000000 45.976013183594 168 168 168
