10.217042922974 9.172209739685 44.556003570557 158 158 158
10.232259750366 9.175753593445 44.511997222900 193 193 193
10.232259750366 9.175753593445 44.471004486084 190 190 190
10.232259750366 9.175753593445 44.432003021240 204 204 204
10.232259750366 9.175753593445 44.391002655029 206 206 206
10.232259750366 9.175753593445 44.350002288818 215 215 215
10.232259750366 9.175753593445 44.310001373291 134 134 134
10.293132781982 9.189927101135 43.981998443604 188 188 188
10.296676635742 9.174709320068 43.940998077393 198 198 198
10.310121536255 9.185861587524 43.900997161865 197 197 197
10.327112197876 9.181796073914 43.860004425049 198 198 198
10.354003906250 9.204100608826 43.820003509521 196 196 196
10.354003906250 9.204100608826 43.781002044678 168 168 168
10.374443054199 9.529720306396 44.770000457764 68 68 68
10.448760986328 9.555045127869 44.714000701904 145 145 145
10.267917633057 9.504916191101 44.713001251221 109 109 109
10.146173477173 9.476569175720 44.698001861572 109 109 109
10.313571929932 9.515545845032 44.621997833252 93 93 93
10.344007492065 9.522633552551 44.576000213623 99 99 99
10.222263336182 9.494285583496 44.361003875732 112 112 112
10.222263336182 9.494285583496 44.321002960205 202 202 202
10.235710144043 9.505437850952 44.280002593994 203 203 203
10.237482070923 9.497829437256 44.239002227783 202 202 202
10.235710144043 9.505437850952 44.200000762939 201 201 201
10.237482070923 9.497829437256 44.159000396729 212 212 212
10.237482070923 9.497829437256 44.118999481201 219 219 219
10.237482070923 9.497829437256 44.078998565674 223 223 223
10.237482070923 9.497829437256 44.038997650146 221 221 221
10.252698898315 9.501372337341 43.997997283936 197 197 197
10.252698898315 9.501372337341 43.959003448486 194 194 194
10.083530426025 9.470003128052 43.494998931885 25 25 25
10.066541671753 9.474069595337 43.454998016357 103 103 103
10.066541671753 9.474069595337 43.414997100830 101 101 101
10.083530426025 9.470003128052 43.375003814697 100 100 100
10.130956649780 9.473025321960 43.335002899170 97 97 97
10.130956649780 9.473025321960 43.295001983643 96 96 96
10.115737915039 9.469481468201 43.256000518799 99 99 99
10.100521087646 9.465938568115 43.215999603271 108 108 108
10.070085525513 9.458851814270 43.174999237061 99 99 99
10.113965988159 9.477089881897 43.135997772217 125 125 125
10.130956649780 9.473025321960 43.097003936768 123 123 123
10.130956649780 9.473025321960 43.057003021240 128 128 128
10.130956649780 9.473025321960 43.017002105713 112 112 112
10.115737915039 9.469481468201 42.977001190186 60 60 60
10.300030708313 9.849295616150 44.710002899170 48 48 48
10.115644454956 9.814383506775 44.709003448486 168 168 168
10.208723068237 9.828034400940 44.327999114990 214 214 214
10.208723068237 9.828034400940 44.287998199463 223 223 223
10.208723068237 9.828034400940 44.250003814697 221 221 221
10.208723068237 9.828034400940 44.209003448486 222 222 222
10.208723068237 9.828034400940 44.170001983643 221 221 221
10.208723068237 9.828034400940 44.131000518799 214 214 214
10.193505287170 9.824491500854 44.092998504639 206 206 206
10.193505287170 9.824491500854 44.052997589111 197 197 197
10.208723068237 9.828034400940 44.013004302979 207 207 207
10.193505287170 9.824491500854 43.975002288818 202 202 202
10.193505287170 9.824491500854 43.936000823975 213 213 213
10.178287506104 9.820947647095 43.898998260498 92 92 92
10.085208892822 9.807296752930 43.472003936768 103 103 103
10.071762084961 9.796143531799 43.433002471924 99 99 99
10.071762084961 9.796143531799 43.393001556396 102 102 102
10.115644454956 9.814383506775 43.353000640869 101 101 101
10.117416381836 9.806774139404 43.313999176025 109 109 109
10.130863189697 9.817927360535 43.274997711182 111 111 111
10.086979866028 9.799687385559 43.235004425049 113 113 113
10.085208892822 9.807296752930 43.196002960205 113 113 113
10.071762084961 9.796143531799 43.156002044678 109 109 109
10.102197647095 9.803231239319 43.117000579834 165 165 165
10.085208892822 9.807296752930 43.076999664307 113 113 113
10.085208892822 9.807296752930 43.037998199463 109 109 109
10.071762084961 9.796143531799 42.997997283936 113 113 113
10.085208892822 9.807296752930 42.959003448486 117 117 117
10.086979866028 9.799687385559 42.920001983643 111 111 111
10.071762084961 9.796143531799 42.879001617432 108 108 108
10.069990158081 9.803753852844 42.838001251221 130 130 130
10.195182800293 10.161785125732 44.536998748779 175 175 175
10.195182800293 10.161785125732 44.495998382568 228 228 228
10.195182800293 10.161785125732 44.456996917725 224 224 224
10.195182800293 10.161785125732 44.418003082275 229 229 229
10.195182800293 10.161785125732 44.377002716064 224 224 224
10.195182800293 10.161785125732 44.339000701904 225 225 225
10.195182800293 10.161785125732 44.298000335693 196 196 196
10.195182800293 10.161785125732 43.948001861572 192 192 192
10.195182800293 10.161785125732 43.909000396729 216 216 216
10.195182800293 10.161785125732 43.869998931885 199 199 199
10.195182800293 10.161785125732 43.830997467041 218 218 218
10.195182800293 10.161785125732 43.793003082275 220 220 220
10.195182800293 10.161785125732 43.754001617432 213 213 213
10.195182800293 10.161785125732 43.715000152588 140 140 140
10.226629257202 9.062141418457 44.487003326416 94 94 94
10.226629257202 9.062141418457 44.439998626709 158 158 158
10.228401184082 9.054532051086 44.392002105713 170 170 170
10.223718643188 9.350236892700 44.454998016357 68 68 68
10.225490570068 9.342628479004 44.409000396729 185 185 185
10.223718643188 9.350236892700 44.364002227783 180 180 180
10.225490570068 9.342628479004 44.316997528076 182 182 182
10.225490570068 9.342628479004 44.270999908447 181 181 181
10.208499908447 9.346693992615 44.227001190186 171 171 171
10.242480278015 9.338562965393 44.086002349854 101 101 101
10.261241912842 9.326888084412 44.039997100830 148 148 148
10.280002593994 9.315214157104 43.993000030518 151 151 151
10.295221328735 9.318757057190 43.947002410889 137 137 137
10.072584152222 9.379218101501 43.448001861572 83 83 83
10.060909271240 9.360457420349 43.400997161865 89 89 89
10.060909271240 9.360457420349 43.354999542236 96 96 96
10.060909271240 9.360457420349 43.308002471924 97 97 97
10.060909271240 9.360457420349 43.261997222900 102 102 102
10.060909271240 9.360457420349 43.215000152588 96 96 96
10.060909271240 9.360457420349 43.169002532959 96 96 96
10.060909271240 9.360457420349 43.121997833252 35 35 35
10.356725692749 9.605809211731 44.812000274658 102 102 102
10.409466743469 9.586003303528 44.757999420166 147 147 147
10.473880767822 9.584959983826 44.703998565674 147 147 147
10.354953765869 9.613418579102 44.676998138428 131 131 131
10.390705108643 9.597678184509 44.627002716064 118 118 118
10.390705108643 9.597678184509 44.583003997803 136 136 136
10.356725692749 9.605809211731 44.539997100830 111 111 111
10.271778106689 9.626136779785 44.505001068115 119 119 119
10.288766860962 9.622071266174 44.456996917725 120 120 120
10.288766860962 9.622071266174 44.412998199463 132 132 132
10.271778106689 9.626136779785 44.368999481201 134 134 134
10.270006179810 9.633746147156 44.325000762939 141 141 141
10.251243591309 9.645421028137 44.281002044678 141 141 141
10.254787445068 9.630202293396 44.235004425049 146 146 146
10.254787445068 9.630202293396 44.189998626709 146 146 146
10.237798690796 9.634267807007 44.145999908447 140 140 140
10.239570617676 9.626659393311 44.100002288818 143 143 143
10.237798690796 9.634267807007 44.056003570557 146 146 146
10.222579956055 9.630723953247 44.010997772217 148 148 148
10.237798690796 9.634267807007 43.965000152588 151 151 151
10.237798690796 9.634267807007 43.920001983643 150 150 150
10.237798690796 9.634267807007 43.875003814697 150 150 150
10.237798690796 9.634267807007 43.829998016357 150 150 150
10.241341590881 9.619050025940 43.784999847412 152 152 152
10.239570617676 9.626659393311 43.740001678467 147 147 147
10.239570617676 9.626659393311 43.695003509521 142 142 142
10.239570617676 9.626659393311 43.649997711182 121 121 121
10.239570617676 9.626659393311 43.604999542236 125 125 125
10.239570617676 9.626659393311 43.560001373291 120 120 120
10.226123809814 9.615506172180 43.515003204346 127 127 127
10.175155639648 9.627703666687 43.468997955322 133 133 133
10.173383712769 9.635312080383 43.423999786377 161 161 161
10.209135055542 9.619572639465 43.379001617432 133 133 133
10.190372467041 9.631246566772 43.334003448486 125 125 125
10.243112564087 9.611441612244 43.289997100830 161 161 161
10.226123809814 9.615506172180 43.243999481201 149 149 149
10.159936904907 9.624159812927 43.197002410889 117 117 117
10.209135055542 9.619572639465 43.154003143311 153 153 153
10.227895736694 9.607897758484 43.110004425049 156 156 156
10.088435173035 9.655639648438 43.055004119873 88 88 88
10.122413635254 9.647508621216 43.011997222900 84 84 84
10.088435173035 9.655639648438 42.963001251221 92 92 92
10.088435173035 9.655639648438 42.916004180908 101 101 101
10.088435173035 9.655639648438 42.869998931885 163 163 163
10.088435173035 9.655639648438 42.825000762939 83 83 83
10.210811614990 9.956866264343 44.432003021240 79 79 79
10.210811614990 9.956866264343 44.386997222900 171 171 171
10.210811614990 9.956866264343 44.340999603271 174 174 174
10.210811614990 9.956866264343 44.296001434326 180 180 180
10.214355468750 9.941647529602 44.250003814697 190 190 190
10.214355468750 9.941647529602 44.204998016357 168 168 168
10.199138641357 9.938103675842 44.070003509521 167 167 167
10.199138641357 9.938103675842 44.024997711182 187 187 187
10.199138641357 9.938103675842 43.979999542236 195 195 195
10.199138641357 9.938103675842 43.935001373291 192 192 192
10.199138641357 9.938103675842 43.890003204346 177 177 177
10.199138641357 9.938103675842 43.844997406006 109 109 109
10.081981658936 9.958953857422 43.486003875732 55 55 55
10.080209732056 9.966562271118 43.440998077393 105 105 105
10.080209732056 9.966562271118 43.395000457764 95 95 95
10.066762924194 9.955410957336 43.350002288818 102 102 102
10.066762924194 9.955410957336 43.303997039795 101 101 101
10.081981658936 9.958953857422 43.258998870850 99 99 99
10.066762924194 9.955410957336 43.213001251221 98 98 98
10.066762924194 9.955410957336 43.168003082275 97 97 97
10.066762924194 9.955410957336 43.121997833252 92 92 92
10.083753585815 9.951344490051 43.076999664307 72 72 72
10.083753585815 9.951344490051 43.032001495361 15 15 15
10.173923492432 10.253092765808 44.446002960205 134 134 134
10.173923492432 10.253092765808 44.399997711182 176 176 176
10.189140319824 10.256635665894 44.354999542236 118 118 118
10.192684173584 10.241417884827 43.906002044678 121 121 121
10.192684173584 10.241417884827 43.862003326416 189 189 189
10.192684173584 10.241417884827 43.817996978760 158 158 158
10.196228027344 10.226200103760 43.772998809814 19 19 19
10.330338478088 9.030138969421 43.881999969482 43 43 43
10.284589767456 9.364410400391 43.856998443604 79 79 79
10.284589767456 9.364410400391 43.902004241943 150 150 150
10.271144866943 9.353259086609 43.948001861572 159 159 159
10.257698059082 9.342105865479 43.993000030518 151 151 151
10.261241912842 9.326888084412 44.038997650146 150 150 150
10.261241912842 9.326888084412 44.085002899170 15 15 15
10.220902442932 9.293431282043 44.225002288818 44 44 44
10.220902442932 9.293431282043 44.270000457764 129 129 129
10.220902442932 9.293431282043 44.315998077393 162 162 162
10.220902442932 9.293431282043 44.362003326416 142 142 142
10.219131469727 9.301039695740 44.406002044678 140 140 140
10.220902442932 9.293431282043 44.452999114990 139 139 139
10.338375091553 9.409020423889 44.656002044678 15 15 15
10.432498931885 9.487088203430 44.685001373291 66 66 66
10.263963699341 9.728596687317 42.138004302979 142 142 142
10.248744964600 9.725053787231 42.183002471924 138 138 138
10.248744964600 9.725053787231 42.227001190186 143 143 143
10.248744964600 9.725053787231 42.272998809814 141 141 141
10.248744964600 9.725053787231 42.317996978760 142 142 142
10.248744964600 9.725053787231 42.364002227783 145 145 145
10.248744964600 9.725053787231 42.408000946045 148 148 148
10.248744964600 9.725053787231 42.452999114990 150 150 150
10.248744964600 9.725053787231 42.499004364014 142 142 142
10.248744964600 9.725053787231 42.543003082275 141 141 141
10.233526229858 9.721510887146 42.587001800537 144 144 144
10.233526229858 9.721510887146 42.631999969482 144 144 144
10.233526229858 9.721510887146 42.676998138428 137 137 137
10.248744964600 9.725053787231 42.722003936768 132 132 132
10.248744964600 9.725053787231 42.766002655029 129 129 129
10.237070083618 9.706292152405 42.810001373291 132 132 132
10.237070083618 9.706292152405 42.854999542236 132 132 132
10.237070083618 9.706292152405 42.898998260498 133 133 133
10.237070083618 9.706292152405 42.944004058838 132 132 132
10.237070083618 9.706292152405 42.988002777100 132 132 132
10.237070083618 9.706292152405 43.032001495361 132 132 132
10.237070083618 9.706292152405 43.076999664307 139 139 139
10.237070083618 9.706292152405 43.120998382568 143 143 143
10.237070083618 9.706292152405 43.164997100830 136 136 136
10.237070083618 9.706292152405 43.210002899170 136 136 136
10.237070083618 9.706292152405 43.254001617432 143 143 143
10.237070083618 9.706292152405 43.298000335693 151 151 151
10.237070083618 9.706292152405 43.342998504639 139 139 139
10.237070083618 9.706292152405 43.386997222900 140 140 140
10.237070083618 9.706292152405 43.431003570557 142 142 142
10.237070083618 9.706292152405 43.476001739502 139 139 139
10.237070083618 9.706292152405 43.520000457764 137 137 137
10.237070083618 9.706292152405 43.563999176025 140 140 140
10.237070083618 9.706292152405 43.608997344971 139 139 139
10.237070083618 9.706292152405 43.653003692627 137 137 137
10.225396156311 9.687530517578 43.698001861572 143 143 143
10.237070083618 9.706292152405 43.742000579834 140 140 140
10.238842010498 9.698683738708 43.786998748779 139 139 139
10.238842010498 9.698683738708 43.830997467041 131 131 131
10.225396156311 9.687530517578 43.876003265381 134 134 134
10.238842010498 9.698683738708 43.920001983643 133 133 133
10.225396156311 9.687530517578 43.965000152588 134 134 134
10.225396156311 9.687530517578 44.009998321533 133 133 133
10.238842010498 9.698683738708 44.053997039795 131 131 131
10.238842010498 9.698683738708 44.099002838135 134 134 134
10.225396156311 9.687530517578 44.144001007080 136 136 136
10.238842010498 9.698683738708 44.187999725342 136 136 136
10.238842010498 9.698683738708 44.232997894287 128 128 128
10.225396156311 9.687530517578 44.279003143311 122 122 122
10.225396156311 9.687530517578 44.324001312256 117 117 117
10.238842010498 9.698683738708 44.367000579834 124 124 124
10.265735626221 9.720988273621 44.409000396729 120 120 120
10.302530288696 9.769662857056 44.446002960205 136 136 136
10.290855407715 9.750902175903 44.492000579834 116 116 116
10.265735626221 9.720988273621 44.543003082275 96 96 96
10.302530288696 9.769662857056 44.579998016357 111 111 111
10.302530288696 9.769662857056 44.624004364014 97 97 97
10.237070083618 9.706292152405 44.682003021240 97 97 97
10.329421997070 9.791967391968 44.708003997803 120 120 120
10.317747116089 9.773206710815 44.756999969482 126 126 126
10.263963699341 9.728596687317 44.812999725342 31 31 31
10.016523361206 9.895583152771 43.039997100830 72 72 72
10.066762924194 9.955410957336 43.090000152588 71 71 71
10.066762924194 9.955410957336 43.134998321533 76 76 76
10.081981658936 9.958953857422 43.180004119873 92 92 92
10.080209732056 9.966562271118 43.226001739502 87 87 87
10.066762924194 9.955410957336 43.270000457764 88 88 88
10.066762924194 9.955410957336 43.314998626709 91 91 91
10.066762924194 9.955410957336 43.360004425049 91 91 91
10.066762924194 9.955410957336 43.405002593994 77 77 77
10.053318023682 9.944257736206 43.450000762939 81 81 81
10.066762924194 9.955410957336 43.494998931885 60 60 60
10.201225280762 10.066934585571 43.760997772217 11 11 11
10.189552307129 10.048172950745 43.805004119873 135 135 135
10.189552307129 10.048172950745 43.850002288818 140 140 140
10.189552307129 10.048172950745 43.894001007080 175 175 175
10.189552307129 10.048172950745 43.937999725342 185 185 185
10.189552307129 10.048172950745 43.982997894287 163 163 163
10.176105499268 10.037020683289 44.028003692627 55 55 55
10.189552307129 10.048172950745 44.249004364014 136 136 136
10.189552307129 10.048172950745 44.293003082275 199 199 199
10.189552307129 10.048172950745 44.339000701904 188 188 188
10.189552307129 10.048172950745 44.382999420166 149 149 149
10.189552307129 10.048172950745 44.427997589111 151 151 151
10.189552307129 10.048172950745 44.472003936768 83 83 83
10.156206130981 10.329182624817 43.900997161865 16 16 16
10.144531250000 10.310420989990 44.389003753662 94 94 94
10.144531250000 10.310420989990 44.433002471924 105 105 105
10.004119873047 9.948845863342 43.033000946045 20 20 20
10.017566680908 9.959998130798 43.079998016357 81 81 81
10.040914535522 9.997520446777 43.127002716064 76 76 76
10.071352005005 10.004607200623 43.173000335693 81 81 81
10.040914535522 9.997520446777 43.217998504639 88 88 88
10.059677124023 9.985846519470 43.263004302979 83 83 83
10.059677124023 9.985846519470 43.308002471924 101 101 101
10.040914535522 9.997520446777 43.353000640869 90 90 90
10.059677124023 9.985846519470 43.397998809814 77 77 77
10.044458389282 9.982302665710 43.442996978760 78 78 78
10.059677124023 9.985846519470 43.488002777100 90 90 90
10.032784461975 9.963541984558 43.533000946045 25 25 25
10.163703918457 10.090283393860 43.798000335693 29 29 29
10.163703918457 10.090283393860 43.841999053955 138 138 138
10.167247772217 10.075065612793 43.886997222900 185 185 185
10.167247772217 10.075065612793 43.931003570557 163 163 163
10.167247772217 10.075065612793 43.975002288818 185 185 185
10.167247772217 10.075065612793 44.020000457764 165 165 165
10.152029037476 10.071522712708 44.064998626709 41 41 41
10.167247772217 10.075065612793 44.241001129150 55 55 55
10.167247772217 10.075065612793 44.285999298096 175 175 175
10.153800010681 10.063912391663 44.331996917725 201 201 201
10.180692672729 10.086216926575 44.374004364014 162 162 162
10.167247772217 10.075065612793 44.420001983643 152 152 152
10.167247772217 10.075065612793 44.464000701904 136 136 136
10.055500030518 9.728186607361 42.831996917725 74 74 74
10.085935592651 9.735272407532 42.880001068115 122 122 122
10.097610473633 9.754034042358 42.926998138428 88 88 88
10.078848838806 9.765707969666 42.974002838135 53 53 53
10.094066619873 9.769251823425 43.020000457764 57 57 57
10.097610473633 9.754034042358 43.063999176025 54 54 54
10.109284400940 9.772795677185 43.111003875732 88 88 88
10.134405136108 9.802709579468 43.158000946045 125 125 125
10.161298751831 9.825014114380 43.203998565674 137 137 137
10.161298751831 9.825014114380 43.249004364014 138 138 138
10.134405136108 9.802709579468 43.292003631592 118 118 118
10.085935592651 9.735272407532 43.334003448486 81 81 81
10.059043884277 9.712967872620 43.379001617432 80 80 80
10.099382400513 9.746425628662 43.424999237061 138 138 138
10.072489738464 9.724120140076 43.469997406006 92 92 92
10.072489738464 9.724120140076 43.515003204346 75 75 75
10.178287506104 9.820947647095 43.961002349854 79 79 79
10.178287506104 9.820947647095 44.005001068115 160 160 160
10.164840698242 9.809796333313 44.049999237061 179 179 179
10.164840698242 9.809796333313 44.096004486084 165 165 165
10.178287506104 9.820947647095 44.139003753662 158 158 158
10.178287506104 9.820947647095 44.183002471924 151 151 151
10.178287506104 9.820947647095 44.227001190186 155 155 155
10.178287506104 9.820947647095 44.272998809814 152 152 152
10.178287506104 9.820947647095 44.317996978760 154 154 154
10.181831359863 9.805729866028 44.635997772217 31 31 31
10.035694122314 9.675445556641 44.710002899170 106 106 106
10.114599227905 9.749968528748 44.739002227783 106 106 106
10.235616683960 9.850340843201 44.758998870850 87 87 87
10.120326042175 9.518678665161 43.039997100830 53 53 53
10.120326042175 9.518678665161 43.084003448486 100 100 100
10.160663604736 9.552136421204 43.132999420166 101 101 101
10.093433380127 9.496374130249 43.173999786377 97 97 97
10.054866790771 9.455307960510 43.217998504639 83 83 83
10.096977233887 9.481156349182 43.265003204346 78 78 78
10.187557220459 9.574440956116 43.313999176025 93 93 93
10.123868942261 9.503460884094 43.356998443604 82 82 82
10.096977233887 9.481156349182 43.402004241943 83 83 83
10.110424041748 9.492308616638 43.447002410889 82 82 82
10.137315750122 9.514613151550 43.493000030518 26 26 26
10.335464477539 9.697116851807 43.626003265381 16 16 16
10.335464477539 9.697116851807 43.669002532959 18 18 18
10.335464477539 9.697116851807 43.713001251221 20 20 20
10.308572769165 9.674812316895 43.757999420166 25 25 25
10.322019577026 9.685964584351 43.800998687744 31 31 31
10.308572769165 9.674812316895 43.844997406006 48 48 48
10.335464477539 9.697116851807 43.888004302979 156 156 156
10.335464477539 9.697116851807 43.931003570557 152 152 152
10.308572769165 9.674812316895 43.978000640869 157 157 157
10.281681060791 9.652506828308 44.022998809814 166 166 166
10.322019577026 9.685964584351 44.063999176025 183 183 183
10.322019577026 9.685964584351 44.107997894287 188 188 188
10.308572769165 9.674812316895 44.153003692627 177 177 177
10.295125961304 9.663659095764 44.199001312256 160 160 160
10.308572769165 9.674812316895 44.242000579834 174 174 174
10.296897888184 9.656050682068 44.286998748779 162 162 162
10.241341590881 9.619050025940 44.338001251221 134 134 134
10.308572769165 9.674812316895 44.374004364014 80 80 80
10.364128112793 9.711812973022 44.411998748779 133 133 133
10.339008331299 9.681899070740 44.459003448486 138 138 138
10.323790550232 9.678355216980 44.506999969482 96 96 96
10.281681060791 9.652506828308 44.556003570557 66 66 66
10.377575874329 9.722964286804 44.586002349854 121 121 121
10.364128112793 9.711812973022 44.631999969482 122 122 122
10.339008331299 9.681899070740 44.681003570557 109 109 109
10.364128112793 9.711812973022 44.721004486084 117 117 117
10.402696609497 9.752879142761 44.754001617432 139 139 139
10.350683212280 9.700659751892 44.813999176025 131 131 131
10.281046867371 9.379629135132 43.868000030518 58 58 58
10.265829086304 9.376086235046 43.912998199463 160 160 160
10.265829086304 9.376086235046 43.958003997803 160 160 160
10.254154205322 9.357323646545 44.004001617432 154 154 154
10.238937377930 9.353780746460 44.049999237061 155 155 155
10.227262496948 9.335019111633 44.094997406006 30 30 30
10.200368881226 9.312714576721 44.280002593994 100 100 100
10.185152053833 9.309170722961 44.326000213623 148 148 148
10.203912734985 9.297496795654 44.371997833252 170 170 170
10.185152053833 9.309170722961 44.417003631592 152 152 152
10.185152053833 9.309170722961 44.463001251221 141 141 141
10.203912734985 9.297496795654 44.509998321533 122 122 122
10.400291442871 9.487608909607 44.695003509521 16 16 16
10.330654144287 9.166578292847 43.753002166748 17 17 17
10.342329025269 9.185339927673 43.797000885010 147 147 147
10.330654144287 9.166578292847 43.842998504639 155 155 155
10.301990509033 9.151882171631 43.888004302979 157 157 157
10.303762435913 9.144273757935 43.933002471924 153 153 153
10.288545608521 9.140730857849 43.978000640869 55 55 55
10.155889511108 10.192742347717 44.574001312256 59 59 59
10.186325073242 10.199830055237 44.530002593994 226 226 226
10.169334411621 10.203895568848 44.492000579834 224 224 224
10.169334411621 10.203895568848 44.453998565674 232 232 232
10.172878265381 10.188677787781 44.411998748779 223 223 223
10.169334411621 10.203895568848 44.375003814697 226 226 226
10.172878265381 10.188677787781 44.334003448486 219 219 219
10.155889511108 10.192742347717 44.297000885010 42 42 42
10.157661437988 10.185133934021 43.985004425049 173 173 173
10.172878265381 10.188677787781 43.945003509521 212 212 212
10.172878265381 10.188677787781 43.906002044678 210 210 210
10.172878265381 10.188677787781 43.867000579834 213 213 213
10.172878265381 10.188677787781 43.828998565674 221 221 221
10.172878265381 10.188677787781 43.791004180908 213 213 213
10.157661437988 10.185133934021 43.753002166748 180 180 180
10.176832199097 9.964997291565 44.445003509521 121 121 121
10.192050933838 9.968540191650 44.402004241943 226 226 226
10.192050933838 9.968540191650 44.362003326416 222 222 222
10.192050933838 9.968540191650 44.322002410889 224 224 224
10.192050933838 9.968540191650 44.283000946045 197 197 197
10.192050933838 9.968540191650 44.243999481201 208 208 208
10.192050933838 9.968540191650 44.203998565674 207 207 207
10.161614418030 9.961453437805 44.130001068115 136 136 136
10.176832199097 9.964997291565 44.089000701904 204 204 204
10.176832199097 9.964997291565 44.048999786377 205 205 205
10.176832199097 9.964997291565 44.009998321533 209 209 209
10.176832199097 9.964997291565 43.972003936768 198 198 198
10.192050933838 9.968540191650 43.932003021240 201 201 201
10.192050933838 9.968540191650 43.893001556396 196 196 196
10.055088996887 9.936649322510 43.509998321533 103 103 103
10.072078704834 9.932583808899 43.469997406006 103 103 103
10.055088996887 9.936649322510 43.431003570557 103 103 103
10.089069366455 9.928518295288 43.391002655029 95 95 95
10.119504928589 9.935605049133 43.352001190186 106 106 106
10.132949829102 9.946757316589 43.312999725342 104 104 104
10.102514266968 9.939670562744 43.273998260498 130 130 130
10.073850631714 9.924975395203 43.235004425049 105 105 105
10.058631896973 9.921431541443 43.195003509521 104 104 104
10.072078704834 9.932583808899 43.156002044678 103 103 103
10.058631896973 9.921431541443 43.116001129150 108 108 108
10.073850631714 9.924975395203 43.076999664307 104 104 104
10.089069366455 9.928518295288 43.037998199463 107 107 107
10.073850631714 9.924975395203 42.999004364014 105 105 105
10.058631896973 9.921431541443 42.959003448486 94 94 94
10.058631896973 9.921431541443 42.919002532959 42 42 42
10.348182678223 9.780293464661 44.795001983643 109 109 109
10.426044464111 9.790401458740 44.737003326416 134 134 134
10.177244186401 9.756533622742 44.750003814697 101 101 101
10.256875991821 9.759032249451 44.696002960205 103 103 103
10.348182678223 9.780293464661 44.634998321533 107 107 107
10.332965850830 9.776749610901 44.599002838135 108 108 108
10.287311553955 9.766119956970 44.566997528076 95 95 95
10.302530288696 9.769662857056 44.525997161865 126 126 126
10.317747116089 9.773206710815 44.483997344971 154 154 154
10.302530288696 9.769662857056 44.447002410889 148 148 148
10.272094726563 9.762576103210 44.413997650146 154 154 154
10.302530288696 9.769662857056 44.368000030518 121 121 121
10.226440429688 9.751946449280 44.341999053955 99 99 99
10.196004867554 9.744858741760 44.306003570557 183 183 183
10.211221694946 9.748402595520 44.265003204346 193 193 193
10.211221694946 9.748402595520 44.226001739502 191 191 191
10.212993621826 9.740793228149 44.185001373291 184 184 184
10.212993621826 9.740793228149 44.145999908447 174 174 174
10.212993621826 9.740793228149 44.106998443604 164 164 164
10.211221694946 9.748402595520 44.069004058838 151 151 151
10.226440429688 9.751946449280 44.028003692627 150 150 150
10.212993621826 9.740793228149 43.989002227783 147 147 147
10.226440429688 9.751946449280 43.950000762939 141 141 141
10.212993621826 9.740793228149 43.910999298096 146 146 146
10.226440429688 9.751946449280 43.870998382568 145 145 145
10.229984283447 9.736727714539 43.831996917725 141 141 141
10.226440429688 9.751946449280 43.794002532959 141 141 141
10.229984283447 9.736727714539 43.755001068115 134 134 134
10.212993621826 9.740793228149 43.716999053955 141 141 141
10.229984283447 9.736727714539 43.677997589111 139 139 139
10.229984283447 9.736727714539 43.638004302979 134 134 134
10.229984283447 9.736727714539 43.600002288818 136 136 136
10.229984283447 9.736727714539 43.561000823975 134 134 134
10.245203018188 9.740271568298 43.521999359131 128 128 128
10.245203018188 9.740271568298 43.482997894287 136 136 136
10.245203018188 9.740271568298 43.445003509521 136 136 136
10.260419845581 9.743815422058 43.406002044678 143 143 143
10.260419845581 9.743815422058 43.368000030518 140 140 140
10.275638580322 9.747358322144 43.328998565674 140 140 140
10.275638580322 9.747358322144 43.291004180908 134 134 134
10.260419845581 9.743815422058 43.252002716064 127 127 127
10.275638580322 9.747358322144 43.214000701904 123 123 123
10.260419845581 9.743815422058 43.175998687744 115 115 115
10.246973991394 9.732662200928 43.136997222900 116 116 116
10.263963699341 9.728596687317 43.099002838135 109 109 109
10.277409553528 9.739748954773 43.061000823975 110 110 110
10.277409553528 9.739748954773 43.021999359131 109 109 109
10.290855407715 9.750902175903 42.985004425049 109 109 109
10.294399261475 9.735684394836 42.946002960205 106 106 106
10.294399261475 9.735684394836 42.909000396729 106 106 106
10.294399261475 9.735684394836 42.869998931885 115 115 115
10.321290969849 9.757988929749 42.831996917725 118 118 118
10.294399261475 9.735684394836 42.793003082275 132 132 132
10.324834823608 9.742771148682 42.756000518799 141 141 141
10.324834823608 9.742771148682 42.716999053955 149 149 149
10.324834823608 9.742771148682 42.678997039795 136 136 136
10.294399261475 9.735684394836 42.639003753662 134 134 134
10.294399261475 9.735684394836 42.599002838135 129 129 129
10.263963699341 9.728596687317 42.559001922607 131 131 131
10.248744964600 9.725053787231 42.517002105713 134 134 134
10.248744964600 9.725053787231 42.479000091553 136 136 136
10.263963699341 9.728596687317 42.439998626709 137 137 137
10.248744964600 9.725053787231 42.400997161865 143 143 143
10.263963699341 9.728596687317 42.362003326416 145 145 145
10.248744964600 9.725053787231 42.322002410889 145 145 145
10.248744964600 9.725053787231 42.283000946045 140 140 140
10.263963699341 9.728596687317 42.243999481201 145 145 145
10.382574081421 9.563698768616 44.771999359131 89 89 89
10.428228378296 9.574329376221 44.723003387451 133 133 133
10.182970046997 9.525243759155 44.737003326416 104 104 104
10.137315750122 9.514613151550 44.708003997803 115 115 115
10.336919784546 9.553069114685 44.621997833252 73 73 73
10.291267395020 9.542438507080 44.591999053955 24 24 24
10.184741973877 9.517634391785 44.412998199463 13 13 13
10.215177536011 9.524721145630 44.367000579834 196 196 196
10.199958801270 9.521178245544 44.328998565674 198 198 198
10.215177536011 9.524721145630 44.287998199463 204 204 204
10.215177536011 9.524721145630 44.249004364014 204 204 204
10.215177536011 9.524721145630 44.209003448486 202 202 202
10.216949462891 9.517111778259 44.168003082275 210 210 210
10.216949462891 9.517111778259 44.128002166748 224 224 224
10.216949462891 9.517111778259 44.088001251221 223 223 223
10.215177536011 9.524721145630 44.048000335693 210 210 210
10.215177536011 9.524721145630 44.007999420166 196 196 196
10.247385025024 9.524198532104 43.967998504639 186 186 186
10.062997817993 9.489287376404 43.505001068115 70 70 70
10.066541671753 9.474069595337 43.465000152588 99 99 99
10.066541671753 9.474069595337 43.424999237061 104 104 104
10.062997817993 9.489287376404 43.384998321533 110 110 110
10.096977233887 9.481156349182 43.344997406006 97 97 97
10.096977233887 9.481156349182 43.305004119873 102 102 102
10.079988479614 9.485220909119 43.265003204346 106 106 106
10.066541671753 9.474069595337 43.225002288818 106 106 106
10.066541671753 9.474069595337 43.185001373291 107 107 107
10.127412796021 9.488243103027 43.146999359131 121 121 121
10.112195014954 9.484700202942 43.106998443604 132 132 132
10.112195014954 9.484700202942 43.066997528076 87 87 87
10.203912734985 9.297496795654 44.518001556396 179 179 179
10.219131469727 9.301039695740 44.477001190186 198 198 198
10.203912734985 9.297496795654 44.437000274658 202 202 202
10.219131469727 9.301039695740 44.395999908447 209 209 209
10.219131469727 9.301039695740 44.355998992920 220 220 220
10.220902442932 9.293431282043 44.314998626709 198 198 198
10.220902442932 9.293431282043 44.273998260498 86 86 86
10.268327713013 9.296452522278 44.069004058838 83 83 83
10.268327713013 9.296452522278 44.029003143311 195 195 195
10.283546447754 9.299996376038 43.990001678467 193 193 193
10.283546447754 9.299996376038 43.949001312256 197 197 197
10.283546447754 9.299996376038 43.909999847412 197 197 197
10.298763275146 9.303539276123 43.869998931885 193 193 193
10.313982009888 9.307083129883 43.829998016357 123 123 123
10.196193695068 9.055054664612 44.430004119873 31 31 31
10.321479797363 9.068183898926 43.936000823975 138 138 138
10.334926605225 9.079336166382 43.895999908447 79 79 79
10.149847030640 10.287593841553 44.529003143311 63 63 63
10.166835784912 10.283528327942 44.481998443604 150 150 150
10.170379638672 10.268310546875 44.435001373291 196 196 196
10.166835784912 10.283528327942 44.391002655029 162 162 162
10.170379638672 10.268310546875 43.944004058838 139 139 139
10.173923492432 10.253092765808 43.898998260498 188 188 188
10.170379638672 10.268310546875 43.854999542236 191 191 191
10.173923492432 10.253092765808 43.810001373291 162 162 162
10.156932830811 10.257158279419 43.766002655029 79 79 79
10.167247772217 10.075065612793 44.506999969482 39 39 39
10.167247772217 10.075065612793 44.462001800537 170 170 170
10.182464599609 10.078608512878 44.416004180908 173 173 173
10.167247772217 10.075065612793 44.370998382568 179 179 179
10.167247772217 10.075065612793 44.326000213623 200 200 200
10.184236526489 10.071000099182 44.280002593994 180 180 180
10.152029037476 10.071522712708 44.237003326416 29 29 29
10.186008453369 10.063391685486 44.056003570557 156 156 156
10.186008453369 10.063391685486 44.010997772217 199 199 199
10.186008453369 10.063391685486 43.965999603271 180 180 180
10.186008453369 10.063391685486 43.921001434326 194 194 194
10.186008453369 10.063391685486 43.877002716064 184 184 184
10.186008453369 10.063391685486 43.831996917725 145 145 145
10.055406570435 10.073087692261 43.427997589111 64 64 64
10.057178497314 10.065479278564 43.382999420166 95 95 95
10.057178497314 10.065479278564 43.338001251221 114 114 114
10.055406570435 10.073087692261 43.292003631592 106 106 106
10.058950424194 10.057869911194 43.246997833252 77 77 77
10.091157913208 10.057348251343 43.201999664307 34 34 34
10.424272537231 9.798010826111 44.729000091553 116 116 116
10.167657852173 9.866601943970 44.721004486084 93 93 93
10.201636314392 9.858471870422 44.354000091553 164 164 164
10.201636314392 9.858471870422 44.308002471924 177 177 177
10.201636314392 9.858471870422 44.263004302979 174 174 174
10.201636314392 9.858471870422 44.217998504639 175 175 175
10.188190460205 9.847318649292 44.173000335693 175 175 175
10.186418533325 9.854928016663 44.128002166748 195 195 195
10.186418533325 9.854928016663 44.083003997803 190 190 190
10.186418533325 9.854928016663 44.037998199463 181 181 181
10.186418533325 9.854928016663 43.993000030518 183 183 183
10.188190460205 9.847318649292 43.948001861572 107 107 107
10.072805404663 9.860559463501 43.543003082275 21 21 21
10.069263458252 9.875777244568 43.497997283936 95 95 95
10.072805404663 9.860559463501 43.451999664307 91 91 91
10.072805404663 9.860559463501 43.407001495361 98 98 98
10.108558654785 9.844819068909 43.362003326416 91 91 91
10.212266921997 9.812817573547 43.320003509521 149 149 149
10.210494995117 9.820425987244 43.274997711182 159 159 159
10.159526824951 9.832623481750 43.229000091553 148 148 148
10.210494995117 9.820425987244 43.185001373291 160 160 160
10.231028556824 9.801142692566 43.142002105713 165 165 165
10.144308090210 9.829079627991 43.091999053955 102 102 102
10.178287506104 9.820947647095 43.048999786377 118 118 118
10.163069725037 9.817404747009 43.004001617432 115 115 115
10.249790191650 9.789467811584 42.965000152588 126 126 126
10.283769607544 9.781337738037 42.922000885010 130 130 130
10.298986434937 9.784880638123 42.879001617432 118 118 118
10.302530288696 9.769662857056 42.836002349854 94 94 94
10.302530288696 9.769662857056 42.791004180908 89 89 89
10.287311553955 9.766119956970 42.744998931885 90 90 90
10.302530288696 9.769662857056 42.701000213623 102 102 102
10.287311553955 9.766119956970 42.655002593994 106 106 106
10.287311553955 9.766119956970 42.610004425049 113 113 113
10.290855407715 9.750902175903 42.566997528076 130 130 130
10.338280677795 9.753922462463 42.525997161865 142 142 142
10.306074142456 9.754445075989 42.479000091553 141 141 141
10.324834823608 9.742771148682 42.436000823975 128 128 128
10.306074142456 9.754445075989 42.389003753662 121 121 121
10.290855407715 9.750902175903 42.342998504639 121 121 121
10.290855407715 9.750902175903 42.296001434326 112 112 112
10.290855407715 9.750902175903 42.250003814697 109 109 109
10.253334045410 9.774250984192 42.195003509521 93 93 93
10.337965011597 9.617483139038 44.824001312256 123 123 123
10.405923843384 9.601222038269 44.768001556396 154 154 154
10.426456451416 9.581938743591 44.718997955322 148 148 148
10.337965011597 9.617483139038 44.687999725342 122 122 122
10.360269546509 9.590591430664 44.636997222900 120 120 120
10.341506958008 9.602265357971 44.594997406006 132 132 132
10.273550033569 9.618528366089 44.559001922607 108 108 108
10.203819274902 9.642398834229 44.522998809814 121 121 121
10.203819274902 9.642398834229 44.478000640869 147 147 147
10.203819274902 9.642398834229 44.432003021240 148 148 148
10.203819274902 9.642398834229 44.386997222900 130 130 130
10.220808029175 9.638333320618 44.340000152588 119 119 119
10.190372467041 9.631246566772 44.296001434326 168 168 168
10.190372467041 9.631246566772 44.250003814697 170 170 170
10.190372467041 9.631246566772 44.203998565674 172 172 172
10.190372467041 9.631246566772 44.159000396729 169 169 169
10.190372467041 9.631246566772 44.114002227783 172 172 172
10.190372467041 9.631246566772 44.069004058838 172 172 172
10.209135055542 9.619572639465 44.022998809814 151 151 151
10.069673538208 9.667313575745 43.525997161865 69 69 69
10.069673538208 9.667313575745 43.480998992920 89 89 89
10.073217391968 9.652096748352 43.435001373291 129 129 129
10.073217391968 9.652096748352 43.389003753662 136 136 136
10.073217391968 9.652096748352 43.342998504639 166 166 166
10.144718170166 9.620615959167 43.299999237061 170 170 170
10.091978073120 9.640421867371 43.252002716064 138 138 138
10.091978073120 9.640421867371 43.205997467041 119 119 119
10.076761245728 9.636878013611 43.159999847412 123 123 123
10.076761245728 9.636878013611 43.114002227783 153 153 153
10.076761245728 9.636878013611 43.067996978760 144 144 144
10.076761245728 9.636878013611 43.021999359131 123 123 123
10.061542510986 9.633335113525 42.975002288818 157 157 157
10.061542510986 9.633335113525 42.928997039795 141 141 141
10.061542510986 9.633335113525 42.881999969482 86 86 86
10.168478012085 9.449675559998 44.701999664307 27 27 27
10.202459335327 9.441544532776 44.420001983643 176 176 176
10.217676162720 9.445088386536 44.372997283936 178 178 178
10.217676162720 9.445088386536 44.326999664307 180 180 180
10.217676162720 9.445088386536 44.282001495361 180 180 180
10.217676162720 9.445088386536 44.236003875732 178 178 178
10.173793792725 9.426849365234 44.191997528076 35 35 35
10.221220016479 9.429870605469 44.144001007080 56 56 56
10.224763870239 9.414652824402 44.098003387451 155 155 155
10.239980697632 9.418195724487 44.050998687744 152 152 152
10.241752624512 9.410586357117 44.005001068115 150 150 150
10.273960113525 9.410064697266 43.959003448486 139 139 139
10.054866790771 9.455307960510 43.506999969482 16 16 16
10.054866790771 9.455307960510 43.461002349854 92 92 92
10.054866790771 9.455307960510 43.413997650146 91 91 91
10.054866790771 9.455307960510 43.368000030518 93 93 93
10.054866790771 9.455307960510 43.322002410889 100 100 100
10.039648056030 9.451765060425 43.274997711182 100 100 100
10.056638717651 9.447698593140 43.229000091553 103 103 103
10.058410644531 9.440090179443 43.183002471924 95 95 95
10.060181617737 9.432480812073 43.136997222900 87 87 87
10.039648056030 9.451765060425 43.089000701904 13 13 13
10.292720794678 9.398390769958 43.911998748779 80 80 80
10.218086242676 9.236625671387 44.539997100830 182 182 182
10.218086242676 9.236625671387 44.493999481201 177 177 177
10.218086242676 9.236625671387 44.447002410889 196 196 196
10.218086242676 9.236625671387 44.400997161865 205 205 205
10.219858169556 9.229016304016 44.354999542236 115 115 115
10.336286544800 9.280190467834 43.869998931885 82 82 82
10.324611663818 9.261429786682 43.914997100830 156 156 156
10.309394836426 9.257885932922 43.960002899170 159 159 159
10.309394836426 9.257885932922 44.005001068115 153 153 153
10.284273147583 9.227972030640 44.050998687744 155 155 155
10.284273147583 9.227972030640 44.096004486084 34 34 34
10.245706558228 9.186905860901 44.371997833252 140 140 140
10.245706558228 9.186905860901 44.417003631592 195 195 195
10.247478485107 9.179297447205 44.463001251221 184 184 184
10.245706558228 9.186905860901 44.506999969482 133 133 133
10.247478485107 9.179297447205 44.553997039795 151 151 151
10.232259750366 9.175753593445 44.600002288818 84 84 84
10.354226112366 9.685441970825 42.225002288818 117 117 117
10.354226112366 9.685441970825 42.270000457764 115 115 115
10.354226112366 9.685441970825 42.314998626709 109 109 109
10.354226112366 9.685441970825 42.357997894287 109 109 109
10.354226112366 9.685441970825 42.403003692627 120 120 120
10.354226112366 9.685441970825 42.446002960205 117 117 117
10.354226112366 9.685441970825 42.491001129150 120 120 120
10.354226112366 9.685441970825 42.534000396729 123 123 123
10.354226112366 9.685441970825 42.579998016357 117 117 117
10.354226112366 9.685441970825 42.624004364014 116 116 116
10.342552185059 9.666681289673 42.666004180908 121 121 121
10.354226112366 9.685441970825 42.711002349854 129 129 129
10.354226112366 9.685441970825 42.756000518799 132 132 132
10.342552185059 9.666681289673 42.798000335693 128 128 128
10.342552185059 9.666681289673 42.841999053955 130 130 130
10.342552185059 9.666681289673 42.885997772217 135 135 135
10.354226112366 9.685441970825 42.930004119873 131 131 131
10.354226112366 9.685441970825 42.974002838135 139 139 139
10.342552185059 9.666681289673 43.017002105713 131 131 131
10.342552185059 9.666681289673 43.060001373291 138 138 138
10.342552185059 9.666681289673 43.104000091553 142 142 142
10.342552185059 9.666681289673 43.146999359131 141 141 141
10.342552185059 9.666681289673 43.189998626709 145 145 145
10.342552185059 9.666681289673 43.233997344971 149 149 149
10.342552185059 9.666681289673 43.278003692627 147 147 147
10.342552185059 9.666681289673 43.321002960205 150 150 150
10.342552185059 9.666681289673 43.364002227783 144 144 144
10.357769012451 9.670224189758 43.408000946045 145 145 145
10.342552185059 9.666681289673 43.451000213623 161 161 161
10.342552185059 9.666681289673 43.494998931885 167 167 167
10.357769012451 9.670224189758 43.537998199463 170 170 170
10.342552185059 9.666681289673 43.581996917725 162 162 162
10.342552185059 9.666681289673 43.625003814697 155 155 155
10.342552185059 9.666681289673 43.669002532959 155 155 155
10.342552185059 9.666681289673 43.712001800537 154 154 154
10.342552185059 9.666681289673 43.756000518799 161 161 161
10.346096038818 9.651463508606 43.798999786377 161 161 161
10.346096038818 9.651463508606 43.841999053955 165 165 165
10.346096038818 9.651463508606 43.885997772217 180 180 180
10.346096038818 9.651463508606 43.930004119873 150 150 150
10.346096038818 9.651463508606 43.973003387451 145 145 145
10.330877304077 9.647919654846 44.017002105713 143 143 143
10.346096038818 9.651463508606 44.061000823975 144 144 144
10.346096038818 9.651463508606 44.104000091553 152 152 152
10.330877304077 9.647919654846 44.148998260498 140 140 140
10.330877304077 9.647919654846 44.191997528076 141 141 141
10.347867012024 9.643854141235 44.237003326416 134 134 134
10.347867012024 9.643854141235 44.280002593994 160 160 160
10.346096038818 9.651463508606 44.324001312256 173 173 173
10.347867012024 9.643854141235 44.368999481201 141 141 141
10.384662628174 9.692528724670 44.406002044678 174 174 174
10.319202423096 9.629158973694 44.458003997803 122 122 122
10.347867012024 9.643854141235 44.501003265381 122 122 122
10.347867012024 9.643854141235 44.545001983643 123 123 123
10.347867012024 9.643854141235 44.589000701904 85 85 85
10.384662628174 9.692528724670 44.624004364014 132 132 132
10.399880409241 9.696072578430 44.667003631592 118 118 118
10.357769012451 9.670224189758 44.717998504639 125 125 125
10.399880409241 9.696072578430 44.756000518799 138 138 138
10.426773071289 9.718377113342 44.793003082275 140 140 140
10.372987747192 9.673768043518 44.849002838135 134 134 134
10.098653793335 9.818449974060 42.927997589111 81 81 81
10.098653793335 9.818449974060 42.973003387451 89 89 89
10.098653793335 9.818449974060 43.018001556396 89 89 89
10.112100601196 9.829601287842 43.063999176025 92 92 92
10.112100601196 9.829601287842 43.108997344971 93 93 93
10.112100601196 9.829601287842 43.154003143311 88 88 88
10.125547409058 9.840754508972 43.200000762939 151 151 151
10.125547409058 9.840754508972 43.243999481201 133 133 133
10.140765190125 9.844297409058 43.289997100830 137 137 137
10.138994216919 9.851905822754 43.335002899170 85 85 85
10.167657852173 9.866601943970 43.379001617432 82 82 82
10.140765190125 9.844297409058 43.423000335693 90 90 90
10.098653793335 9.818449974060 43.466999053955 88 88 88
10.098653793335 9.818449974060 43.511997222900 82 82 82
10.113872528076 9.821992874146 43.557003021240 63 63 63
10.221443176270 9.911211967468 43.908000946045 120 120 120
10.221443176270 9.911211967468 43.952999114990 175 175 175
10.206224441528 9.907668113708 43.997997283936 173 173 173
10.206224441528 9.907668113708 44.042003631592 174 174 174
10.206224441528 9.907668113708 44.086002349854 184 184 184
10.221443176270 9.911211967468 44.130001068115 131 131 131
10.209768295288 9.892450332642 44.218997955322 72 72 72
10.221443176270 9.911211967468 44.261997222900 174 174 174
10.221443176270 9.911211967468 44.307003021240 185 185 185
10.221443176270 9.911211967468 44.351001739502 157 157 157
10.221443176270 9.911211967468 44.395000457764 154 154 154
10.221443176270 9.911211967468 44.439998626709 146 146 146
10.173923492432 10.253092765808 43.926998138428 59 59 59
10.204359054565 10.260179519653 44.409999847412 47 47 47
10.204359054565 10.260179519653 44.453998565674 126 126 126
10.189140319824 10.256635665894 44.500003814697 22 22 22
10.203279495239 9.024619102478 44.556003570557 63 63 63
10.201507568359 9.032227516174 44.509998321533 152 152 152
10.201507568359 9.032227516174 44.465000152588 197 197 197
10.203279495239 9.024619102478 44.417003631592 56 56 56
10.198596954346 9.320323944092 44.476001739502 188 188 188
10.198596954346 9.320323944092 44.430004119873 198 198 198
10.200368881226 9.312714576721 44.383998870850 193 193 193
10.198596954346 9.320323944092 44.339000701904 193 193 193
10.198596954346 9.320323944092 44.293003082275 194 194 194
10.198596954346 9.320323944092 44.246997833252 93 93 93
10.230806350708 9.319801330566 44.154003143311 48 48 48
10.247795104980 9.315736770630 44.106998443604 156 156 156
10.249567031860 9.308127403259 44.062000274658 164 164 164
10.268327713013 9.296452522278 44.015003204346 163 163 163
10.045691490173 9.356913566589 43.516002655029 76 76 76
10.045691490173 9.356913566589 43.469997406006 111 111 111
10.060909271240 9.360457420349 43.423999786377 107 107 107
10.062681198120 9.352848052979 43.377002716064 110 110 110
10.045691490173 9.356913566589 43.330997467041 111 111 111
10.045691490173 9.356913566589 43.284000396729 113 113 113
10.060909271240 9.360457420349 43.238002777100 110 110 110
10.045691490173 9.356913566589 43.191997528076 106 106 106
10.076127052307 9.364000320435 43.145999908447 54 54 54
10.268327713013 9.296452522278 43.968997955322 68 68 68
10.299398422241 9.576416969299 44.884998321533 24 24 24
10.367355346680 9.560155868530 44.828998565674 163 163 163
10.435314178467 9.543893814087 44.773998260498 165 165 165
10.367355346680 9.560155868530 44.738002777100 146 146 146
10.350366592407 9.564221382141 44.697002410889 128 128 128
10.352138519287 9.556612014771 44.650997161865 150 150 150
10.367355346680 9.560155868530 44.604999542236 133 133 133
10.229667663574 9.600288391113 44.576000213623 127 127 127
10.280635833740 9.588091850281 44.524997711182 127 127 127
10.280635833740 9.588091850281 44.481998443604 125 125 125
10.261875152588 9.599766731262 44.438999176025 137 137 137
10.231439590454 9.592679023743 44.394001007080 147 147 147
10.231439590454 9.592679023743 44.349002838135 150 150 150
10.229667663574 9.600288391113 44.305004119873 156 156 156
10.231439590454 9.592679023743 44.258998870850 156 156 156
10.212677001953 9.604354858398 44.215000152588 155 155 155
10.212677001953 9.604354858398 44.170001983643 159 159 159
10.212677001953 9.604354858398 44.125003814697 157 157 157
10.229667663574 9.600288391113 44.078998565674 152 152 152
10.212677001953 9.604354858398 44.034999847412 157 157 157
10.212677001953 9.604354858398 43.990001678467 160 160 160
10.212677001953 9.604354858398 43.945003509521 163 163 163
10.212677001953 9.604354858398 43.899997711182 158 158 158
10.229667663574 9.600288391113 43.854999542236 159 159 159
10.212677001953 9.604354858398 43.810001373291 165 165 165
10.212677001953 9.604354858398 43.765003204346 165 165 165
10.212677001953 9.604354858398 43.719997406006 168 168 168
10.212677001953 9.604354858398 43.674999237061 170 170 170
10.216220855713 9.589136123657 43.630001068115 168 168 168
10.216220855713 9.589136123657 43.586002349854 160 160 160
10.212677001953 9.604354858398 43.541004180908 149 149 149
10.212677001953 9.604354858398 43.495998382568 152 152 152
10.197460174561 9.600811004639 43.451000213623 150 150 150
10.197460174561 9.600811004639 43.406002044678 143 143 143
10.212677001953 9.604354858398 43.361003875732 158 158 158
10.216220855713 9.589136123657 43.316997528076 167 167 167
10.197460174561 9.600811004639 43.270000457764 136 136 136
10.197460174561 9.600811004639 43.226001739502 144 144 144
10.216220855713 9.589136123657 43.182003021240 165 165 165
10.197460174561 9.600811004639 43.135997772217 134 134 134
10.182241439819 9.597268104553 43.089000701904 120 120 120
10.178699493408 9.612485885620 43.044002532959 127 127 127
10.195688247681 9.608419418335 42.999004364014 131 131 131
10.161708831787 9.616550445557 42.951000213623 132 132 132
10.127729415894 9.624681472778 42.902004241943 146 146 146
10.144718170166 9.620615959167 42.856998443604 83 83 83
10.175788879395 9.900581359863 44.462001800537 158 158 158
10.191005706787 9.904124259949 44.416004180908 184 184 184
10.191005706787 9.904124259949 44.370998382568 188 188 188
10.191005706787 9.904124259949 44.325000762939 206 206 206
10.191005706787 9.904124259949 44.281002044678 214 214 214
10.191005706787 9.904124259949 44.236003875732 148 148 148
10.175788879395 9.900581359863 44.145999908447 119 119 119
10.175788879395 9.900581359863 44.102001190186 198 198 198
10.175788879395 9.900581359863 44.057003021240 214 214 214
10.191005706787 9.904124259949 44.010997772217 197 197 197
10.175788879395 9.900581359863 43.966999053955 205 205 205
10.175788879395 9.900581359863 43.922000885010 182 182 182
10.055088996887 9.936649322510 43.518001556396 99 99 99
10.055088996887 9.936649322510 43.473003387451 109 109 109
10.055088996887 9.936649322510 43.426998138428 111 111 111
10.055088996887 9.936649322510 43.381999969482 110 110 110
10.072078704834 9.932583808899 43.337001800537 111 111 111
10.072078704834 9.932583808899 43.291004180908 109 109 109
10.072078704834 9.932583808899 43.245998382568 111 111 111
10.055088996887 9.936649322510 43.200000762939 102 102 102
10.055088996887 9.936649322510 43.155002593994 92 92 92
10.089069366455 9.928518295288 43.110004425049 29 29 29
10.169334411621 10.203895568848 44.566997528076 69 69 69
10.169334411621 10.203895568848 44.520999908447 165 165 165
10.169334411621 10.203895568848 44.477001190186 197 197 197
10.169334411621 10.203895568848 44.431003570557 190 190 190
10.169334411621 10.203895568848 44.385997772217 85 85 85
10.154117584229 10.200352668762 43.985004425049 21 21 21
10.154117584229 10.200352668762 43.939998626709 194 194 194
10.169334411621 10.203895568848 43.895000457764 210 210 210
10.172878265381 10.188677787781 43.851001739502 166 166 166
10.155889511108 10.192742347717 43.807003021240 54 54 54
10.335653305054 9.007311820984 43.949001312256 150 150 150
10.095615386963 9.280302047729 43.306003570557 48 48 48
10.082170486450 9.269149780273 43.344997406006 49 49 49
10.078626632690 9.284367561340 43.384998321533 17 17 17
10.310438156128 9.322300910950 43.885997772217 84 84 84
10.310438156128 9.322300910950 43.924999237061 196 196 196
10.293449401855 9.326366424561 43.965000152588 198 198 198
10.293449401855 9.326366424561 44.004001617432 197 197 197
10.276458740234 9.330431938171 44.045001983643 196 196 196
10.264785766602 9.311670303345 44.086002349854 201 201 201
10.261241912842 9.326888084412 44.126003265381 156 156 156
10.230806350708 9.319801330566 44.249004364014 128 128 128
10.230806350708 9.319801330566 44.286998748779 202 202 202
10.230806350708 9.319801330566 44.326999664307 201 201 201
10.230806350708 9.319801330566 44.366001129150 204 204 204
10.230806350708 9.319801330566 44.406002044678 200 200 200
10.230806350708 9.319801330566 44.446002960205 201 201 201
10.230806350708 9.319801330566 44.487003326416 171 171 171
10.239570617676 9.626659393311 42.238002777100 116 116 116
10.270006179810 9.633746147156 42.281002044678 109 109 109
10.254787445068 9.630202293396 42.319004058838 111 111 111
10.254787445068 9.630202293396 42.357997894287 120 120 120
10.254787445068 9.630202293396 42.397998809814 118 118 118
10.254787445068 9.630202293396 42.437000274658 125 125 125
10.254787445068 9.630202293396 42.475002288818 118 118 118
10.254787445068 9.630202293396 42.514003753662 123 123 123
10.254787445068 9.630202293396 42.553997039795 129 129 129
10.237798690796 9.634267807007 42.590000152588 132 132 132
10.254787445068 9.630202293396 42.631999969482 128 128 128
10.268234252930 9.641354560852 42.671001434326 142 142 142
10.268234252930 9.641354560852 42.711002349854 135 135 135
10.285224914551 9.637290000916 42.750003814697 139 139 139
10.285224914551 9.637290000916 42.789997100830 141 141 141
10.298669815063 9.648441314697 42.828998565674 149 149 149
10.298669815063 9.648441314697 42.867000579834 157 157 157
10.281681060791 9.652506828308 42.904003143311 161 161 161
10.285224914551 9.637290000916 42.942996978760 158 158 158
10.281681060791 9.652506828308 42.980998992920 153 153 153
10.281681060791 9.652506828308 43.019001007080 148 148 148
10.281681060791 9.652506828308 43.058002471924 150 150 150
10.281681060791 9.652506828308 43.096004486084 144 144 144
10.281681060791 9.652506828308 43.133998870850 142 142 142
10.268234252930 9.641354560852 43.172000885010 142 142 142
10.268234252930 9.641354560852 43.210002899170 146 146 146
10.268234252930 9.641354560852 43.249004364014 140 140 140
10.281681060791 9.652506828308 43.286998748779 145 145 145
10.281681060791 9.652506828308 43.325000762939 139 139 139
10.268234252930 9.641354560852 43.363002777100 141 141 141
10.312116622925 9.659594535828 43.402004241943 155 155 155
10.312116622925 9.659594535828 43.438999176025 163 163 163
10.329105377197 9.655528068542 43.477001190186 163 163 163
10.329105377197 9.655528068542 43.515003204346 164 164 164
10.329105377197 9.655528068542 43.552997589111 166 166 166
10.327333450317 9.663137435913 43.590999603271 172 172 172
10.329105377197 9.655528068542 43.629001617432 160 160 160
10.329105377197 9.655528068542 43.667003631592 151 151 151
10.327333450317 9.663137435913 43.704998016357 150 150 150
10.327333450317 9.663137435913 43.743000030518 158 158 158
10.327333450317 9.663137435913 43.781002044678 169 169 169
10.312116622925 9.659594535828 43.820003509521 163 163 163
10.327333450317 9.663137435913 43.857997894287 162 162 162
10.342552185059 9.666681289673 43.895000457764 148 148 148
10.312116622925 9.659594535828 43.936000823975 115 115 115
10.312116622925 9.659594535828 43.974002838135 121 121 121
10.296897888184 9.656050682068 44.014003753662 112 112 112
10.281681060791 9.652506828308 44.053997039795 120 120 120
10.342552185059 9.666681289673 44.086002349854 205 205 205
10.312116622925 9.659594535828 44.128002166748 174 174 174
10.281681060791 9.652506828308 44.171001434326 154 154 154
10.281681060791 9.652506828308 44.209003448486 147 147 147
10.295125961304 9.663659095764 44.245998382568 154 154 154
10.327333450317 9.663137435913 44.279003143311 193 193 193
10.295125961304 9.663659095764 44.325000762939 146 146 146
10.295125961304 9.663659095764 44.364002227783 134 134 134
10.357769012451 9.670224189758 44.392002105713 157 157 157
10.371215820313 9.681376457214 44.427997589111 178 178 178
10.325561523438 9.670745849609 44.476001739502 127 127 127
10.312116622925 9.659594535828 44.517002105713 132 132 132
10.247700691223 9.660637855530 44.569004058838 124 124 124
10.357769012451 9.670224189758 44.585002899170 126 126 126
10.384662628174 9.692528724670 44.619998931885 125 125 125
10.388206481934 9.677311897278 44.657001495361 119 119 119
10.354226112366 9.685441970825 44.704998016357 127 127 127
10.354226112366 9.685441970825 44.743000030518 130 130 130
10.464294433594 9.695028305054 44.763004302979 141 141 141
10.371215820313 9.681376457214 44.817996978760 142 142 142
10.089069366455 9.928518295288 43.070003509521 35 35 35
10.089069366455 9.928518295288 43.108997344971 89 89 89
10.089069366455 9.928518295288 43.147998809814 111 111 111
10.089069366455 9.928518295288 43.187000274658 112 112 112
10.102514266968 9.939670562744 43.226001739502 111 111 111
10.089069366455 9.928518295288 43.265003204346 110 110 110
10.089069366455 9.928518295288 43.303997039795 113 113 113
10.089069366455 9.928518295288 43.342998504639 120 120 120
10.089069366455 9.928518295288 43.381999969482 119 119 119
10.073850631714 9.924975395203 43.421001434326 113 113 113
10.089069366455 9.928518295288 43.460002899170 114 114 114
10.102514266968 9.939670562744 43.499004364014 105 105 105
10.102514266968 9.939670562744 43.537998199463 83 83 83
10.195594787598 9.953322410583 43.880001068115 203 203 203
10.209039688110 9.964474678040 43.918003082275 193 193 193
10.195594787598 9.953322410583 43.956996917725 196 196 196
10.192050933838 9.968540191650 43.995998382568 213 213 213
10.195594787598 9.953322410583 44.034000396729 210 210 210
10.192050933838 9.968540191650 44.073001861572 213 213 213
10.209039688110 9.964474678040 44.111003875732 138 138 138
10.180376052856 9.949778556824 44.230998992920 65 65 65
10.209039688110 9.964474678040 44.266002655029 223 223 223
10.209039688110 9.964474678040 44.305004119873 208 208 208
10.207268714905 9.972083091736 44.344997406006 215 215 215
10.207268714905 9.972083091736 44.383998870850 225 225 225
10.207268714905 9.972083091736 44.423000335693 227 227 227
10.207268714905 9.972083091736 44.462001800537 221 221 221
10.195499420166 10.298224449158 44.433002471924 34 34 34
