23.163429260254 44.222873687744 5.689010620117 216 216 216
23.148254394531 44.226604461670 5.652999877930 222 222 222
23.161563873291 44.215286254883 5.613998413086 220 220 220
23.163429260254 44.222873687744 5.574996948242 219 219 219
23.148254394531 44.226604461670 5.539001464844 221 221 221
23.148254394531 44.226604461670 5.501007080078 212 212 212
23.148254394531 44.226604461670 5.462997436523 136 136 136
23.163429260254 44.222873687744 5.236007690430 200 200 200
23.163429260254 44.222873687744 5.199005126953 207 207 207
23.161563873291 44.215286254883 5.164001464844 212 212 212
23.148254394531 44.226604461670 5.126998901367 209 209 209
23.161563873291 44.215286254883 5.089004516602 213 213 213
23.161563873291 44.215286254883 5.053009033203 211 211 211
23.161563873291 44.215286254883 5.016006469727 157 157 157
23.070526123047 44.237670898438 4.656005859375 31 31 31
23.072391510010 44.245258331299 4.621002197266 131 131 131
23.072391510010 44.245258331299 4.583999633789 141 141 141
23.068660736084 44.230083465576 4.546997070313 143 143 143
23.070526123047 44.237670898438 4.510009765625 127 127 127
23.068660736084 44.230083465576 4.473007202148 57 57 57
23.149124145508 44.491882324219 5.529998779297 216 216 216
23.166160583496 44.495738983154 5.490005493164 217 217 217
23.166160583496 44.495738983154 5.452011108398 215 215 215
23.166160583496 44.495738983154 5.414001464844 205 205 205
23.168025970459 44.503322601318 5.374008178711 201 201 201
23.168025970459 44.503322601318 5.335998535156 201 201 201
23.168025970459 44.503322601318 5.298995971680 202 202 202
23.166160583496 44.495738983154 5.262008666992 206 206 206
23.168025970459 44.503322601318 5.223007202148 208 208 208
23.166160583496 44.495738983154 5.186996459961 197 197 197
23.012565612793 44.525459289551 4.755996704102 143 143 143
23.012565612793 44.525459289551 4.718002319336 173 173 173
23.042911529541 44.517997741699 4.680007934570 171 171 171
23.012565612793 44.525459289551 4.643005371094 167 167 167
23.014430999756 44.533046722412 4.605010986328 165 165 165
23.103603363037 44.503074645996 4.561004638672 155 155 155
23.044776916504 44.525585174561 4.529006958008 160 160 160
23.044776916504 44.525585174561 4.490997314453 159 159 159
23.044776916504 44.525585174561 4.454010009766 155 155 155
23.044776916504 44.525585174561 4.417007446289 146 146 146
23.105468750000 44.510662078857 4.378005981445 176 176 176
23.042911529541 44.517997741699 4.343002319336 169 169 169
23.042911529541 44.517997741699 4.305999755859 183 183 183
23.042911529541 44.517997741699 4.268005371094 179 179 179
23.044776916504 44.525585174561 4.231002807617 180 180 180
23.014430999756 44.533046722412 4.194000244141 161 161 161
23.044776916504 44.525585174561 4.156997680664 159 159 159
23.044776916504 44.525585174561 4.120010375977 179 179 179
23.044776916504 44.525585174561 4.082000732422 81 81 81
23.073257446289 44.510536193848 3.972000122070 32 32 32
23.168891906738 44.768604278564 5.559005737305 175 175 175
23.167030334473 44.761016845703 5.518997192383 189 189 189
23.167030334473 44.761016845703 5.482009887695 195 195 195
23.167030334473 44.761016845703 5.444000244141 194 194 194
23.168891906738 44.768604278564 5.404998779297 199 199 199
23.167030334473 44.761016845703 5.365997314453 193 193 193
23.167030334473 44.761016845703 5.330001831055 207 207 207
23.167030334473 44.761016845703 5.292007446289 204 204 204
23.167030334473 44.761016845703 5.253997802734 208 208 208
23.167030334473 44.761016845703 5.216003417969 212 212 212
23.149990081787 44.757160186768 5.179000854492 205 205 205
23.149990081787 44.757160186768 5.141006469727 143 143 143
22.971641540527 44.817104339600 4.746002197266 169 169 169
22.971641540527 44.817104339600 4.708007812500 172 172 172
22.971641540527 44.817104339600 4.669006347656 171 171 171
23.017166137695 44.805912017822 4.626998901367 159 159 159
23.017166137695 44.805912017822 4.589004516602 157 157 157
23.032337188721 44.802181243896 4.550003051758 130 130 130
23.032337188721 44.802181243896 4.512008666992 131 131 131
22.971641540527 44.817104339600 4.477996826172 159 159 159
22.984954833984 44.805786132813 4.439010620117 168 168 168
22.984954833984 44.805786132813 4.401000976563 169 169 169
22.971641540527 44.817104339600 4.363998413086 169 169 169
22.971641540527 44.817104339600 4.324996948242 168 168 168
22.984954833984 44.805786132813 4.287002563477 167 167 167
22.984954833984 44.805786132813 4.249008178711 151 151 151
22.986816406250 44.813373565674 4.210998535156 104 104 104
23.139415740967 45.041343688965 5.712997436523 169 169 169
23.152725219727 45.030025482178 5.671997070313 192 192 192
23.139415740967 45.041343688965 5.634002685547 195 195 195
23.152725219727 45.030025482178 5.594009399414 191 191 191
23.167896270752 45.026294708252 5.554000854492 196 196 196
23.152725219727 45.030025482178 5.516006469727 192 192 192
23.167896270752 45.026294708252 5.475997924805 123 123 123
23.137550354004 45.033756256104 5.210006713867 199 199 199
23.137550354004 45.033756256104 5.169998168945 211 211 211
23.137550354004 45.033756256104 5.133010864258 214 214 214
23.137550354004 45.033756256104 5.094009399414 205 205 205
23.137550354004 45.033756256104 5.055999755859 210 210 210
23.139415740967 45.041343688965 5.016998291016 206 206 206
23.135684967041 45.026168823242 4.981002807617 142 142 142
23.120525360107 44.048381805420 4.970001220703 104 104 104
23.120525360107 44.048381805420 5.012008666992 200 200 200
23.120525360107 44.048381805420 5.053009033203 223 223 223
23.120525360107 44.048381805420 5.094009399414 221 221 221
23.120525360107 44.048381805420 5.135009765625 211 211 211
23.105350494385 44.052112579346 5.555999755859 72 72 72
23.122390747070 44.055969238281 5.595001220703 213 213 213
23.124256134033 44.063556671143 5.636001586914 216 216 216
23.122390747070 44.055969238281 5.680007934570 210 210 210
23.122390747070 44.055969238281 5.723999023438 192 192 192
23.122390747070 44.055969238281 5.766998291016 73 73 73
23.040180206299 44.245132446289 4.503005981445 146 146 146
23.043910980225 44.260307312012 4.544998168945 164 164 164
23.042045593262 44.252719879150 4.587005615234 163 163 163
23.040180206299 44.245132446289 4.628997802734 130 130 130
23.113929748535 44.283313751221 5.041000366211 172 172 172
23.113929748535 44.283313751221 5.083007812500 219 219 219
23.113929748535 44.283313751221 5.125000000000 224 224 224
23.113929748535 44.283313751221 5.167007446289 219 219 219
23.130966186523 44.287170410156 5.207000732422 227 227 227
23.130966186523 44.287170410156 5.250000000000 218 218 218
23.132835388184 44.294757843018 5.290008544922 112 112 112
23.113929748535 44.283313751221 5.419998168945 83 83 83
23.130966186523 44.287170410156 5.460998535156 209 209 209
23.113929748535 44.283313751221 5.505004882813 217 217 217
23.130966186523 44.287170410156 5.546005249023 214 214 214
23.130966186523 44.287170410156 5.587997436523 214 214 214
23.130966186523 44.287170410156 5.630004882813 207 207 207
23.130966186523 44.287170410156 5.673004150391 126 126 126
23.048759460449 44.476333618164 4.020004272461 46 46 46
23.065795898438 44.480190277100 4.063003540039 58 58 58
23.048759460449 44.476333618164 4.105010986328 53 53 53
23.029853820801 44.464893341064 4.145996093750 108 108 108
22.999507904053 44.472354888916 4.188003540039 145 145 145
22.997642517090 44.464767456055 4.230010986328 153 153 153
22.999507904053 44.472354888916 4.273010253906 169 169 169
23.016548156738 44.476207733154 4.315002441406 180 180 180
23.048759460449 44.476333618164 4.358001708984 191 191 191
22.999507904053 44.472354888916 4.400009155273 183 183 183
22.999507904053 44.472354888916 4.442001342773 184 184 184
23.033584594727 44.480064392090 4.485000610352 143 143 143
23.069526672363 44.495361328125 4.526000976563 162 162 162
23.086566925049 44.499217987061 4.568008422852 158 158 158
23.001373291016 44.479938507080 4.611999511719 173 173 173
22.999507904053 44.472354888916 4.654998779297 191 191 191
22.997642517090 44.464767456055 4.697998046875 185 185 185
23.001373291016 44.479938507080 4.740005493164 184 184 184
23.135814666748 44.503200531006 5.195007324219 212 212 212
23.135814666748 44.503200531006 5.236999511719 220 220 220
23.135814666748 44.503200531006 5.279998779297 220 220 220
23.137680053711 44.510784149170 5.322006225586 219 219 219
23.137680053711 44.510784149170 5.363998413086 221 221 221
23.124374389648 44.522102355957 5.406997680664 215 215 215
23.109199523926 44.525833129883 5.451004028320 220 220 220
23.124374389648 44.522102355957 5.492996215820 210 210 210
23.109199523926 44.525833129883 5.537002563477 144 144 144
23.087684631348 44.700073242188 2.475997924805 119 119 119
23.085815429688 44.692485809326 2.518997192383 119 119 119
23.083953857422 44.684902191162 2.561004638672 115 115 115
23.085815429688 44.692485809326 2.740997314453 39 39 39
23.085815429688 44.692485809326 2.787002563477 22 22 22
22.972145080566 44.688255310059 4.077011108398 90 90 90
22.972145080566 44.688255310059 4.119003295898 151 151 151
22.972145080566 44.688255310059 4.163009643555 163 163 163
22.972145080566 44.688255310059 4.206008911133 171 171 171
22.972145080566 44.688255310059 4.249008178711 159 159 159
22.958839416504 44.699573516846 4.292007446289 167 167 167
22.956970214844 44.691986083984 4.335006713867 168 168 168
23.091415405273 44.715248107910 4.378005981445 181 181 181
22.992912292480 44.707286834717 4.421005249023 163 163 163
23.008087158203 44.703556060791 4.462997436523 170 170 170
22.960700988770 44.707160949707 4.507003784180 173 173 173
23.062934875488 44.730297088623 4.546997070313 176 176 176
22.958839416504 44.699573516846 4.593002319336 197 197 197
22.956970214844 44.691986083984 4.637008666992 184 184 184
22.958839416504 44.699573516846 4.680007934570 184 184 184
22.958839416504 44.699573516846 4.723007202148 167 167 167
22.958839416504 44.699573516846 4.766006469727 113 113 113
23.112182617188 44.734275817871 5.182006835938 212 212 212
23.129219055176 44.738132476807 5.223999023438 220 220 220
23.129219055176 44.738132476807 5.266006469727 218 218 218
23.100738525391 44.753181457520 5.311004638672 219 219 219
23.131088256836 44.745719909668 5.352005004883 224 224 224
23.131088256836 44.745719909668 5.393997192383 227 227 227
23.132949829102 44.753303527832 5.436004638672 219 219 219
23.131088256836 44.745719909668 5.480010986328 228 228 228
23.132949829102 44.753303527832 5.523010253906 219 219 219
23.119644165039 44.764621734619 5.566009521484 87 87 87
22.948509216309 44.919334411621 4.395004272461 99 99 99
22.933338165283 44.923065185547 4.439010620117 166 166 166
22.916297912598 44.919208526611 4.483001708984 184 184 184
22.933338165283 44.923065185547 4.526000976563 185 185 185
22.918163299561 44.926795959473 4.570007324219 189 189 189
22.920028686523 44.934383392334 4.613998413086 188 188 188
22.918163299561 44.926795959473 4.658004760742 189 189 189
22.920028686523 44.934383392334 4.701004028320 143 143 143
23.105587005615 44.969207763672 5.035003662109 211 211 211
23.124492645264 44.980651855469 5.077011108398 225 225 225
23.122627258301 44.973064422607 5.121002197266 223 223 223
23.122627258301 44.973064422607 5.164001464844 222 222 222
23.122627258301 44.973064422607 5.206008911133 223 223 223
23.122627258301 44.973064422607 5.250000000000 198 198 198
23.124492645264 44.980651855469 5.464996337891 210 210 210
23.124492645264 44.980651855469 5.508010864258 228 228 228
23.124492645264 44.980651855469 5.551010131836 221 221 221
23.124492645264 44.980651855469 5.595001220703 231 231 231
23.113048553467 44.999553680420 5.639007568359 223 223 223
23.113048553467 44.999553680420 5.684005737305 199 199 199
23.083820343018 45.207870483398 5.020004272461 159 159 159
23.085685729980 45.215457916260 5.061996459961 214 214 214
23.085685729980 45.215457916260 5.106002807617 204 204 204
23.119762420654 45.223171234131 5.585998535156 193 193 193
23.119762420654 45.223171234131 5.628005981445 208 208 208
23.121627807617 45.230754852295 5.671005249023 130 130 130
23.170024871826 43.987941741943 5.688003540039 81 81 81
23.170024871826 43.987941741943 5.643005371094 129 129 129
23.170024871826 43.987941741943 5.600997924805 102 102 102
23.154853820801 43.991672515869 5.135009765625 83 83 83
23.168159484863 43.980354309082 5.091003417969 123 123 123
23.154853820801 43.991672515869 5.051010131836 81 81 81
22.831489562988 44.312538146973 4.645996093750 30 30 30
22.871414184570 44.278583526611 4.600006103516 41 41 41
23.210563659668 44.283691406250 5.667999267578 18 18 18
23.182083129883 44.298736572266 5.628997802734 158 158 158
23.168777465820 44.310054779053 5.589996337891 160 160 160
23.182083129883 44.298736572266 5.544006347656 159 159 159
23.180217742920 44.291152954102 5.501998901367 163 163 163
23.168777465820 44.310054779053 5.458999633789 158 158 158
23.168777465820 44.310054779053 5.417999267578 130 130 130
23.180217742920 44.291152954102 5.286010742188 146 146 146
23.180217742920 44.291152954102 5.244003295898 156 156 156
23.180217742920 44.291152954102 5.201004028320 154 154 154
23.180217742920 44.291152954102 5.158996582031 159 159 159
23.168777465820 44.310054779053 5.117004394531 157 157 157
23.180217742920 44.291152954102 5.072006225586 102 102 102
23.064182281494 44.408180236816 4.742996215820 146 146 146
23.064182281494 44.408180236816 4.699005126953 135 135 135
23.064182281494 44.408180236816 4.656005859375 134 134 134
23.104103088379 44.374229431152 4.611999511719 135 135 135
23.104103088379 44.374229431152 4.569000244141 142 142 142
23.104103088379 44.374229431152 4.527008056641 117 117 117
23.077487945557 44.396862030029 4.484008789063 125 125 125
23.077487945557 44.396862030029 4.441009521484 152 152 152
23.077487945557 44.396862030029 4.398010253906 130 130 130
23.115547180176 44.355323791504 4.356002807617 138 138 138
23.102237701416 44.366641998291 4.313003540039 129 129 129
23.077487945557 44.396862030029 4.270004272461 122 122 122
23.049007415771 44.411911010742 4.225997924805 85 85 85
23.049007415771 44.411911010742 4.182998657227 27 27 27
23.218894958496 44.579315185547 5.702011108398 137 137 137
23.215160369873 44.564140319824 5.656005859375 131 131 131
23.218894958496 44.579315185547 5.613998413086 144 144 144
23.218894958496 44.579315185547 5.570007324219 137 137 137
23.218894958496 44.579315185547 5.527008056641 139 139 139
23.218894958496 44.579315185547 5.484008789063 137 137 137
23.218894958496 44.579315185547 5.440002441406 141 141 141
23.215160369873 44.564140319824 5.395996093750 140 140 140
23.218894958496 44.579315185547 5.354003906250 138 138 138
23.218894958496 44.579315185547 5.311004638672 140 140 140
23.218894958496 44.579315185547 5.268005371094 144 144 144
23.190414428711 44.594364166260 5.227005004883 144 144 144
23.218894958496 44.579315185547 5.182006835938 144 144 144
23.218894958496 44.579315185547 5.139007568359 140 140 140
23.218894958496 44.579315185547 5.097000122070 141 141 141
23.218894958496 44.579315185547 5.055007934570 144 144 144
23.218894958496 44.579315185547 5.012008666992 141 141 141
23.218894958496 44.579315185547 4.970001220703 151 151 151
23.190414428711 44.594364166260 4.927001953125 153 153 153
23.218894958496 44.579315185547 4.884002685547 165 165 165
23.218894958496 44.579315185547 4.842010498047 164 164 164
23.218894958496 44.579315185547 4.798995971680 167 167 167
23.218894958496 44.579315185547 4.757003784180 174 174 174
23.218894958496 44.579315185547 4.714996337891 173 173 173
23.190414428711 44.594364166260 4.673004150391 168 168 168
23.218894958496 44.579315185547 4.630004882813 166 166 166
23.218894958496 44.579315185547 4.587997436523 166 166 166
23.190414428711 44.594364166260 4.544998168945 166 166 166
23.190414428711 44.594364166260 4.503005981445 172 172 172
23.190414428711 44.594364166260 4.460998535156 168 168 168
23.190414428711 44.594364166260 4.417999267578 172 172 172
23.190414428711 44.594364166260 4.376007080078 174 174 174
23.190414428711 44.594364166260 4.333999633789 169 169 169
23.190414428711 44.594364166260 4.291000366211 170 170 170
23.218894958496 44.579315185547 4.249008178711 173 173 173
23.190414428711 44.594364166260 4.207000732422 169 169 169
23.190414428711 44.594364166260 4.164001464844 171 171 171
23.190414428711 44.594364166260 4.122009277344 164 164 164
23.190414428711 44.594364166260 4.079010009766 167 167 167
23.190414428711 44.594364166260 4.037002563477 172 172 172
23.188545227051 44.586776733398 3.994003295898 168 168 168
23.188545227051 44.586776733398 3.952011108398 169 169 169
23.192276000977 44.601947784424 3.908004760742 168 168 168
23.188545227051 44.586776733398 3.865997314453 172 172 172
23.188545227051 44.586776733398 3.824005126953 168 168 168
23.188545227051 44.586776733398 3.781005859375 168 168 168
23.192276000977 44.601947784424 3.738006591797 166 166 166
23.188545227051 44.586776733398 3.695007324219 166 166 166
23.188545227051 44.586776733398 3.652999877930 166 166 166
23.192276000977 44.601947784424 3.609008789063 165 165 165
23.192276000977 44.601947784424 3.566009521484 162 162 162
23.192276000977 44.601947784424 3.523010253906 161 161 161
23.188545227051 44.586776733398 3.481002807617 163 163 163
23.188545227051 44.586776733398 3.438003540039 160 160 160
23.192276000977 44.601947784424 3.393997192383 160 160 160
23.192276000977 44.601947784424 3.350006103516 160 160 160
23.192276000977 44.601947784424 3.305999755859 162 162 162
23.192276000977 44.601947784424 3.263000488281 154 154 154
23.192276000977 44.601947784424 3.219009399414 160 160 160
23.192276000977 44.601947784424 3.176010131836 160 160 160
23.192276000977 44.601947784424 3.133010864258 158 158 158
23.175239562988 44.598094940186 3.087005615234 159 159 159
23.192276000977 44.601947784424 3.044998168945 160 160 160
23.175239562988 44.598094940186 3.000000000000 149 149 149
23.192276000977 44.601947784424 2.957000732422 154 154 154
23.175239562988 44.598094940186 2.911010742188 156 156 156
23.161933898926 44.609409332275 2.865005493164 157 157 157
23.175239562988 44.598094940186 2.822998046875 156 156 156
23.161933898926 44.609409332275 2.776000976563 153 153 153
23.161933898926 44.609409332275 2.732009887695 152 152 152
23.175239562988 44.598094940186 2.688003540039 151 151 151
23.175239562988 44.598094940186 2.643997192383 152 152 152
23.175239562988 44.598094940186 2.600006103516 154 154 154
23.175239562988 44.598094940186 2.554000854492 153 153 153
23.161933898926 44.609409332275 2.507003784180 147 147 147
23.149242401123 44.950428009033 5.663009643555 133 133 133
23.179588317871 44.942966461182 5.617004394531 146 146 146
23.179588317871 44.942966461182 5.572998046875 144 144 144
23.179588317871 44.942966461182 5.527999877930 146 146 146
23.177722930908 44.935382843018 5.483001708984 145 145 145
23.179588317871 44.942966461182 5.440002441406 107 107 107
23.177722930908 44.935382843018 5.264999389648 105 105 105
23.149242401123 44.950428009033 5.223007202148 158 158 158
23.149242401123 44.950428009033 5.179000854492 153 153 153
23.149242401123 44.950428009033 5.136001586914 157 157 157
23.149242401123 44.950428009033 5.091003417969 154 154 154
23.149242401123 44.950428009033 5.048995971680 142 142 142
23.093894958496 45.052536010742 4.998001098633 211 211 211
23.093894958496 45.052536010742 5.041000366211 223 223 223
23.076858520508 45.048679351807 5.085006713867 222 222 222
23.076858520508 45.048679351807 5.128005981445 224 224 224
23.095764160156 45.060123443604 5.169998168945 220 220 220
23.076858520508 45.048679351807 5.214996337891 187 187 187
23.076858520508 45.048679351807 5.518005371094 90 90 90
23.112800598145 45.063976287842 5.559005737305 217 217 217
23.095764160156 45.060123443604 5.602996826172 226 226 226
23.095764160156 45.060123443604 5.648010253906 218 218 218
23.095764160156 45.060123443604 5.691009521484 232 232 232
23.095764160156 45.060123443604 5.735000610352 220 220 220
23.095764160156 45.060123443604 5.779998779297 92 92 92
22.939682006836 44.752555847168 4.165008544922 95 95 95
22.937816619873 44.744968414307 4.208007812500 162 162 162
22.937816619873 44.744968414307 4.251007080078 162 162 162
22.937816619873 44.744968414307 4.294006347656 170 170 170
22.922645568848 44.748699188232 4.337997436523 180 180 180
22.922645568848 44.748699188232 4.380996704102 172 172 172
22.939682006836 44.752555847168 4.423995971680 194 194 194
22.939682006836 44.752555847168 4.467010498047 185 185 185
22.973762512207 44.760265350342 4.510009765625 144 144 144
22.975624084473 44.767852783203 4.553009033203 163 163 163
22.975624084473 44.767852783203 4.596008300781 165 165 165
22.973762512207 44.760265350342 4.639007568359 175 175 175
22.905605316162 44.744842529297 4.684005737305 186 186 186
22.922645568848 44.748699188232 4.727005004883 183 183 183
22.922645568848 44.748699188232 4.770996093750 178 178 178
23.096759796143 44.802429199219 5.143997192383 206 206 206
23.096759796143 44.802429199219 5.186004638672 219 219 219
23.096759796143 44.802429199219 5.230010986328 218 218 218
23.096759796143 44.802429199219 5.272003173828 216 216 216
23.096759796143 44.802429199219 5.316009521484 216 216 216
23.096759796143 44.802429199219 5.358001708984 199 199 199
23.113800048828 44.806285858154 5.399002075195 214 214 214
23.098625183105 44.810016632080 5.443008422852 231 231 231
23.098625183105 44.810016632080 5.486007690430 218 218 218
23.098625183105 44.810016632080 5.529006958008 226 226 226
23.113800048828 44.806285858154 5.572006225586 219 219 219
23.113800048828 44.806285858154 5.615005493164 199 199 199
23.092163085938 44.521976470947 2.786010742188 16 16 16
23.092163085938 44.521976470947 2.830001831055 28 28 28
23.092163085938 44.521976470947 2.875000000000 48 48 48
23.094028472900 44.529563903809 2.919006347656 64 64 64
23.092163085938 44.521976470947 2.960998535156 76 76 76
23.076988220215 44.525707244873 3.003005981445 85 85 85
23.094028472900 44.529563903809 3.050003051758 95 95 95
23.092163085938 44.521976470947 3.092010498047 96 96 96
23.111064910889 44.533420562744 3.137008666992 113 113 113
23.094028472900 44.529563903809 3.179000854492 119 119 119
23.111064910889 44.533420562744 3.223999023438 117 117 117
23.094028472900 44.529563903809 3.264999389648 128 128 128
23.094028472900 44.529563903809 3.307998657227 121 121 121
23.111064910889 44.533420562744 3.352996826172 124 124 124
23.111064910889 44.533420562744 3.395004272461 131 131 131
23.094028472900 44.529563903809 3.436004638672 138 138 138
23.111064910889 44.533420562744 3.481002807617 135 135 135
23.111064910889 44.533420562744 3.522003173828 125 125 125
23.094028472900 44.529563903809 3.564010620117 135 135 135
23.094028472900 44.529563903809 3.606002807617 138 138 138
23.094028472900 44.529563903809 3.648010253906 139 139 139
23.094028472900 44.529563903809 3.690002441406 136 136 136
23.111064910889 44.533420562744 3.734008789063 137 137 137
23.111064910889 44.533420562744 3.776000976563 145 145 145
23.111064910889 44.533420562744 3.818008422852 141 141 141
23.111064910889 44.533420562744 3.861007690430 143 143 143
23.111064910889 44.533420562744 3.902008056641 142 142 142
23.111064910889 44.533420562744 3.944000244141 141 141 141
23.111064910889 44.533420562744 3.986007690430 132 132 132
23.112930297852 44.541007995605 4.027999877930 145 145 145
23.111064910889 44.533420562744 4.070007324219 151 151 151
23.111064910889 44.533420562744 4.111007690430 160 160 160
23.092163085938 44.521976470947 4.152999877930 185 185 185
23.094028472900 44.529563903809 4.195007324219 173 173 173
23.111064910889 44.533420562744 4.236999511719 177 177 177
23.111064910889 44.533420562744 4.277999877930 191 191 191
23.114795684814 44.548595428467 4.320007324219 172 172 172
23.131835937500 44.552448272705 4.361999511719 176 176 176
23.164047241211 44.552574157715 4.404006958008 179 179 179
23.147006988525 44.548717498779 4.445007324219 181 181 181
23.164047241211 44.552574157715 4.486999511719 179 179 179
23.164047241211 44.552574157715 4.527999877930 173 173 173
23.179218292236 44.548843383789 4.569000244141 179 179 179
23.164047241211 44.552574157715 4.611007690430 187 187 187
23.164047241211 44.552574157715 4.652008056641 185 185 185
23.164047241211 44.552574157715 4.694000244141 185 185 185
23.164047241211 44.552574157715 4.735000610352 187 187 187
23.164047241211 44.552574157715 4.777008056641 183 183 183
23.164047241211 44.552574157715 4.818008422852 183 183 183
23.179218292236 44.548843383789 4.860000610352 174 174 174
23.164047241211 44.552574157715 4.902008056641 176 176 176
23.148872375488 44.556304931641 4.944000244141 162 162 162
23.164047241211 44.552574157715 4.985000610352 157 157 157
23.148872375488 44.556304931641 5.027999877930 154 154 154
23.148872375488 44.556304931641 5.070007324219 154 154 154
23.150737762451 44.563892364502 5.110000610352 142 142 142
23.150737762451 44.563892364502 5.152999877930 157 157 157
23.150737762451 44.563892364502 5.195007324219 149 149 149
23.148872375488 44.556304931641 5.238006591797 149 149 149
23.201854705811 44.575458526611 5.273010253906 202 202 202
23.215160369873 44.564140319824 5.313003540039 213 213 213
23.131835937500 44.552448272705 5.365005493164 150 150 150
23.148872375488 44.556304931641 5.406997680664 142 142 142
23.218894958496 44.579315185547 5.438003540039 207 207 207
23.218894958496 44.579315185547 5.480010986328 219 219 219
23.150737762451 44.563892364502 5.531005859375 140 140 140
23.150737762451 44.563892364502 5.574996948242 133 133 133
23.152603149414 44.571479797363 5.615005493164 133 133 133
23.150737762451 44.563892364502 5.658996582031 138 138 138
23.184814453125 44.571601867676 5.695999145508 117 117 117
23.201854705811 44.575458526611 5.736999511719 55 55 55
23.026870727539 44.256450653076 4.427001953125 74 74 74
23.011699676514 44.260181427002 4.469009399414 176 176 176
23.028739929199 44.264038085938 4.511001586914 189 189 189
23.026870727539 44.256450653076 4.553009033203 188 188 188
23.026870727539 44.256450653076 4.595001220703 189 189 189
23.026870727539 44.256450653076 4.636001586914 197 197 197
23.026870727539 44.256450653076 4.678009033203 197 197 197
23.009834289551 44.252593994141 4.721008300781 98 98 98
23.098754882813 44.287044525146 5.091003417969 184 184 184
23.113929748535 44.283313751221 5.130996704102 218 218 218
23.098754882813 44.287044525146 5.173995971680 224 224 224
23.098754882813 44.287044525146 5.214996337891 220 220 220
23.115795135498 44.290901184082 5.257003784180 225 225 225
23.098754882813 44.287044525146 5.298995971680 215 215 215
23.115795135498 44.290901184082 5.341003417969 62 62 62
23.098754882813 44.287044525146 5.427001953125 100 100 100
23.098754882813 44.287044525146 5.469009399414 209 209 209
23.098754882813 44.287044525146 5.511001586914 217 217 217
23.098754882813 44.287044525146 5.552001953125 206 206 206
23.098754882813 44.287044525146 5.596008300781 214 214 214
23.115795135498 44.290901184082 5.637008666992 205 205 205
23.098754882813 44.287044525146 5.680007934570 127 127 127
23.082717895508 44.025497436523 4.984008789063 95 95 95
23.111198425293 44.010448455811 5.024002075195 195 195 195
23.111198425293 44.010448455811 5.066009521484 216 216 216
23.111198425293 44.010448455811 5.107009887695 222 222 222
23.111198425293 44.010448455811 5.148010253906 221 221 221
23.113063812256 44.018035888672 5.188003540039 65 65 65
23.084583282471 44.033084869385 5.608001708984 197 197 197
23.099754333496 44.029354095459 5.649002075195 212 212 212
23.099754333496 44.029354095459 5.692001342773 213 213 213
23.099754333496 44.029354095459 5.733001708984 198 198 198
23.084583282471 44.033084869385 5.777999877930 110 110 110
23.112300872803 45.192821502686 5.677001953125 155 155 155
23.112300872803 45.192821502686 5.636001586914 189 189 189
23.095260620117 45.188968658447 5.600997924805 107 107 107
23.095260620117 45.188968658447 5.134002685547 183 183 183
23.095260620117 45.188968658447 5.096008300781 193 193 193
23.095260620117 45.188968658447 5.057998657227 162 162 162
23.105838775635 44.904785156250 5.680007934570 139 139 139
23.103973388672 44.897197723389 5.639999389648 192 192 192
23.103973388672 44.897197723389 5.600997924805 196 196 196
23.103973388672 44.897197723389 5.561004638672 195 195 195
23.102108001709 44.889614105225 5.524002075195 195 195 195
23.103973388672 44.897197723389 5.485000610352 198 198 198
23.103973388672 44.897197723389 5.445999145508 176 176 176
23.102108001709 44.889614105225 5.333007812500 58 58 58
23.102108001709 44.889614105225 5.294998168945 205 205 205
23.100242614746 44.882026672363 5.255996704102 212 212 212
23.100242614746 44.882026672363 5.218002319336 211 211 211
23.100242614746 44.882026672363 5.180007934570 209 209 209
23.100242614746 44.882026672363 5.143005371094 210 210 210
23.102108001709 44.889614105225 5.104003906250 202 202 202
23.102108001709 44.889614105225 5.066009521484 75 75 75
22.887817382813 44.934257507324 4.669006347656 126 126 126
22.887817382813 44.934257507324 4.630996704102 156 156 156
22.887817382813 44.934257507324 4.593002319336 172 172 172
22.901126861572 44.922939300537 4.554000854492 161 161 161
22.901126861572 44.922939300537 4.514999389648 135 135 135
22.901126861572 44.922939300537 4.477005004883 78 78 78
23.215160369873 44.564140319824 5.732009887695 87 87 87
23.201854705811 44.575458526611 5.699005126953 124 124 124
23.213294982910 44.556556701660 5.660003662109 117 117 117
23.213294982910 44.556556701660 5.623001098633 112 112 112
23.213294982910 44.556556701660 5.583999633789 117 117 117
23.213294982910 44.556556701660 5.546005249023 123 123 123
23.213294982910 44.556556701660 5.507003784180 131 131 131
23.228469848633 44.552825927734 5.467010498047 185 185 185
23.196258544922 44.552700042725 5.434997558594 120 120 120
23.184814453125 44.571601867676 5.398010253906 109 109 109
23.184814453125 44.571601867676 5.361999511719 116 116 116
23.213294982910 44.556556701660 5.320007324219 166 166 166
23.213294982910 44.556556701660 5.283004760742 163 163 163
23.169643402100 44.575332641602 5.253005981445 105 105 105
23.184814453125 44.571601867676 5.212997436523 103 103 103
23.182949066162 44.564018249512 5.178009033203 113 113 113
23.182949066162 44.564018249512 5.141006469727 117 117 117
23.152603149414 44.571479797363 5.105010986328 110 110 110
23.152603149414 44.571479797363 5.068008422852 114 114 114
23.150737762451 44.563892364502 5.031997680664 117 117 117
23.150737762451 44.563892364502 4.995010375977 132 132 132
23.154468536377 44.579063415527 4.960006713867 147 147 147
23.150737762451 44.563892364502 4.921997070313 148 148 148
23.150737762451 44.563892364502 4.885009765625 155 155 155
23.137432098389 44.575210571289 4.850006103516 154 154 154
23.120391845703 44.571353912354 4.814010620117 166 166 166
23.150737762451 44.563892364502 4.775009155273 164 164 164
23.137432098389 44.575210571289 4.740005493164 169 169 169
23.137432098389 44.575210571289 4.703002929688 163 163 163
23.120391845703 44.571353912354 4.667007446289 168 168 168
23.148872375488 44.556304931641 4.628997802734 154 154 154
23.120391845703 44.571353912354 4.594009399414 159 159 159
23.120391845703 44.571353912354 4.557006835938 160 160 160
23.120391845703 44.571353912354 4.520996093750 162 162 162
23.120391845703 44.571353912354 4.484008789063 156 156 156
23.120391845703 44.571353912354 4.447998046875 168 168 168
23.120391845703 44.571353912354 4.411010742188 171 171 171
23.120391845703 44.571353912354 4.375000000000 169 169 169
23.120391845703 44.571353912354 4.339004516602 168 168 168
23.120391845703 44.571353912354 4.302001953125 163 163 163
23.120391845703 44.571353912354 4.266006469727 167 167 167
23.120391845703 44.571353912354 4.229003906250 159 159 159
23.120391845703 44.571353912354 4.193008422852 160 160 160
23.118526458740 44.563766479492 4.156005859375 165 165 165
23.118526458740 44.563766479492 4.120010375977 165 165 165
23.118526458740 44.563766479492 4.083007812500 164 164 164
23.103355407715 44.567497253418 4.046005249023 170 170 170
23.118526458740 44.563766479492 4.010009765625 157 157 157
23.118526458740 44.563766479492 3.973999023438 163 163 163
23.118526458740 44.563766479492 3.936996459961 171 171 171
23.118526458740 44.563766479492 3.901000976563 173 173 173
23.116661071777 44.556179046631 3.863998413086 177 177 177
23.116661071777 44.556179046631 3.827011108398 175 175 175
23.116661071777 44.556179046631 3.790008544922 179 179 179
23.116661071777 44.556179046631 3.753997802734 173 173 173
23.116661071777 44.556179046631 3.717010498047 174 174 174
23.116661071777 44.556179046631 3.680007934570 174 174 174
23.118526458740 44.563766479492 3.643997192383 174 174 174
23.114795684814 44.548595428467 3.606002807617 180 180 180
23.116661071777 44.556179046631 3.570007324219 173 173 173
23.114795684814 44.548595428467 3.531997680664 175 175 175
23.114795684814 44.548595428467 3.496002197266 173 173 173
23.114795684814 44.548595428467 3.458999633789 176 176 176
23.114795684814 44.548595428467 3.421005249023 175 175 175
23.114795684814 44.548595428467 3.384002685547 177 177 177
23.114795684814 44.548595428467 3.347000122070 174 174 174
23.114795684814 44.548595428467 3.309997558594 171 171 171
23.114795684814 44.548595428467 3.272003173828 167 167 167
23.114795684814 44.548595428467 3.236007690430 163 163 163
23.086315155029 44.563640594482 3.195999145508 166 166 166
23.099624633789 44.552326202393 3.158996582031 161 161 161
23.099624633789 44.552326202393 3.121002197266 163 163 163
23.114795684814 44.548595428467 3.085006713867 150 150 150
23.099624633789 44.552326202393 3.046997070313 152 152 152
23.099624633789 44.552326202393 3.008010864258 140 140 140
23.082584381104 44.548469543457 2.970001220703 138 138 138
23.099624633789 44.552326202393 2.932998657227 141 141 141
23.082584381104 44.548469543457 2.893005371094 148 148 148
23.099624633789 44.552326202393 2.856002807617 147 147 147
23.054103851318 44.563518524170 2.811004638672 205 205 205
23.037067413330 44.559661865234 2.766006469727 219 219 219
23.099624633789 44.552326202393 2.740997314453 132 132 132
23.082584381104 44.548469543457 2.702011108398 134 134 134
23.082584381104 44.548469543457 2.664001464844 134 134 134
23.082584381104 44.548469543457 2.624008178711 136 136 136
23.082584381104 44.548469543457 2.585006713867 130 130 130
23.082584381104 44.548469543457 2.542999267578 126 126 126
23.082584381104 44.548469543457 2.503997802734 123 123 123
23.109333038330 44.002864837646 5.730010986328 175 175 175
23.109333038330 44.002864837646 5.692001342773 215 215 215
23.109333038330 44.002864837646 5.654006958008 220 220 220
23.107467651367 43.995277404785 5.617004394531 190 190 190
23.107467651367 43.995277404785 5.171005249023 118 118 118
23.105602264404 43.987689971924 5.133010864258 204 204 204
23.105602264404 43.987689971924 5.096008300781 205 205 205
23.105602264404 43.987689971924 5.059997558594 173 173 173
23.094146728516 44.988113403320 5.738006591797 94 94 94
23.094146728516 44.988113403320 5.693008422852 140 140 140
23.094146728516 44.988113403320 5.649002075195 142 142 142
23.105587005615 44.969207763672 5.602996826172 142 142 142
23.094146728516 44.988113403320 5.559997558594 144 144 144
23.080837249756 44.999427795410 5.518997192383 192 192 192
23.094146728516 44.988113403320 5.253997802734 109 109 109
23.063800811768 44.995574951172 5.212005615234 156 156 156
23.063800811768 44.995574951172 5.167999267578 152 152 152
23.094146728516 44.988113403320 5.123001098633 158 158 158
23.094146728516 44.988113403320 5.080001831055 152 152 152
23.063800811768 44.995574951172 5.037002563477 135 135 135
23.182949066162 44.564018249512 5.723999023438 131 131 131
23.152603149414 44.571479797363 5.682998657227 129 129 129
23.181083679199 44.556430816650 5.638000488281 130 130 130
23.152603149414 44.571479797363 5.597000122070 128 128 128
23.181083679199 44.556430816650 5.553009033203 136 136 136
23.181083679199 44.556430816650 5.510009765625 131 131 131
23.181083679199 44.556430816650 5.467010498047 129 129 129
23.181083679199 44.556430816650 5.423995971680 132 132 132
23.150737762451 44.563892364502 5.383010864258 132 132 132
23.150737762451 44.563892364502 5.341003417969 130 130 130
23.150737762451 44.563892364502 5.298995971680 129 129 129
23.150737762451 44.563892364502 5.255996704102 132 132 132
23.150737762451 44.563892364502 5.212997436523 126 126 126
23.150737762451 44.563892364502 5.169998168945 126 126 126
23.150737762451 44.563892364502 5.128005981445 123 123 123
23.150737762451 44.563892364502 5.085998535156 132 132 132
23.150737762451 44.563892364502 5.044006347656 121 121 121
23.150737762451 44.563892364502 5.001998901367 135 135 135
23.150737762451 44.563892364502 4.960006713867 141 141 141
23.150737762451 44.563892364502 4.917007446289 147 147 147
23.150737762451 44.563892364502 4.875000000000 149 149 149
23.154468536377 44.579063415527 4.833007812500 153 153 153
23.154468536377 44.579063415527 4.791000366211 157 157 157
23.154468536377 44.579063415527 4.749008178711 158 158 158
23.154468536377 44.579063415527 4.707000732422 160 160 160
23.137432098389 44.575210571289 4.665008544922 155 155 155
23.137432098389 44.575210571289 4.623001098633 150 150 150
23.137432098389 44.575210571289 4.580001831055 153 153 153
23.137432098389 44.575210571289 4.538009643555 156 156 156
23.137432098389 44.575210571289 4.496002197266 153 153 153
23.148872375488 44.556304931641 4.454010009766 159 159 159
23.137432098389 44.575210571289 4.412002563477 160 160 160
23.137432098389 44.575210571289 4.370010375977 157 157 157
23.137432098389 44.575210571289 4.328002929688 159 159 159
23.137432098389 44.575210571289 4.286010742188 159 159 159
23.122257232666 44.578941345215 4.242996215820 157 157 157
23.137432098389 44.575210571289 4.201004028320 159 159 159
23.120391845703 44.571353912354 4.158996582031 157 157 157
23.120391845703 44.571353912354 4.117004394531 156 156 156
23.122257232666 44.578941345215 4.074005126953 165 165 165
23.120391845703 44.571353912354 4.031997680664 161 161 161
23.122257232666 44.578941345215 3.988998413086 163 163 163
23.122257232666 44.578941345215 3.947006225586 166 166 166
23.122257232666 44.578941345215 3.904006958008 169 169 169
23.120391845703 44.571353912354 3.861999511719 167 167 167
23.122257232666 44.578941345215 3.819000244141 165 165 165
23.122257232666 44.578941345215 3.777008056641 160 160 160
23.122257232666 44.578941345215 3.734008789063 165 165 165
23.122257232666 44.578941345215 3.692001342773 164 164 164
23.122257232666 44.578941345215 3.649002075195 164 164 164
23.122257232666 44.578941345215 3.605010986328 158 158 158
23.122257232666 44.578941345215 3.563003540039 151 151 151
23.108951568604 44.590255737305 3.518997192383 159 159 159
23.122257232666 44.578941345215 3.475997924805 159 159 159
23.122257232666 44.578941345215 3.432998657227 157 157 157
23.091911315918 44.586402893066 3.389007568359 155 155 155
23.122257232666 44.578941345215 3.347000122070 157 157 157
23.120391845703 44.571353912354 3.303009033203 149 149 149
23.091911315918 44.586402893066 3.258010864258 147 147 147
23.091911315918 44.586402893066 3.214996337891 152 152 152
23.120391845703 44.571353912354 3.173004150391 147 147 147
23.120391845703 44.571353912354 3.130004882813 145 145 145
23.120391845703 44.571353912354 3.085998535156 146 146 146
23.120391845703 44.571353912354 3.041000366211 141 141 141
23.090045928955 44.578815460205 2.996002197266 137 137 137
23.090045928955 44.578815460205 2.952011108398 138 138 138
23.120391845703 44.571353912354 2.911010742188 144 144 144
23.120391845703 44.571353912354 2.867004394531 148 148 148
23.103355407715 44.567497253418 2.820999145508 150 150 150
23.090045928955 44.578815460205 2.775009155273 148 148 148
23.090045928955 44.578815460205 2.730010986328 143 143 143
23.090045928955 44.578815460205 2.684997558594 149 149 149
23.090045928955 44.578815460205 2.639999389648 140 140 140
23.088180541992 44.571228027344 2.594009399414 149 149 149
23.103355407715 44.567497253418 2.552001953125 139 139 139
23.088180541992 44.571228027344 2.503005981445 131 131 131
23.112064361572 44.275730133057 5.665008544922 144 144 144
23.098754882813 44.287044525146 5.625000000000 158 158 158
23.098754882813 44.287044525146 5.580001831055 157 157 157
23.098754882813 44.287044525146 5.538009643555 163 163 163
23.085449218750 44.298362731934 5.496002197266 156 156 156
23.098754882813 44.287044525146 5.452011108398 140 140 140
23.081718444824 44.283191680908 5.324996948242 104 104 104
23.108333587646 44.260555267334 5.277999877930 152 152 152
23.112064361572 44.275730133057 5.236999511719 156 156 156
23.110198974609 44.268142700195 5.195007324219 155 155 155
23.110198974609 44.268142700195 5.152999877930 156 156 156
23.081718444824 44.283191680908 5.111007690430 145 145 145
23.003738403320 44.358680725098 4.779998779297 106 106 106
23.005603790283 44.366268157959 4.738006591797 137 137 137
23.005603790283 44.366268157959 4.695007324219 135 135 135
23.003738403320 44.358680725098 4.652008056641 131 131 131
23.030353546143 44.336044311523 4.608001708984 137 137 137
23.000007629395 44.343505859375 4.566009521484 137 137 137
23.003738403320 44.358680725098 4.523010253906 133 133 133
23.001873016357 44.351093292236 4.481002807617 143 143 143
23.003738403320 44.358680725098 4.438003540039 149 149 149
23.028488159180 44.328460693359 4.395004272461 124 124 124
23.000007629395 44.343505859375 4.352996826172 130 130 130
23.000007629395 44.343505859375 4.309997558594 105 105 105
22.988563537598 44.362411499023 4.266998291016 51 51 51
23.094406127930 43.942173004150 5.634002685547 39 39 39
23.079235076904 43.945903778076 5.126998901367 13 13 13
23.112564086914 44.146881103516 5.048995971680 209 209 209
23.112564086914 44.146881103516 5.091003417969 224 224 224
23.112564086914 44.146881103516 5.132003784180 216 216 216
23.114429473877 44.154468536377 5.173995971680 222 222 222
23.112564086914 44.146881103516 5.216003417969 218 218 218
23.112564086914 44.146881103516 5.258010864258 206 206 206
23.099254608154 44.158199310303 5.511001586914 167 167 167
23.099254608154 44.158199310303 5.553009033203 203 203 203
23.116294860840 44.162055969238 5.594009399414 213 213 213
23.099254608154 44.158199310303 5.638000488281 204 204 204
23.099254608154 44.158199310303 5.680007934570 208 208 208
23.116294860840 44.162055969238 5.722000122070 198 198 198
23.116294860840 44.162055969238 5.764007568359 43 43 43
23.050872802734 44.419498443604 4.031005859375 61 61 61
23.052738189697 44.427085876465 4.072998046875 46 46 46
23.052738189697 44.427085876465 4.115005493164 51 51 51
23.018661499023 44.419372558594 4.156005859375 82 82 82
22.986450195313 44.419246673584 4.197998046875 151 151 151
22.999755859375 44.407932281494 4.240005493164 155 155 155
22.986450195313 44.419246673584 4.283004760742 176 176 176
22.999755859375 44.407932281494 4.324996948242 173 173 173
23.018661499023 44.419372558594 4.367004394531 196 196 196
23.037567138672 44.430816650391 4.410003662109 176 176 176
22.986450195313 44.419246673584 4.452011108398 178 178 178
22.999755859375 44.407932281494 4.494003295898 160 160 160
23.037567138672 44.430816650391 4.536010742188 157 157 157
23.092411041260 44.457553863525 4.576004028320 163 163 163
23.037567138672 44.430816650391 4.620010375977 161 161 161
22.986450195313 44.419246673584 4.664001464844 186 186 186
22.986450195313 44.419246673584 4.707000732422 180 180 180
22.986450195313 44.419246673584 4.749008178711 181 181 181
22.986450195313 44.419246673584 4.792007446289 85 85 85
23.109451293945 44.461410522461 5.205001831055 170 170 170
23.111316680908 44.468997955322 5.246002197266 216 216 216
23.111316680908 44.468997955322 5.288009643555 216 216 216
23.111316680908 44.468997955322 5.331008911133 214 214 214
23.109451293945 44.461410522461 5.374008178711 218 218 218
23.111316680908 44.468997955322 5.416000366211 213 213 213
23.109451293945 44.461410522461 5.460006713867 208 208 208
23.109451293945 44.461410522461 5.501998901367 213 213 213
23.109451293945 44.461410522461 5.544006347656 203 203 203
23.090545654297 44.449970245361 5.591003417969 32 32 32
22.960700988770 44.707160949707 4.128005981445 32 32 32
22.943664550781 44.703304290771 4.169998168945 164 164 164
22.928489685059 44.707035064697 4.212997436523 171 171 171
22.943664550781 44.703304290771 4.257003784180 164 164 164
22.928489685059 44.707035064697 4.300003051758 171 171 171
22.943664550781 44.703304290771 4.343002319336 173 173 173
22.943664550781 44.703304290771 4.386001586914 183 183 183
22.960700988770 44.707160949707 4.429000854492 193 193 193
22.928489685059 44.707035064697 4.472000122070 176 176 176
22.962570190430 44.714748382568 4.514999389648 142 142 142
22.996643066406 44.722457885742 4.557006835938 138 138 138
22.979606628418 44.718601226807 4.600997924805 165 165 165
22.962570190430 44.714748382568 4.643997192383 179 179 179
22.928489685059 44.707035064697 4.688003540039 184 184 184
22.928489685059 44.707035064697 4.732009887695 179 179 179
22.943664550781 44.703304290771 4.775009155273 170 170 170
23.100738525391 44.753181457520 5.149002075195 141 141 141
23.100738525391 44.753181457520 5.191009521484 215 215 215
23.100738525391 44.753181457520 5.233001708984 219 219 219
23.100738525391 44.753181457520 5.276000976563 216 216 216
23.098876953125 44.745594024658 5.320007324219 218 218 218
23.100738525391 44.753181457520 5.363006591797 210 210 210
23.102607727051 44.760765075684 5.402999877930 216 216 216
23.100738525391 44.753181457520 5.447006225586 227 227 227
23.102607727051 44.760765075684 5.488998413086 214 214 214
23.100738525391 44.753181457520 5.533996582031 223 223 223
23.102607727051 44.760765075684 5.576004028320 216 216 216
23.102607727051 44.760765075684 5.617996215820 152 152 152
23.090164184570 45.037361145020 5.005004882813 207 207 207
23.090164184570 45.037361145020 5.048004150391 222 222 222
23.074993133545 45.041091918945 5.091003417969 219 219 219
23.090164184570 45.037361145020 5.134002685547 220 220 220
23.090164184570 45.037361145020 5.177001953125 215 215 215
23.090164184570 45.037361145020 5.220001220703 187 187 187
23.074993133545 45.041091918945 5.526000976563 45 45 45
23.109069824219 45.048805236816 5.566009521484 216 216 216
23.109069824219 45.048805236816 5.610000610352 224 224 224
23.107204437256 45.041217803955 5.654998779297 215 215 215
23.107204437256 45.041217803955 5.699005126953 228 228 228
23.109069824219 45.048805236816 5.742004394531 218 218 218
23.107204437256 45.041217803955 5.787002563477 149 149 149
23.082584381104 44.548469543457 2.471008300781 161 161 161
23.080718994141 44.540882110596 2.510009765625 160 160 160
23.082584381104 44.548469543457 2.551010131836 159 159 159
23.082584381104 44.548469543457 2.589004516602 165 165 165
23.082584381104 44.548469543457 2.628005981445 172 172 172
23.082584381104 44.548469543457 2.667007446289 172 172 172
23.099624633789 44.552326202393 2.707000732422 167 167 167
23.082584381104 44.548469543457 2.742996215820 169 169 169
23.099624633789 44.552326202393 2.783004760742 171 171 171
23.099624633789 44.552326202393 2.820999145508 176 176 176
23.082584381104 44.548469543457 2.858001708984 176 176 176
23.099624633789 44.552326202393 2.899002075195 172 172 172
23.099624633789 44.552326202393 2.936004638672 172 172 172
23.099624633789 44.552326202393 2.975006103516 171 171 171
23.099624633789 44.552326202393 3.013000488281 169 169 169
23.099624633789 44.552326202393 3.051010131836 173 173 173
23.099624633789 44.552326202393 3.087997436523 172 172 172
23.099624633789 44.552326202393 3.124008178711 172 172 172
23.114795684814 44.548595428467 3.163009643555 174 174 174
23.099624633789 44.552326202393 3.199996948242 170 170 170
23.114795684814 44.548595428467 3.238006591797 165 165 165
23.114795684814 44.548595428467 3.276000976563 166 166 166
23.099624633789 44.552326202393 3.311996459961 163 163 163
23.114795684814 44.548595428467 3.350006103516 164 164 164
23.111064910889 44.533420562744 3.388000488281 167 167 167
23.112930297852 44.541007995605 3.425003051758 163 163 163
23.114795684814 44.548595428467 3.460998535156 163 163 163
23.114795684814 44.548595428467 3.498001098633 159 159 159
23.112930297852 44.541007995605 3.536010742188 160 160 160
23.112930297852 44.541007995605 3.572998046875 162 162 162
23.114795684814 44.548595428467 3.609008789063 166 166 166
23.116661071777 44.556179046631 3.645996093750 165 165 165
23.112930297852 44.541007995605 3.682998657227 169 169 169
23.112930297852 44.541007995605 3.719009399414 168 168 168
23.114795684814 44.548595428467 3.755004882813 171 171 171
23.116661071777 44.556179046631 3.792007446289 169 169 169
23.114795684814 44.548595428467 3.829010009766 165 165 165
23.116661071777 44.556179046631 3.865005493164 167 167 167
23.114795684814 44.548595428467 3.902008056641 169 169 169
23.116661071777 44.556179046631 3.938003540039 163 163 163
23.116661071777 44.556179046631 3.975006103516 162 162 162
23.114795684814 44.548595428467 4.012008666992 153 153 153
23.114795684814 44.548595428467 4.048004150391 161 161 161
23.131835937500 44.552448272705 4.085006713867 166 166 166
23.114795684814 44.548595428467 4.121002197266 157 157 157
23.114795684814 44.548595428467 4.156997680664 168 168 168
23.131835937500 44.552448272705 4.194000244141 157 157 157
23.114795684814 44.548595428467 4.230010986328 169 169 169
23.131835937500 44.552448272705 4.266998291016 170 170 170
23.118526458740 44.563766479492 4.303009033203 168 168 168
23.131835937500 44.552448272705 4.339004516602 175 175 175
23.131835937500 44.552448272705 4.375000000000 173 173 173
23.131835937500 44.552448272705 4.412002563477 172 172 172
23.131835937500 44.552448272705 4.447998046875 169 169 169
23.131835937500 44.552448272705 4.485000610352 166 166 166
23.131835937500 44.552448272705 4.520996093750 170 170 170
23.131835937500 44.552448272705 4.557006835938 166 166 166
23.131835937500 44.552448272705 4.594009399414 164 164 164
23.131835937500 44.552448272705 4.630004882813 165 165 165
23.148872375488 44.556304931641 4.666000366211 169 169 169
23.131835937500 44.552448272705 4.703002929688 169 169 169
23.148872375488 44.556304931641 4.738998413086 170 170 170
23.148872375488 44.556304931641 4.776000976563 165 165 165
23.148872375488 44.556304931641 4.811996459961 162 162 162
23.148872375488 44.556304931641 4.848999023438 157 157 157
23.164047241211 44.552574157715 4.885009765625 153 153 153
23.164047241211 44.552574157715 4.921005249023 140 140 140
23.164047241211 44.552574157715 4.958007812500 145 145 145
23.164047241211 44.552574157715 4.995010375977 129 129 129
23.164047241211 44.552574157715 5.031997680664 121 121 121
23.179218292236 44.548843383789 5.066009521484 118 118 118
23.164047241211 44.552574157715 5.105010986328 117 117 117
23.164047241211 44.552574157715 5.143005371094 121 121 121
23.179218292236 44.548843383789 5.178009033203 119 119 119
23.181083679199 44.556430816650 5.214004516602 115 115 115
23.181083679199 44.556430816650 5.251998901367 115 115 115
23.209564208984 44.541381835938 5.281005859375 176 176 176
23.209564208984 44.541381835938 5.319000244141 151 151 151
23.179218292236 44.548843383789 5.361007690430 117 117 117
23.179218292236 44.548843383789 5.398010253906 114 114 114
23.209564208984 44.541381835938 5.430007934570 158 158 158
23.211429595947 44.548969268799 5.466003417969 178 178 178
23.196258544922 44.552700042725 5.509002685547 120 120 120
23.196258544922 44.552700042725 5.546005249023 127 127 127
23.196258544922 44.552700042725 5.583999633789 123 123 123
23.196258544922 44.552700042725 5.623001098633 124 124 124
23.196258544922 44.552700042725 5.658996582031 127 127 127
23.179218292236 44.548843383789 5.699996948242 123 123 123
23.196258544922 44.552700042725 5.734008789063 56 56 56
23.103973388672 44.897197723389 5.063003540039 193 193 193
23.090663909912 44.908515930176 5.100997924805 211 211 211
23.103973388672 44.897197723389 5.139007568359 212 212 212
23.073627471924 44.904659271240 5.178009033203 211 211 211
23.090663909912 44.908515930176 5.214996337891 219 219 219
23.103973388672 44.897197723389 5.253005981445 208 208 208
23.105838775635 44.904785156250 5.289001464844 159 159 159
23.105838775635 44.904785156250 5.442001342773 152 152 152
23.105838775635 44.904785156250 5.481002807617 199 199 199
23.105838775635 44.904785156250 5.518997192383 200 200 200
23.105838775635 44.904785156250 5.557998657227 193 193 193
23.105838775635 44.904785156250 5.596008300781 198 198 198
23.105838775635 44.904785156250 5.635009765625 193 193 193
23.105838775635 44.904785156250 5.675003051758 174 174 174
23.077121734619 44.002738952637 5.803009033203 59 59 59
23.077121734619 44.002738952637 5.758010864258 131 131 131
23.105602264404 43.987689971924 5.714004516602 176 176 176
23.077121734619 44.002738952637 5.673004150391 175 175 175
23.105602264404 43.987689971924 5.628005981445 171 171 171
23.080852508545 44.017910003662 5.589996337891 71 71 71
23.092292785645 43.999008178711 5.164001464844 155 155 155
23.105602264404 43.987689971924 5.121002197266 206 206 206
23.105602264404 43.987689971924 5.079010009766 168 168 168
23.092292785645 43.999008178711 5.039001464844 161 161 161
23.092292785645 43.999008178711 4.996002197266 119 119 119
22.808853149414 44.285923004150 4.675003051758 34 34 34
22.850643157959 44.259555816650 4.630004882813 69 69 69
22.846912384033 44.244380950928 4.585998535156 60 60 60
23.105968475342 44.381816864014 5.617996215820 68 68 68
23.077487945557 44.396862030029 5.578002929688 172 172 172
23.077487945557 44.396862030029 5.536010742188 171 171 171
23.105968475342 44.381816864014 5.490005493164 174 174 174
23.077487945557 44.396862030029 5.447006225586 173 173 173
23.077487945557 44.396862030029 5.404998779297 160 160 160
23.105968475342 44.381816864014 5.361007690430 165 165 165
23.092658996582 44.393131256104 5.319000244141 163 163 163
23.105968475342 44.381816864014 5.276000976563 159 159 159
23.092658996582 44.393131256104 5.233001708984 161 161 161
23.092658996582 44.393131256104 5.191009521484 150 150 150
22.953739166260 44.547969818115 4.777008056641 140 140 140
22.967048645020 44.536651611328 4.732009887695 172 172 172
22.967048645020 44.536651611328 4.689010620117 143 143 143
22.953739166260 44.547969818115 4.645996093750 153 153 153
22.950008392334 44.532794952393 4.602996826172 143 143 143
22.976623535156 44.510162353516 4.559005737305 144 144 144
23.005104064941 44.495113372803 4.514999389648 148 148 148
23.029853820801 44.464893341064 4.472000122070 147 147 147
22.978488922119 44.517745971680 4.430007934570 124 124 124
22.953739166260 44.547969818115 4.386001586914 132 132 132
22.980354309082 44.525333404541 4.343002319336 101 101 101
23.006969451904 44.502700805664 4.301010131836 108 108 108
22.978488922119 44.517745971680 4.257003784180 93 93 93
22.967048645020 44.536651611328 4.212997436523 100 100 100
22.967048645020 44.536651611328 4.169998168945 133 133 133
22.980354309082 44.525333404541 4.126998901367 177 177 177
22.967048645020 44.536651611328 4.083007812500 16 16 16
23.075988769531 44.783401489258 5.650009155273 22 22 22
23.093029022217 44.787258148193 5.605010986328 156 156 156
23.093029022217 44.787258148193 5.561004638672 160 160 160
23.093029022217 44.787258148193 5.518005371094 154 154 154
23.093029022217 44.787258148193 5.473999023438 154 154 154
23.104469299316 44.768352508545 5.429000854492 159 159 159
23.093029022217 44.787258148193 5.343002319336 161 161 161
23.077857971191 44.790988922119 5.303009033203 166 166 166
23.077857971191 44.790988922119 5.258010864258 164 164 164
23.079719543457 44.798572540283 5.214996337891 169 169 169
23.093029022217 44.787258148193 5.171005249023 170 170 170
23.064548492432 44.802303314209 5.130004882813 133 133 133
23.112800598145 45.063976287842 4.962997436523 185 185 185
23.110935211182 45.056392669678 5.001007080078 209 209 209
23.112800598145 45.063976287842 5.039001464844 216 216 216
23.110935211182 45.056392669678 5.076004028320 209 209 209
23.110935211182 45.056392669678 5.115005493164 219 219 219
23.110935211182 45.056392669678 5.152008056641 211 211 211
23.112800598145 45.063976287842 5.192001342773 185 185 185
23.110935211182 45.056392669678 5.496002197266 185 185 185
23.112800598145 45.063976287842 5.535003662109 198 198 198
23.112800598145 45.063976287842 5.572006225586 197 197 197
23.110935211182 45.056392669678 5.613006591797 196 196 196
23.110935211182 45.056392669678 5.652999877930 200 200 200
23.110935211182 45.056392669678 5.692001342773 193 193 193
23.110935211182 45.056392669678 5.733001708984 36 36 36
22.963932037354 44.851181030273 4.275009155273 50 50 50
22.933586120605 44.858642578125 4.313003540039 145 145 145
22.933586120605 44.858642578125 4.350997924805 175 175 175
22.933586120605 44.858642578125 4.389007568359 173 173 173
22.933586120605 44.858642578125 4.426010131836 174 174 174
22.931720733643 44.851055145264 4.464996337891 174 174 174
22.933586120605 44.858642578125 4.503005981445 173 173 173
22.933586120605 44.858642578125 4.540008544922 159 159 159
22.963932037354 44.851181030273 4.577011108398 172 172 172
22.931720733643 44.851055145264 4.617004394531 175 175 175
22.931720733643 44.851055145264 4.654998779297 176 176 176
22.931720733643 44.851055145264 4.693008422852 179 179 179
22.933586120605 44.858642578125 4.732009887695 158 158 158
23.113800048828 44.806285858154 5.089996337891 52 52 52
23.113800048828 44.806285858154 5.125000000000 206 206 206
23.113800048828 44.806285858154 5.164001464844 214 214 214
23.113800048828 44.806285858154 5.199996948242 216 216 216
23.113800048828 44.806285858154 5.238998413086 211 211 211
23.113800048828 44.806285858154 5.276000976563 214 214 214
23.113800048828 44.806285858154 5.314010620117 205 205 205
23.113800048828 44.806285858154 5.352005004883 190 190 190
23.130836486816 44.810142517090 5.389007568359 202 202 202
23.130836486816 44.810142517090 5.426010131836 200 200 200
23.130836486816 44.810142517090 5.466003417969 197 197 197
23.113800048828 44.806285858154 5.503997802734 202 202 202
23.130836486816 44.810142517090 5.542007446289 197 197 197
23.130836486816 44.810142517090 5.580001831055 142 142 142
23.088180541992 44.571228027344 2.496002197266 187 187 187
23.088180541992 44.571228027344 2.536010742188 196 196 196
23.103355407715 44.567497253418 2.583007812500 146 146 146
23.088180541992 44.571228027344 2.613998413086 190 190 190
23.088180541992 44.571228027344 2.654998779297 191 191 191
23.057834625244 44.578689575195 2.686004638672 224 224 224
23.059700012207 44.586277008057 2.727996826172 204 204 204
23.088180541992 44.571228027344 2.770004272461 196 196 196
23.088180541992 44.571228027344 2.807006835938 193 193 193
23.103355407715 44.567497253418 2.850997924805 153 153 153
23.120391845703 44.571353912354 2.893005371094 149 149 149
23.118526458740 44.563766479492 2.929000854492 151 151 151
23.118526458740 44.563766479492 2.967010498047 145 145 145
23.118526458740 44.563766479492 3.003997802734 148 148 148
23.118526458740 44.563766479492 3.042007446289 159 159 159
23.118526458740 44.563766479492 3.080001831055 156 156 156
23.118526458740 44.563766479492 3.117996215820 158 158 158
23.118526458740 44.563766479492 3.154998779297 159 159 159
23.118526458740 44.563766479492 3.192001342773 151 151 151
23.118526458740 44.563766479492 3.230010986328 151 151 151
23.118526458740 44.563766479492 3.266006469727 152 152 152
23.118526458740 44.563766479492 3.304000854492 147 147 147
23.118526458740 44.563766479492 3.341003417969 154 154 154
23.118526458740 44.563766479492 3.378005981445 151 151 151
23.120391845703 44.571353912354 3.416000366211 153 153 153
23.118526458740 44.563766479492 3.452011108398 147 147 147
23.118526458740 44.563766479492 3.488998413086 153 153 153
23.118526458740 44.563766479492 3.526000976563 155 155 155
23.120391845703 44.571353912354 3.564010620117 150 150 150
23.120391845703 44.571353912354 3.600006103516 151 151 151
23.120391845703 44.571353912354 3.637008666992 153 153 153
23.120391845703 44.571353912354 3.673004150391 151 151 151
23.118526458740 44.563766479492 3.708999633789 154 154 154
23.120391845703 44.571353912354 3.746002197266 158 158 158
23.120391845703 44.571353912354 3.783004760742 160 160 160
23.120391845703 44.571353912354 3.820007324219 160 160 160
23.131835937500 44.552448272705 3.856002807617 157 157 157
23.120391845703 44.571353912354 3.893005371094 146 146 146
23.120391845703 44.571353912354 3.929000854492 151 151 151
23.120391845703 44.571353912354 3.964996337891 145 145 145
23.131835937500 44.552448272705 4.001998901367 154 154 154
23.131835937500 44.552448272705 4.038009643555 154 154 154
23.116661071777 44.556179046631 4.074005126953 176 176 176
23.116661071777 44.556179046631 4.111007690430 169 169 169
23.118526458740 44.563766479492 4.147003173828 173 173 173
23.118526458740 44.563766479492 4.184005737305 144 144 144
23.118526458740 44.563766479492 4.220001220703 174 174 174
23.118526458740 44.563766479492 4.257003784180 172 172 172
23.118526458740 44.563766479492 4.292999267578 167 167 167
23.118526458740 44.563766479492 4.330001831055 172 172 172
23.148872375488 44.556304931641 4.365005493164 174 174 174
23.120391845703 44.571353912354 4.402008056641 174 174 174
23.118526458740 44.563766479492 4.439010620117 178 178 178
23.116661071777 44.556179046631 4.475997924805 173 173 173
23.118526458740 44.563766479492 4.512008666992 174 174 174
23.131835937500 44.552448272705 4.546997070313 175 175 175
23.103355407715 44.567497253418 4.585998535156 185 185 185
23.116661071777 44.556179046631 4.622009277344 183 183 183
23.116661071777 44.556179046631 4.658996582031 183 183 183
23.118526458740 44.563766479492 4.695007324219 180 180 180
23.118526458740 44.563766479492 4.732009887695 179 179 179
23.131835937500 44.552448272705 4.766006469727 161 161 161
23.131835937500 44.552448272705 4.803009033203 163 163 163
23.131835937500 44.552448272705 4.839996337891 159 159 159
23.131835937500 44.552448272705 4.876007080078 157 157 157
23.131835937500 44.552448272705 4.913009643555 144 144 144
23.131835937500 44.552448272705 4.949996948242 147 147 147
23.147006988525 44.548717498779 4.985000610352 139 139 139
23.147006988525 44.548717498779 5.023010253906 137 137 137
23.131835937500 44.552448272705 5.061996459961 132 132 132
23.131835937500 44.552448272705 5.098999023438 130 130 130
23.131835937500 44.552448272705 5.135009765625 131 131 131
23.145141601563 44.541133880615 5.171005249023 137 137 137
23.131835937500 44.552448272705 5.210006713867 187 187 187
23.131835937500 44.552448272705 5.248001098633 188 188 188
23.131835937500 44.552448272705 5.285003662109 187 187 187
23.131835937500 44.552448272705 5.320999145508 187 187 187
23.145141601563 44.541133880615 5.359008789063 184 184 184
23.131835937500 44.552448272705 5.398010253906 182 182 182
23.131835937500 44.552448272705 5.436004638672 195 195 195
23.131835937500 44.552448272705 5.473007202148 188 188 188
23.131835937500 44.552448272705 5.512008666992 147 147 147
23.131835937500 44.552448272705 5.548004150391 132 132 132
23.131835937500 44.552448272705 5.587005615234 132 132 132
23.164047241211 44.552574157715 5.620010375977 121 121 121
23.147006988525 44.548717498779 5.662002563477 113 113 113
23.147006988525 44.548717498779 5.699996948242 91 91 91
23.120525360107 44.048381805420 4.941009521484 156 156 156
23.122390747070 44.055969238281 4.977005004883 202 202 202
23.120525360107 44.048381805420 5.012008666992 206 206 206
23.120525360107 44.048381805420 5.048995971680 212 212 212
23.120525360107 44.048381805420 5.085998535156 219 219 219
23.120525360107 44.048381805420 5.122009277344 213 213 213
23.090179443359 44.055843353271 5.165008544922 74 74 74
23.122390747070 44.055969238281 5.569000244141 200 200 200
23.120525360107 44.048381805420 5.605010986328 222 222 222
23.120525360107 44.048381805420 5.643005371094 224 224 224
23.120525360107 44.048381805420 5.680007934570 219 219 219
23.120525360107 44.048381805420 5.717010498047 201 201 201
23.120525360107 44.048381805420 5.755004882813 25 25 25
23.119396209717 44.829044342041 5.628997802734 36 36 36
23.132701873779 44.817726135254 5.580001831055 152 152 152
23.119396209717 44.829044342041 5.537002563477 160 160 160
23.132701873779 44.817726135254 5.492996215820 159 159 159
23.119396209717 44.829044342041 5.449996948242 159 159 159
23.117530822754 44.821456909180 5.406997680664 162 162 162
23.117530822754 44.821456909180 5.320999145508 160 160 160
23.117530822754 44.821456909180 5.277999877930 166 166 166
23.117530822754 44.821456909180 5.234008789063 163 163 163
23.119396209717 44.829044342041 5.191009521484 169 169 169
23.117530822754 44.821456909180 5.148010253906 168 168 168
23.107952117920 44.847949981689 5.106002807617 137 137 137
23.137680053711 44.510784149170 5.720001220703 22 22 22
23.137680053711 44.510784149170 5.678009033203 41 41 41
23.112930297852 44.541007995605 5.508010864258 191 191 191
23.137680053711 44.510784149170 5.462005615234 173 173 173
23.137680053711 44.510784149170 5.419006347656 167 167 167
23.126239776611 44.529689788818 5.376007080078 168 168 168
23.137680053711 44.510784149170 5.333007812500 165 165 165
23.137680053711 44.510784149170 5.289001464844 167 167 167
23.126239776611 44.529689788818 5.248001098633 166 166 166
23.137680053711 44.510784149170 5.204010009766 136 136 136
23.137680053711 44.510784149170 5.161010742188 52 52 52
23.126239776611 44.529689788818 4.865005493164 73 73 73
23.126239776611 44.529689788818 4.822998046875 68 68 68
23.137680053711 44.510784149170 4.779998779297 69 69 69
23.050125122070 44.612766265869 4.742996215820 148 148 148
23.034950256348 44.616497039795 4.699996948242 153 153 153
23.034950256348 44.616497039795 4.656997680664 162 162 162
23.048259735107 44.605178833008 4.613998413086 156 156 156
23.124374389648 44.522102355957 4.569000244141 154 154 154
23.137680053711 44.510784149170 4.526000976563 150 150 150
23.111064910889 44.533420562744 4.484008789063 149 149 149
23.114795684814 44.548595428467 4.442001342773 151 151 151
23.137680053711 44.510784149170 4.399002075195 143 143 143
23.099624633789 44.552326202393 4.357009887695 149 149 149
23.088180541992 44.571228027344 4.314010620117 128 128 128
23.086315155029 44.563640594482 4.270996093750 128 128 128
23.086315155029 44.563640594482 4.229003906250 118 118 118
23.059700012207 44.586277008057 4.184997558594 129 129 129
23.061565399170 44.593864440918 4.141998291016 131 131 131
23.061565399170 44.593864440918 4.098999023438 122 122 122
23.124374389648 44.522102355957 4.059997558594 59 59 59
23.111064910889 44.533420562744 4.016998291016 86 86 86
23.111064910889 44.533420562744 3.973999023438 85 85 85
23.124374389648 44.522102355957 3.932998657227 73 73 73
23.111064910889 44.533420562744 3.889999389648 70 70 70
23.124374389648 44.522102355957 3.848007202148 66 66 66
23.124374389648 44.522102355957 3.805007934570 68 68 68
23.124374389648 44.522102355957 3.763000488281 68 68 68
23.126239776611 44.529689788818 3.721008300781 70 70 70
23.124374389648 44.522102355957 3.678009033203 75 75 75
23.124374389648 44.522102355957 3.634002685547 77 77 77
23.124374389648 44.522102355957 3.591003417969 75 75 75
23.124374389648 44.522102355957 3.548004150391 78 78 78
23.124374389648 44.522102355957 3.505004882813 88 88 88
23.124374389648 44.522102355957 3.462005615234 77 77 77
23.111064910889 44.533420562744 3.417999267578 87 87 87
23.124374389648 44.522102355957 3.376007080078 80 80 80
23.111064910889 44.533420562744 3.332000732422 83 83 83
23.111064910889 44.533420562744 3.288009643555 75 75 75
23.124374389648 44.522102355957 3.246002197266 76 76 76
23.111064910889 44.533420562744 3.201004028320 79 79 79
23.111064910889 44.533420562744 3.156997680664 79 79 79
23.111064910889 44.533420562744 3.113998413086 69 69 69
23.111064910889 44.533420562744 3.068008422852 68 68 68
23.111064910889 44.533420562744 3.025009155273 68 68 68
23.099624633789 44.552326202393 2.977005004883 60 60 60
23.111064910889 44.533420562744 2.936996459961 69 69 69
23.111064910889 44.533420562744 2.891998291016 61 61 61
23.111064910889 44.533420562744 2.848007202148 77 77 77
23.111064910889 44.533420562744 2.804000854492 74 74 74
23.124374389648 44.522102355957 2.762008666992 74 74 74
23.111064910889 44.533420562744 2.714004516602 65 65 65
23.131217956543 44.222747802734 5.691009521484 110 110 110
23.134948730469 44.237922668457 5.651000976563 180 180 180
23.121643066406 44.249237060547 5.610000610352 169 169 169
23.121643066406 44.249237060547 5.566009521484 180 180 180
23.121643066406 44.249237060547 5.524002075195 174 174 174
23.121643066406 44.249237060547 5.480010986328 170 170 170
23.121643066406 44.249237060547 5.439010620117 87 87 87
23.134948730469 44.237922668457 5.266998291016 143 143 143
23.134948730469 44.237922668457 5.225006103516 163 163 163
23.134948730469 44.237922668457 5.182006835938 163 163 163
23.134948730469 44.237922668457 5.139999389648 170 170 170
23.121643066406 44.249237060547 5.098007202148 166 166 166
23.134948730469 44.237922668457 5.055999755859 136 136 136
23.005603790283 44.366268157959 4.770004272461 14 14 14
23.030353546143 44.336044311523 4.725997924805 148 148 148
23.017044067383 44.347362518311 4.682998657227 145 145 145
23.032218933105 44.343631744385 4.639999389648 145 145 145
23.030353546143 44.336044311523 4.598007202148 152 152 152
23.030353546143 44.336044311523 4.555007934570 149 149 149
23.030353546143 44.336044311523 4.512008666992 144 144 144
23.017044067383 44.347362518311 4.470001220703 149 149 149
23.032218933105 44.343631744385 4.427001953125 158 158 158
23.030353546143 44.336044311523 4.384002685547 146 146 146
23.030353546143 44.336044311523 4.342010498047 128 128 128
23.017044067383 44.347362518311 4.298995971680 91 91 91
23.103736877441 43.980102539063 5.667999267578 79 79 79
23.117042541504 43.968788146973 5.624008178711 121 121 121
23.117042541504 43.968788146973 5.117004394531 101 101 101
23.117042541504 43.968788146973 5.074996948242 79 79 79
22.806987762451 44.278335571289 4.630004882813 62 62 62
22.818428039551 44.259429931641 4.585998535156 15 15 15
23.095512390137 45.124546051025 4.964004516602 203 203 203
23.095512390137 45.124546051025 5.005996704102 222 222 222
23.095512390137 45.124546051025 5.050003051758 222 222 222
23.093647003174 45.116958618164 5.093002319336 223 223 223
23.093647003174 45.116958618164 5.137008666992 218 218 218
23.095512390137 45.124546051025 5.179000854492 185 185 185
23.095512390137 45.124546051025 5.526000976563 113 113 113
23.097377777100 45.132129669189 5.568008422852 212 212 212
23.095512390137 45.124546051025 5.613006591797 225 225 225
23.095512390137 45.124546051025 5.656997680664 220 220 220
23.095512390137 45.124546051025 5.701004028320 228 228 228
23.097377777100 45.132129669189 5.744003295898 221 221 221
23.093647003174 45.116958618164 5.792999267578 65 65 65
22.929855346680 44.843467712402 4.298004150391 142 142 142
22.929855346680 44.843467712402 4.341003417969 181 181 181
22.927989959717 44.835880279541 4.384002685547 179 179 179
22.927989959717 44.835880279541 4.428009033203 182 182 182
22.929855346680 44.843467712402 4.471008300781 182 182 182
22.927989959717 44.835880279541 4.514999389648 181 181 181
22.927989959717 44.835880279541 4.557998657227 165 165 165
22.927989959717 44.835880279541 4.602005004883 181 181 181
22.927989959717 44.835880279541 4.645004272461 184 184 184
22.929855346680 44.843467712402 4.688003540039 186 186 186
22.927989959717 44.835880279541 4.732009887695 184 184 184
22.895778656006 44.835758209229 4.777008056641 15 15 15
23.103973388672 44.897197723389 5.063003540039 103 103 103
23.105838775635 44.904785156250 5.106002807617 215 215 215
23.103973388672 44.897197723389 5.148010253906 218 218 218
23.103973388672 44.897197723389 5.191009521484 216 216 216
23.103973388672 44.897197723389 5.235000610352 221 221 221
23.103973388672 44.897197723389 5.277008056641 208 208 208
23.103973388672 44.897197723389 5.320007324219 152 152 152
23.103973388672 44.897197723389 5.406005859375 161 161 161
23.103973388672 44.897197723389 5.447998046875 218 218 218
23.119144439697 44.893466949463 5.490997314453 224 224 224
23.136184692383 44.897323608398 5.533004760742 218 218 218
23.119144439697 44.893466949463 5.578002929688 225 225 225
23.103973388672 44.897197723389 5.622009277344 217 217 217
23.076492309570 44.654556274414 2.467010498047 190 190 190
23.049873352051 44.677188873291 2.509002685547 199 199 199
23.048011779785 44.669601440430 2.553009033203 213 213 213
23.046142578125 44.662017822266 2.596008300781 226 226 226
23.097259521484 44.673583984375 2.654006958008 133 133 133
23.046142578125 44.662017822266 2.684997558594 231 231 231
23.012069702148 44.654304504395 2.725006103516 247 247 247
23.097259521484 44.673583984375 2.786010742188 133 133 133
23.095394134521 44.665996551514 2.829010009766 130 130 130
23.112434387207 44.669853210449 2.876007080078 122 122 122
23.097259521484 44.673583984375 2.917999267578 130 130 130
23.095394134521 44.665996551514 2.960998535156 121 121 121
23.114295959473 44.677440643311 3.007003784180 115 115 115
23.112434387207 44.669853210449 3.051010131836 119 119 119
23.097259521484 44.673583984375 3.092010498047 120 120 120
23.112434387207 44.669853210449 3.137008666992 122 122 122
23.112434387207 44.669853210449 3.180007934570 123 123 123
23.097259521484 44.673583984375 3.222000122070 123 123 123
23.112434387207 44.669853210449 3.266006469727 125 125 125
23.097259521484 44.673583984375 3.307998657227 124 124 124
23.112434387207 44.669853210449 3.352005004883 123 123 123
23.097259521484 44.673583984375 3.393997192383 110 110 110
23.114295959473 44.677440643311 3.438003540039 122 122 122
23.114295959473 44.677440643311 3.480010986328 124 124 124
23.097259521484 44.673583984375 3.522003173828 122 122 122
23.112434387207 44.669853210449 3.565002441406 113 113 113
23.112434387207 44.669853210449 3.607009887695 115 115 115
23.112434387207 44.669853210449 3.650009155273 116 116 116
23.112434387207 44.669853210449 3.692001342773 121 121 121
23.114295959473 44.677440643311 3.735000610352 119 119 119
23.112434387207 44.669853210449 3.776000976563 120 120 120
23.112434387207 44.669853210449 3.819000244141 116 116 116
23.112434387207 44.669853210449 3.861007690430 119 119 119
23.114295959473 44.677440643311 3.904006958008 118 118 118
23.112434387207 44.669853210449 3.945007324219 117 117 117
23.114295959473 44.677440643311 3.988006591797 107 107 107
23.112434387207 44.669853210449 4.029998779297 107 107 107
23.080223083496 44.669727325439 4.070007324219 132 132 132
23.076492309570 44.654556274414 4.111999511719 151 151 151
23.044281005859 44.654430389404 4.152999877930 161 161 161
23.078353881836 44.662139892578 4.197006225586 140 140 140
23.076492309570 44.654556274414 4.238998413086 152 152 152
23.076492309570 44.654556274414 4.281005859375 169 169 169
23.046142578125 44.662017822266 4.322998046875 161 161 161
23.112434387207 44.669853210449 4.365005493164 168 168 168
23.110565185547 44.662265777588 4.406997680664 173 173 173
23.029106140137 44.658161163330 4.449996948242 180 180 180
23.029106140137 44.658161163330 4.492004394531 177 177 177
23.114295959473 44.677440643311 4.531997680664 169 169 169
23.076492309570 44.654556274414 4.576004028320 183 183 183
23.012069702148 44.654304504395 4.620010375977 184 184 184
23.029106140137 44.658161163330 4.662002563477 178 178 178
23.029106140137 44.658161163330 4.704010009766 180 180 180
23.044281005859 44.654430389404 4.747009277344 172 172 172
23.114295959473 44.677440643311 4.783996582031 100 100 100
23.114295959473 44.677440643311 4.826004028320 100 100 100
23.114295959473 44.677440643311 4.867996215820 89 89 89
23.112434387207 44.669853210449 4.911010742188 86 86 86
23.114295959473 44.677440643311 4.952011108398 92 92 92
23.114295959473 44.677440643311 4.992996215820 86 86 86
23.114295959473 44.677440643311 5.036010742188 77 77 77
23.114295959473 44.677440643311 5.078002929688 77 77 77
23.114295959473 44.677440643311 5.120010375977 90 90 90
23.114295959473 44.677440643311 5.163009643555 80 80 80
23.112434387207 44.669853210449 5.207000732422 176 176 176
23.112434387207 44.669853210449 5.249008178711 202 202 202
23.112434387207 44.669853210449 5.291000366211 210 210 210
23.114295959473 44.677440643311 5.333999633789 208 208 208
23.114295959473 44.677440643311 5.376007080078 211 211 211
23.112434387207 44.669853210449 5.419006347656 213 213 213
23.114295959473 44.677440643311 5.460006713867 214 214 214
23.114295959473 44.677440643311 5.503005981445 202 202 202
23.131336212158 44.681293487549 5.544998168945 64 64 64
23.131336212158 44.681293487549 5.587997436523 61 61 61
23.131336212158 44.681293487549 5.630004882813 55 55 55
23.114295959473 44.677440643311 5.673995971680 54 54 54
23.114295959473 44.677440643311 5.720001220703 51 51 51
22.988315582275 44.426834106445 4.178009033203 121 121 121
23.005355834961 44.430690765381 4.220001220703 179 179 179
23.020526885986 44.426959991455 4.263000488281 160 160 160
23.056468963623 44.442256927490 4.305007934570 196 196 196
23.039432525635 44.438400268555 4.347000122070 167 167 167
23.018661499023 44.419372558594 4.389007568359 182 182 182
23.020526885986 44.426959991455 4.430999755859 195 195 195
23.018661499023 44.419372558594 4.473007202148 152 152 152
23.056468963623 44.442256927490 4.514999389648 149 149 149
23.054603576660 44.434669494629 4.557006835938 145 145 145
23.054603576660 44.434669494629 4.598007202148 168 168 168
22.988315582275 44.426834106445 4.641998291016 179 179 179
22.988315582275 44.426834106445 4.684997558594 190 190 190
22.988315582275 44.426834106445 4.727005004883 190 190 190
23.020526885986 44.426959991455 4.768005371094 103 103 103
23.092411041260 44.457553863525 5.141998291016 30 30 30
23.122756958008 44.450092315674 5.180007934570 212 212 212
23.122756958008 44.450092315674 5.222000122070 219 219 219
23.122756958008 44.450092315674 5.264999389648 215 215 215
23.122756958008 44.450092315674 5.307006835938 220 220 220
23.124622344971 44.457679748535 5.348007202148 212 212 212
23.122756958008 44.450092315674 5.391998291016 215 215 215
23.122756958008 44.450092315674 5.434005737305 211 211 211
23.120891571045 44.442508697510 5.477996826172 207 207 207
23.120891571045 44.442508697510 5.520004272461 211 211 211
23.122756958008 44.450092315674 5.561996459961 194 194 194
23.102737426758 44.237796783447 5.031997680664 179 179 179
23.102737426758 44.237796783447 5.074005126953 217 217 217
23.102737426758 44.237796783447 5.115005493164 221 221 221
23.102737426758 44.237796783447 5.156997680664 216 216 216
23.133083343506 44.230335235596 5.197998046875 222 222 222
23.133083343506 44.230335235596 5.238998413086 216 216 216
23.133083343506 44.230335235596 5.281005859375 81 81 81
23.100872039795 44.230209350586 5.453002929688 36 36 36
23.133083343506 44.230335235596 5.490997314453 206 206 206
23.116043090820 44.226478576660 5.533996582031 213 213 213
23.102737426758 44.237796783447 5.577011108398 209 209 209
23.102737426758 44.237796783447 5.619003295898 210 210 210
23.102737426758 44.237796783447 5.662002563477 205 205 205
23.102737426758 44.237796783447 5.705001831055 173 173 173
23.111198425293 44.010448455811 5.048004150391 186 186 186
23.111198425293 44.010448455811 5.089004516602 219 219 219
23.111198425293 44.010448455811 5.130004882813 204 204 204
23.111198425293 44.010448455811 5.589004516602 89 89 89
23.111198425293 44.010448455811 5.628997802734 206 206 206
23.111198425293 44.010448455811 5.671997070313 185 185 185
