24.875207901001 14.697801589966 56.170005798340 36 36 36
24.875207901001 14.697801589966 56.135002136230 215 215 215
24.875207901001 14.697801589966 56.101997375488 211 211 211
24.875207901001 14.697801589966 56.066001892090 217 217 217
24.875207901001 14.697801589966 56.030006408691 214 214 214
24.890586853027 14.695034027100 55.995002746582 213 213 213
24.875207901001 14.697801589966 55.963005065918 219 219 219
24.875207901001 14.697801589966 55.929008483887 207 207 207
24.890586853027 14.695034027100 55.689002990723 172 172 172
24.890586853027 14.695034027100 55.653999328613 210 210 210
24.890586853027 14.695034027100 55.622001647949 211 211 211
24.890586853027 14.695034027100 55.588005065918 209 209 209
24.890586853027 14.695034027100 55.554008483887 211 211 211
24.890586853027 14.695034027100 55.519996643066 215 215 215
24.890586853027 14.695034027100 55.487007141113 212 212 212
24.862600326538 14.715948104858 55.457008361816 169 169 169
24.710206985474 14.751323699951 55.008003234863 116 116 116
24.708822250366 14.743633270264 54.974006652832 149 149 149
24.710206985474 14.751323699951 54.941001892090 155 155 155
24.724201202393 14.740865707397 54.907005310059 144 144 144
24.725585937500 14.748554229736 54.873008728027 88 88 88
25.020080566406 14.973367691040 56.512001037598 75 75 75
24.941806793213 14.979520797729 56.500007629395 97 97 97
24.788028717041 15.007207870483 56.519004821777 90 90 90
24.774036407471 15.017665863037 56.491996765137 91 91 91
24.941806793213 14.979520797729 56.397010803223 107 107 107
24.943191528320 14.987211227417 56.356010437012 115 115 115
24.941806793213 14.979520797729 56.323997497559 100 100 100
24.897058486938 14.995515823364 56.302009582520 49 49 49
24.866302490234 15.001052856445 55.961006164551 207 207 207
24.866302490234 15.001052856445 55.927009582520 215 215 215
24.849538803101 14.996131896973 55.892997741699 211 211 211
24.866302490234 15.001052856445 55.855003356934 208 208 208
24.867687225342 15.008741378784 55.819999694824 202 202 202
24.866302490234 15.001052856445 55.787010192871 205 205 205
24.866302490234 15.001052856445 55.752998352051 210 210 210
24.866302490234 15.001052856445 55.719001770020 204 204 204
24.867687225342 15.008741378784 55.683998107910 207 207 207
24.866302490234 15.001052856445 55.651008605957 208 208 208
24.866302490234 15.001052856445 55.618003845215 88 88 88
24.701299667358 15.054574966431 55.131996154785 175 175 175
24.701299667358 15.054574966431 55.097999572754 182 182 182
24.701299667358 15.054574966431 55.064002990723 180 180 180
24.699914932251 15.046886444092 55.028999328613 184 184 184
24.699914932251 15.046886444092 54.995002746582 182 182 182
24.821554183960 15.017047882080 54.952003479004 185 185 185
24.807558059692 15.027505874634 54.920005798340 179 179 179
24.793565750122 15.037963867188 54.888008117676 185 185 185
24.807558059692 15.027505874634 54.853996276855 171 171 171
24.807558059692 15.027505874634 54.819999694824 168 168 168
24.810327529907 15.042882919312 54.788002014160 178 178 178
24.807558059692 15.027505874634 54.754005432129 179 179 179
24.807558059692 15.027505874634 54.721000671387 200 200 200
24.730669021606 15.041349411011 54.690010070801 185 185 185
24.884447097778 15.013662338257 54.653999328613 201 201 201
24.885831832886 15.021350860596 54.621009826660 180 180 180
24.701299667358 15.054574966431 54.590003967285 192 192 192
24.701299667358 15.054574966431 54.556007385254 193 193 193
24.701299667358 15.054574966431 54.522010803223 190 190 190
24.730669021606 15.041349411011 54.489006042480 194 194 194
24.701299667358 15.054574966431 54.455009460449 39 39 39
25.023780822754 15.258472442627 56.470008850098 40 40 40
24.917522430420 15.285541534424 56.474998474121 85 85 85
24.842016220093 15.307073593140 56.461006164551 98 98 98
24.794498443604 15.307691574097 56.440010070801 21 21 21
24.842016220093 15.307073593140 56.027000427246 179 179 179
24.842016220093 15.307073593140 55.991996765137 201 201 201
24.857393264771 15.304306030273 55.955009460449 205 205 205
24.843400955200 15.314762115479 55.920997619629 201 201 201
24.842016220093 15.307073593140 55.886009216309 205 205 205
24.842016220093 15.307073593140 55.851997375488 208 208 208
24.842016220093 15.307073593140 55.817008972168 202 202 202
24.842016220093 15.307073593140 55.784004211426 201 201 201
24.842016220093 15.307073593140 55.749000549316 204 204 204
24.843400955200 15.314762115479 55.713005065918 209 209 209
24.842016220093 15.307073593140 55.680000305176 220 220 220
24.842016220093 15.307073593140 55.644004821777 211 211 211
24.843400955200 15.314762115479 55.610008239746 207 207 207
24.842016220093 15.307073593140 55.575996398926 220 220 220
24.828023910522 15.317531585693 55.543998718262 55 55 55
24.691007614136 15.350137710571 55.152000427246 48 48 48
24.677015304565 15.360595703125 55.118995666504 183 183 183
24.691007614136 15.350137710571 55.084007263184 183 183 183
24.677015304565 15.360595703125 55.050010681152 179 179 179
24.677015304565 15.360595703125 55.015007019043 174 174 174
24.706386566162 15.347368240356 54.978996276855 141 141 141
24.706386566162 15.347368240356 54.944999694824 131 131 131
24.691007614136 15.350137710571 54.911003112793 165 165 165
24.691007614136 15.350137710571 54.877006530762 179 179 179
24.691007614136 15.350137710571 54.843009948730 179 179 179
24.691007614136 15.350137710571 54.808998107910 186 186 186
24.691007614136 15.350137710571 54.775001525879 188 188 188
24.691007614136 15.350137710571 54.739997863770 184 184 184
24.691007614136 15.350137710571 54.706001281738 181 181 181
24.691007614136 15.350137710571 54.672004699707 148 148 148
24.691007614136 15.350137710571 54.638008117676 54 54 54
24.833108901978 15.610324859619 56.205009460449 86 86 86
24.831724166870 15.602636337280 56.172004699707 197 197 197
24.817731857300 15.613094329834 56.138008117676 200 200 200
24.831724166870 15.602636337280 56.101005554199 205 205 205
24.817731857300 15.613094329834 56.066001892090 195 195 195
24.831724166870 15.602636337280 56.028999328613 195 195 195
24.817731857300 15.613094329834 55.993995666504 200 200 200
24.831724166870 15.602636337280 55.957008361816 138 138 138
24.819114685059 15.620782852173 55.607002258301 221 221 221
24.833108901978 15.610324859619 55.571998596191 218 218 218
24.834491729736 15.618015289307 55.536003112793 216 216 216
24.817731857300 15.613094329834 55.504997253418 225 225 225
24.834491729736 15.618015289307 55.468009948730 221 221 221
24.819114685059 15.620782852173 55.435005187988 224 224 224
24.834491729736 15.618015289307 55.399009704590 220 220 220
24.803737640381 15.623552322388 55.368995666504 59 59 59
24.889503479004 14.512651443481 55.484001159668 182 182 182
24.890886306763 14.520339965820 55.519996643066 219 219 219
24.889503479004 14.512651443481 55.558006286621 218 218 218
24.889503479004 14.512651443481 55.596000671387 24 24 24
24.890886306763 14.520339965820 56.047004699707 210 210 210
24.890886306763 14.520339965820 56.084007263184 213 213 213
24.889503479004 14.512651443481 56.124000549316 161 161 161
24.858297348022 14.780227661133 55.510002136230 215 215 215
24.858297348022 14.780227661133 55.547996520996 222 222 222
24.859682083130 14.787916183472 55.584999084473 219 219 219
24.859682083130 14.787916183472 55.622001647949 216 216 216
24.876443862915 14.792837142944 55.659996032715 223 223 223
24.876443862915 14.792837142944 55.696998596191 216 216 216
24.859682083130 14.787916183472 55.736000061035 156 156 156
24.858297348022 14.780227661133 55.888999938965 204 204 204
24.858297348022 14.780227661133 55.928001403809 218 218 218
24.858297348022 14.780227661133 55.965995788574 225 225 225
24.858297348022 14.780227661133 56.004005432129 211 211 211
24.858297348022 14.780227661133 56.041999816895 210 210 210
24.859682083130 14.787916183472 56.079002380371 210 210 210
24.876443862915 14.792837142944 56.118003845215 94 94 94
25.010089874268 15.094236373901 52.655006408691 170 170 170
25.008705139160 15.086547851563 52.694999694824 197 197 197
24.975179672241 15.076707839966 52.724998474121 189 189 189
24.943038940430 15.074556350708 54.112007141113 14 14 14
24.959802627563 15.079477310181 54.150001525879 21 21 21
24.943038940430 15.074556350708 54.185997009277 30 30 30
24.943038940430 15.074556350708 54.222999572754 32 32 32
24.926279067993 15.069637298584 54.259010314941 44 44 44
24.961187362671 15.087165832520 54.299003601074 50 50 50
24.961187362671 15.087165832520 54.336006164551 60 60 60
24.962572097778 15.094854354858 54.374000549316 69 69 69
24.961187362671 15.087165832520 54.411003112793 79 79 79
24.961187362671 15.087165832520 54.446998596191 79 79 79
24.991941452026 15.081628799438 54.485008239746 79 79 79
24.857845306396 15.042266845703 54.515998840332 155 155 155
24.825706481934 15.040113449097 54.552009582520 187 187 187
24.827091217041 15.047803878784 54.590003967285 189 189 189
24.859230041504 15.049955368042 54.629005432129 176 176 176
24.926279067993 15.069637298584 54.666999816895 178 178 178
24.859230041504 15.049955368042 54.704002380371 185 185 185
24.892753601074 15.059795379639 54.741004943848 176 176 176
24.926279067993 15.069637298584 54.778999328613 160 160 160
24.926279067993 15.069637298584 54.816001892090 173 173 173
24.929046630859 15.085014343262 54.853004455566 156 156 156
24.926279067993 15.069637298584 54.890007019043 169 169 169
24.943038940430 15.074556350708 54.927009582520 148 148 148
24.961187362671 15.087165832520 54.963005065918 143 143 143
24.929046630859 15.085014343262 55.000999450684 148 148 148
24.943038940430 15.074556350708 55.038002014160 146 146 146
24.961187362671 15.087165832520 55.073997497559 138 138 138
24.962572097778 15.094854354858 55.110008239746 142 142 142
24.962572097778 15.094854354858 55.147010803223 143 143 143
24.993326187134 15.089317321777 55.183006286621 143 143 143
24.994709014893 15.097005844116 55.220008850098 142 142 142
24.993326187134 15.089317321777 55.256996154785 145 145 145
24.993326187134 15.089317321777 55.293998718262 143 143 143
24.979331970215 15.099775314331 55.331001281738 143 143 143
24.993326187134 15.089317321777 55.368003845215 145 145 145
24.979331970215 15.099775314331 55.405006408691 147 147 147
24.994709014893 15.097005844116 55.441001892090 152 152 152
24.994709014893 15.097005844116 55.478004455566 147 147 147
24.994709014893 15.097005844116 55.515007019043 156 156 156
24.994709014893 15.097005844116 55.552009582520 150 150 150
24.994709014893 15.097005844116 55.590003967285 157 157 157
24.993326187134 15.089317321777 55.627006530762 157 157 157
24.996093750000 15.104694366455 55.663002014160 158 158 158
24.994709014893 15.097005844116 55.702003479004 163 163 163
24.994709014893 15.097005844116 55.739006042480 167 167 167
24.996093750000 15.104694366455 55.775001525879 167 167 167
24.994709014893 15.097005844116 55.815010070801 168 168 168
24.996093750000 15.104694366455 55.849998474121 171 171 171
24.996093750000 15.104694366455 55.888008117676 171 171 171
24.997478485107 15.112382888794 55.924003601074 174 174 174
24.996093750000 15.104694366455 55.963005065918 175 175 175
24.996093750000 15.104694366455 56.000999450684 176 176 176
24.996093750000 15.104694366455 56.040000915527 179 179 179
24.996093750000 15.104694366455 56.077003479004 181 181 181
24.997478485107 15.112382888794 56.114006042480 177 177 177
24.997478485107 15.112382888794 56.152000427246 178 178 178
24.996093750000 15.104694366455 56.192008972168 190 190 190
25.015625000000 15.124992370605 56.226005554199 191 191 191
24.997478485107 15.112382888794 56.267005920410 180 180 180
24.997478485107 15.112382888794 56.306007385254 129 129 129
25.031002044678 15.122224807739 56.336997985840 149 149 149
24.962572097778 15.094854354858 56.392997741699 145 145 145
25.015625000000 15.124992370605 56.418998718262 107 107 107
24.980716705322 15.107463836670 56.467002868652 126 126 126
25.081289291382 15.136985778809 56.476997375488 135 135 135
25.031002044678 15.122224807739 56.530006408691 130 130 130
24.979331970215 15.099775314331 56.586997985840 63 63 63
24.691158294678 15.262790679932 54.522010803223 158 158 158
24.692543029785 15.270479202271 54.560997009277 187 187 187
24.692543029785 15.270479202271 54.599998474121 188 188 188
24.709304809570 15.275400161743 54.638999938965 184 184 184
24.692543029785 15.270479202271 54.677009582520 186 186 186
24.691158294678 15.262790679932 54.715995788574 189 189 189
24.691158294678 15.262790679932 54.754997253418 190 190 190
24.709304809570 15.275400161743 54.793998718262 203 203 203
24.691158294678 15.262790679932 54.832008361816 185 185 185
24.723297119141 15.264942169189 54.871009826660 175 175 175
24.742828369141 15.285240173340 54.909004211426 102 102 102
24.741445541382 15.277551651001 54.948005676270 88 88 88
24.741445541382 15.277551651001 54.986000061035 75 75 75
24.675779342651 15.265560150146 55.027000427246 162 162 162
24.675779342651 15.265560150146 55.066001892090 187 187 187
24.677164077759 15.273248672485 55.103996276855 181 181 181
24.677164077759 15.273248672485 55.142997741699 163 163 163
24.811260223389 15.312610626221 55.556007385254 156 156 156
24.828023910522 15.317531585693 55.594001770020 209 209 209
24.829408645630 15.325220108032 55.631996154785 204 204 204
24.829408645630 15.325220108032 55.670005798340 207 207 207
24.828023910522 15.317531585693 55.709999084473 214 214 214
24.811260223389 15.312610626221 55.749000549316 209 209 209
24.828023910522 15.317531585693 55.787010192871 187 187 187
24.829408645630 15.325220108032 55.825004577637 218 218 218
24.830793380737 15.332908630371 55.862998962402 222 222 222
24.847553253174 15.337829589844 55.900001525879 223 223 223
24.829408645630 15.325220108032 55.942008972168 220 220 220
24.830793380737 15.332908630371 55.980003356934 221 221 221
24.830793380737 15.332908630371 56.019004821777 216 216 216
24.828023910522 15.317531585693 56.459007263184 43 43 43
24.827571868896 15.579570770264 55.392005920410 98 98 98
24.844333648682 15.584489822388 55.430000305176 201 201 201
24.827571868896 15.579570770264 55.469001770020 208 208 208
24.828954696655 15.587259292603 55.508003234863 201 201 201
24.828954696655 15.587259292603 55.547004699707 215 215 215
24.828954696655 15.587259292603 55.586006164551 207 207 207
24.828954696655 15.587259292603 55.625007629395 200 200 200
24.812194824219 15.582338333130 55.939002990723 140 140 140
24.828954696655 15.587259292603 55.976997375488 219 219 219
24.828954696655 15.587259292603 56.017005920410 204 204 204
24.828954696655 15.587259292603 56.056999206543 211 211 211
24.828954696655 15.587259292603 56.096000671387 222 222 222
24.830339431763 15.594947814941 56.134010314941 216 216 216
24.828954696655 15.587259292603 56.175010681152 194 194 194
24.888118743896 14.504962921143 56.125007629395 107 107 107
24.886734008789 14.497272491455 56.084999084473 155 155 155
24.888118743896 14.504962921143 56.047996520996 136 136 136
24.875509262085 14.523109436035 55.588996887207 96 96 96
24.889503479004 14.512651443481 55.550010681152 152 152 152
24.889503479004 14.512651443481 55.512001037598 147 147 147
24.875509262085 14.523109436035 55.476005554199 108 108 108
24.875509262085 14.523109436035 55.437995910645 16 16 16
24.461244583130 14.867588043213 55.047004699707 102 102 102
24.503223419189 14.836215972900 55.004005432129 140 140 140
24.531211853027 14.815301895142 54.963005065918 136 136 136
24.747583389282 14.958923339844 56.446998596191 66 66 66
24.856761932373 14.859884262085 56.084999084473 62 62 62
24.870756149292 14.849428176880 56.045005798340 160 160 160
24.856761932373 14.859884262085 56.008003234863 153 153 153
24.856761932373 14.859884262085 55.968009948730 155 155 155
24.856761932373 14.859884262085 55.929008483887 159 159 159
24.856761932373 14.859884262085 55.890007019043 151 151 151
24.856761932373 14.859884262085 55.851997375488 157 157 157
24.842769622803 14.870342254639 55.814002990723 46 46 46
24.856761932373 14.859884262085 55.773002624512 130 130 130
24.870756149292 14.849428176880 55.734001159668 148 148 148
24.870756149292 14.849428176880 55.694999694824 156 156 156
24.856761932373 14.859884262085 55.657997131348 152 152 152
24.856761932373 14.859884262085 55.618995666504 151 151 151
24.856761932373 14.859884262085 55.581001281738 151 151 151
24.884748458862 14.838970184326 55.540000915527 94 94 94
24.746198654175 14.951234817505 54.976005554199 104 104 104
24.760192871094 14.940776824951 54.937004089355 105 105 105
24.760192871094 14.940776824951 54.899009704590 130 130 130
24.734973907471 14.977069854736 54.861000061035 163 163 163
24.706987380981 14.997983932495 54.823005676270 162 162 162
24.734973907471 14.977069854736 54.782997131348 167 167 167
24.722364425659 14.995214462280 54.745002746582 169 169 169
24.750350952148 14.974300384521 54.706001281738 168 168 168
24.747583389282 14.958923339844 54.668006896973 168 168 168
24.708370208740 15.005672454834 54.627998352051 170 170 170
24.708370208740 15.005672454834 54.588996887207 171 171 171
24.750350952148 14.974300384521 54.551002502441 177 177 177
24.736358642578 14.984758377075 54.512001037598 170 170 170
24.775569915771 14.938007354736 54.474998474121 99 99 99
24.692993164063 15.008441925049 55.096000671387 28 28 28
24.706987380981 14.997983932495 55.056007385254 69 69 69
24.748966217041 14.966611862183 55.015007019043 69 69 69
25.001783370972 15.048103332520 56.549003601074 133 133 133
25.059139251709 15.013963699341 56.493003845215 134 134 134
24.989171981812 15.066249847412 56.482002258301 127 127 127
24.989171981812 15.066249847412 56.439002990723 113 113 113
25.017160415649 15.045335769653 56.388999938965 124 124 124
25.003168106079 15.055793762207 56.353004455566 140 140 140
24.989171981812 15.066249847412 56.318000793457 150 150 150
24.961187362671 15.087165832520 56.289009094238 152 152 152
24.989171981812 15.066249847412 56.241996765137 180 180 180
24.989171981812 15.066249847412 56.202003479004 187 187 187
24.990556716919 15.073938369751 56.164009094238 184 184 184
24.990556716919 15.073938369751 56.124000549316 186 186 186
24.990556716919 15.073938369751 56.086006164551 185 185 185
24.990556716919 15.073938369751 56.047004699707 191 191 191
24.990556716919 15.073938369751 56.009010314941 194 194 194
24.990556716919 15.073938369751 55.971000671387 193 193 193
24.990556716919 15.073938369751 55.933006286621 195 195 195
24.990556716919 15.073938369751 55.892997741699 198 198 198
24.990556716919 15.073938369751 55.856010437012 199 199 199
24.990556716919 15.073938369751 55.816001892090 201 201 201
24.990556716919 15.073938369751 55.778999328613 177 177 177
24.962572097778 15.094854354858 54.767005920410 236 236 236
24.962572097778 15.094854354858 54.728996276855 244 244 244
24.979331970215 15.099775314331 54.692008972168 243 243 243
24.979331970215 15.099775314331 54.655006408691 233 233 233
24.979331970215 15.099775314331 54.616996765137 230 230 230
24.993326187134 15.089317321777 54.580009460449 228 228 228
24.966724395752 15.117921829224 53.633003234863 183 183 183
24.966724395752 15.117921829224 53.595008850098 186 186 186
24.966724395752 15.117921829224 53.556999206543 182 182 182
24.966724395752 15.117921829224 53.515998840332 179 179 179
24.966724395752 15.117921829224 53.478004455566 182 182 182
24.966724395752 15.117921829224 53.440010070801 181 181 181
24.952730178833 15.128379821777 53.399009704590 179 179 179
24.966724395752 15.117921829224 53.362007141113 181 181 181
24.954113006592 15.136068344116 52.961006164551 172 172 172
24.954113006592 15.136068344116 52.920005798340 168 168 168
24.968109130859 15.125610351563 52.884010314941 168 168 168
24.954113006592 15.136068344116 52.838996887207 172 172 172
24.954113006592 15.136068344116 52.800010681152 174 174 174
24.954113006592 15.136068344116 52.756996154785 171 171 171
24.954113006592 15.136068344116 52.715003967285 170 170 170
24.954113006592 15.136068344116 52.676002502441 177 177 177
24.976564407349 15.084398269653 55.743003845215 48 48 48
24.934583663940 15.115770339966 54.805000305176 135 135 135
24.951345443726 15.120689392090 54.541999816895 169 169 169
24.927513122559 15.164670944214 52.991004943848 140 140 140
24.819265365601 15.533437728882 56.170005798340 77 77 77
24.833259582520 15.522979736328 56.125007629395 162 162 162
24.833259582520 15.522979736328 56.086006164551 163 163 163
24.833259582520 15.522979736328 56.045997619629 167 167 167
24.834644317627 15.530668258667 56.006004333496 185 185 185
24.834644317627 15.530668258667 55.967002868652 175 175 175
24.834644317627 15.530668258667 55.926002502441 98 98 98
24.834644317627 15.530668258667 55.648002624512 161 161 161
24.820650100708 15.541126251221 55.610008239746 192 192 192
24.834644317627 15.530668258667 55.569999694824 180 180 180
24.834644317627 15.530668258667 55.530998229980 161 161 161
24.834644317627 15.530668258667 55.491004943848 150 150 150
24.845567703247 15.679525375366 55.418998718262 117 117 117
24.845567703247 15.679525375366 55.457008361816 201 201 201
24.845567703247 15.679525375366 55.495002746582 206 206 206
24.845567703247 15.679525375366 55.534004211426 207 207 207
24.860946655273 15.676757812500 55.571998596191 198 198 198
24.845567703247 15.679525375366 55.612007141113 205 205 205
24.860946655273 15.676757812500 55.649009704590 70 70 70
24.842798233032 15.664148330688 56.006996154785 35 35 35
24.844182968140 15.671836853027 56.043006896973 215 215 215
24.844182968140 15.671836853027 56.084007263184 198 198 198
24.842798233032 15.664148330688 56.123008728027 204 204 204
24.844182968140 15.671836853027 56.162010192871 216 216 216
24.844182968140 15.671836853027 56.200996398926 211 211 211
24.844182968140 15.671836853027 56.241996765137 192 192 192
24.718994140625 15.329221725464 54.584999084473 86 86 86
24.718994140625 15.329221725464 54.623008728027 171 171 171
24.703617095947 15.331991195679 54.662010192871 189 189 189
24.703617095947 15.331991195679 54.700996398926 189 189 189
24.718994140625 15.329221725464 54.739997863770 188 188 188
24.703617095947 15.331991195679 54.778999328613 185 185 185
24.703617095947 15.331991195679 54.818000793457 188 188 188
24.703617095947 15.331991195679 54.856010437012 197 197 197
24.717609405518 15.321533203125 54.894996643066 172 172 172
24.735755920410 15.334142684937 54.933998107910 152 152 152
24.752519607544 15.339063644409 54.972007751465 101 101 101
24.769281387329 15.343982696533 55.011009216309 100 100 100
24.734371185303 15.326454162598 55.050010681152 124 124 124
24.702232360840 15.324302673340 55.090003967285 184 184 184
24.702232360840 15.324302673340 55.129005432129 183 183 183
24.685470581055 15.319381713867 55.168006896973 181 181 181
24.851707458496 15.360897064209 55.581001281738 163 163 163
24.853092193604 15.368585586548 55.618995666504 206 206 206
24.851707458496 15.360897064209 55.657997131348 210 210 210
24.853092193604 15.368585586548 55.696006774902 200 200 200
24.853092193604 15.368585586548 55.734001159668 211 211 211
24.851707458496 15.360897064209 55.773002624512 203 203 203
24.851707458496 15.360897064209 55.812004089355 180 180 180
24.853092193604 15.368585586548 55.851005554199 180 180 180
24.853092193604 15.368585586548 55.888008117676 223 223 223
24.854475021362 15.376274108887 55.927009582520 211 211 211
24.854475021362 15.376274108887 55.965995788574 219 219 219
24.854475021362 15.376274108887 56.004997253418 218 218 218
24.868469238281 15.365816116333 56.043006896973 217 217 217
24.853092193604 15.368585586548 56.083000183105 178 178 178
25.068679809570 15.155132293701 52.649009704590 158 158 158
25.065912246704 15.139753341675 52.685005187988 130 130 130
24.864767074585 15.080711364746 52.655006408691 165 165 165
25.067296981812 15.147441864014 52.762001037598 104 104 104
24.898290634155 15.090551376343 52.750999450684 117 117 117
24.898290634155 15.090551376343 52.788002014160 194 194 194
24.979331970215 15.099775314331 54.280998229980 16 16 16
24.980716705322 15.107463836670 54.319007873535 23 23 23
24.979331970215 15.099775314331 54.355003356934 24 24 24
24.979331970215 15.099775314331 54.392005920410 33 33 33
24.979331970215 15.099775314331 54.429008483887 36 36 36
24.979331970215 15.099775314331 54.465995788574 41 41 41
24.979331970215 15.099775314331 54.502998352051 44 44 44
24.895523071289 15.075174331665 54.537010192871 86 86 86
24.794950485229 15.045652389526 54.569007873535 186 186 186
24.810327529907 15.042882919312 54.608009338379 186 186 186
24.825706481934 15.040113449097 54.646003723145 176 176 176
24.929046630859 15.085014343262 54.687004089355 183 183 183
24.825706481934 15.040113449097 54.722007751465 177 177 177
24.859230041504 15.049955368042 54.760002136230 185 185 185
24.896905899048 15.082862854004 54.797996520996 161 161 161
24.845235824585 15.060411453247 54.834999084473 180 180 180
24.878761291504 15.070253372192 54.873008728027 165 165 165
24.896905899048 15.082862854004 54.909996032715 148 148 148
24.895523071289 15.075174331665 54.946998596191 152 152 152
24.895523071289 15.075174331665 54.985008239746 142 142 142
24.894138336182 15.067483901978 55.022010803223 143 143 143
24.827091217041 15.047803878784 55.062004089355 176 176 176
24.827091217041 15.047803878784 55.099998474121 172 172 172
24.859230041504 15.049955368042 55.136009216309 167 167 167
24.927661895752 15.077325820923 55.170005798340 126 126 126
24.994709014893 15.097005844116 55.204002380371 78 78 78
24.996093750000 15.104694366455 55.241004943848 77 77 77
24.996093750000 15.104694366455 55.277000427246 79 79 79
24.997478485107 15.112382888794 55.314002990723 80 80 80
24.996093750000 15.104694366455 55.351005554199 76 76 76
24.996093750000 15.104694366455 55.388008117676 80 80 80
24.997478485107 15.112382888794 55.424003601074 83 83 83
25.026849746704 15.099157333374 55.461006164551 82 82 82
24.994709014893 15.097005844116 55.500007629395 87 87 87
24.996093750000 15.104694366455 55.536003112793 84 84 84
24.996093750000 15.104694366455 55.573005676270 87 87 87
24.996093750000 15.104694366455 55.610008239746 88 88 88
24.927661895752 15.077325820923 55.657005310059 153 153 153
24.895523071289 15.075174331665 55.698005676270 196 196 196
24.895523071289 15.075174331665 55.736000061035 196 196 196
24.926279067993 15.069637298584 55.772010803223 190 190 190
24.926279067993 15.069637298584 55.810997009277 195 195 195
24.926279067993 15.069637298584 55.849006652832 194 194 194
24.926279067993 15.069637298584 55.886009216309 194 194 194
24.926279067993 15.069637298584 55.926002502441 188 188 188
24.926279067993 15.069637298584 55.963005065918 186 186 186
24.976564407349 15.084398269653 55.991004943848 127 127 127
25.026849746704 15.099157333374 56.021003723145 97 97 97
25.026849746704 15.099157333374 56.058998107910 97 97 97
25.026849746704 15.099157333374 56.097999572754 101 101 101
25.026849746704 15.099157333374 56.135002136230 101 101 101
25.028234481812 15.106845855713 56.172996520996 103 103 103
25.010089874268 15.094236373901 56.213996887207 98 98 98
25.026849746704 15.099157333374 56.250999450684 102 102 102
25.026849746704 15.099157333374 56.289009094238 119 119 119
24.991941452026 15.081628799438 56.336006164551 120 120 120
25.046382904053 15.119455337524 56.356010437012 140 140 140
25.010089874268 15.094236373901 56.405998229980 139 139 139
25.047765731812 15.127143859863 56.430000305176 96 96 96
25.008705139160 15.086547851563 56.486000061035 107 107 107
25.026849746704 15.099157333374 56.521003723145 120 120 120
25.095283508301 15.126527786255 56.537010192871 130 130 130
25.028234481812 15.106845855713 56.596000671387 98 98 98
24.886283874512 14.759313583374 55.487998962402 114 114 114
24.900278091431 14.748855590820 55.524009704590 219 219 219
24.900278091431 14.748855590820 55.562004089355 222 222 222
24.900278091431 14.748855590820 55.599006652832 214 214 214
24.900278091431 14.748855590820 55.637001037598 220 220 220
24.900278091431 14.748855590820 55.675010681152 221 221 221
24.900278091431 14.748855590820 55.713005065918 213 213 213
24.900278091431 14.748855590820 55.940010070801 142 142 142
24.900278091431 14.748855590820 55.978004455566 216 216 216
24.900278091431 14.748855590820 56.017005920410 222 222 222
24.900278091431 14.748855590820 56.055000305176 218 218 218
24.900278091431 14.748855590820 56.093009948730 210 210 210
24.900278091431 14.748855590820 56.131996154785 209 209 209
24.900278091431 14.748855590820 56.168006896973 204 204 204
24.845567703247 15.679525375366 56.262001037598 59 59 59
24.844182968140 15.671836853027 56.224006652832 191 191 191
24.844182968140 15.671836853027 56.187004089355 202 202 202
24.844182968140 15.671836853027 56.153007507324 205 205 205
24.844182968140 15.671836853027 56.116996765137 191 191 191
24.844182968140 15.671836853027 56.080009460449 194 194 194
24.844182968140 15.671836853027 56.045005798340 196 196 196
24.844182968140 15.671836853027 56.008003234863 42 42 42
24.844182968140 15.671836853027 55.622001647949 219 219 219
24.844182968140 15.671836853027 55.586997985840 210 210 210
24.844182968140 15.671836853027 55.554008483887 210 210 210
24.844182968140 15.671836853027 55.519996643066 224 224 224
24.844182968140 15.671836853027 55.485008239746 224 224 224
24.842798233032 15.664148330688 55.452003479004 223 223 223
24.844182968140 15.671836853027 55.415000915527 166 166 166
24.969192504883 15.307991027832 56.506004333496 82 82 82
24.862930297852 15.335062026978 56.502006530762 99 99 99
24.816797256470 15.343366622925 56.480003356934 38 38 38
24.876926422119 15.324602127075 56.069007873535 151 151 151
24.862930297852 15.335062026978 56.034996032715 202 202 202
24.847553253174 15.337829589844 56.004005432129 203 203 203
24.861547470093 15.327371597290 55.967002868652 205 205 205
24.876926422119 15.324602127075 55.929008483887 202 202 202
24.861547470093 15.327371597290 55.896003723145 206 206 206
24.861547470093 15.327371597290 55.862007141113 203 203 203
24.861547470093 15.327371597290 55.828010559082 197 197 197
24.847553253174 15.337829589844 55.795005798340 213 213 213
24.847553253174 15.337829589844 55.760002136230 195 195 195
24.847553253174 15.337829589844 55.726005554199 219 219 219
24.861547470093 15.327371597290 55.690010070801 213 213 213
24.846170425415 15.330141067505 55.655998229980 192 192 192
24.847553253174 15.337829589844 55.622001647949 221 221 221
24.847553253174 15.337829589844 55.588005065918 92 92 92
24.707771301270 15.355056762695 55.198997497559 29 29 29
24.709154129028 15.362747192383 55.163002014160 181 181 181
24.707771301270 15.355056762695 55.129005432129 185 185 185
24.709154129028 15.362747192383 55.094001770020 180 180 180
24.707771301270 15.355056762695 55.060005187988 169 169 169
24.755287170410 15.354440689087 55.022010803223 115 115 115
24.755287170410 15.354440689087 54.987998962402 98 98 98
24.724531173706 15.359977722168 54.955009460449 111 111 111
24.709154129028 15.362747192383 54.922004699707 181 181 181
24.709154129028 15.362747192383 54.888999938965 179 179 179
24.707771301270 15.355056762695 54.853996276855 182 182 182
24.707771301270 15.355056762695 54.819999694824 186 186 186
24.707771301270 15.355056762695 54.786003112793 187 187 187
24.707771301270 15.355056762695 54.752006530762 187 187 187
24.709154129028 15.362747192383 54.718009948730 182 182 182
24.707771301270 15.355056762695 54.683998107910 173 173 173
24.709154129028 15.362747192383 54.650001525879 120 120 120
25.018695831299 14.965677261353 56.521003723145 70 70 70
24.849538803101 14.996131896973 56.541007995605 86 86 86
24.788028717041 15.007207870483 56.521003723145 85 85 85
24.774036407471 15.017665863037 56.496009826660 95 95 95
24.895673751831 14.987827301025 56.418006896973 103 103 103
24.909666061401 14.977369308472 56.379997253418 39 39 39
24.894289016724 14.980138778687 56.032005310059 195 195 195
24.894289016724 14.980138778687 55.997001647949 213 213 213
24.878910064697 14.982906341553 55.963996887207 213 213 213
24.894289016724 14.980138778687 55.927009582520 213 213 213
24.880294799805 14.990594863892 55.894004821777 215 215 215
24.894289016724 14.980138778687 55.857002258301 207 207 207
24.894289016724 14.980138778687 55.823997497559 199 199 199
24.894289016724 14.980138778687 55.789009094238 208 208 208
24.895673751831 14.987827301025 55.754005432129 204 204 204
24.894289016724 14.980138778687 55.722007751465 210 210 210
24.894289016724 14.980138778687 55.687995910645 212 212 212
24.894289016724 14.980138778687 55.653007507324 206 206 206
24.878910064697 14.982906341553 55.621009826660 42 42 42
24.725131988525 15.010593414307 55.170005798340 177 177 177
24.725131988525 15.010593414307 55.136009216309 181 181 181
24.726516723633 15.018281936646 55.101005554199 177 177 177
24.725131988525 15.010593414307 55.067008972168 181 181 181
24.757272720337 15.012744903564 55.030006408691 167 167 167
24.757272720337 15.012744903564 54.996009826660 160 160 160
24.786643981934 14.999519348145 54.961997985840 142 142 142
24.757272720337 15.012744903564 54.930000305176 170 170 170
24.741895675659 15.015512466431 54.897010803223 179 179 179
24.726516723633 15.018281936646 54.864006042480 185 185 185
24.740510940552 15.007823944092 54.830009460449 190 190 190
24.755887985229 15.005056381226 54.795997619629 195 195 195
24.741895675659 15.015512466431 54.763008117676 195 195 195
24.741895675659 15.015512466431 54.728996276855 184 184 184
24.741895675659 15.015512466431 54.696006774902 185 185 185
24.741895675659 15.015512466431 54.662010192871 187 187 187
24.740510940552 15.007823944092 54.629005432129 190 190 190
24.757272720337 15.012744903564 54.595008850098 186 186 186
24.863533020020 14.985675811768 54.562004089355 196 196 196
24.909666061401 14.977369308472 54.530006408691 168 168 168
24.909666061401 14.977369308472 54.497001647949 114 114 114
24.911651611328 14.635673522949 56.237007141113 200 200 200
24.911651611328 14.635673522949 56.202003479004 216 216 216
24.894889831543 14.630754470825 56.166999816895 203 203 203
24.894889831543 14.630754470825 56.134010314941 217 217 217
24.894889831543 14.630754470825 56.097999572754 212 212 212
24.894889831543 14.630754470825 56.064002990723 214 214 214
24.894889831543 14.630754470825 56.028999328613 215 215 215
24.879512786865 14.633522033691 55.999000549316 55 55 55
24.894889831543 14.630754470825 55.655998229980 201 201 201
24.894889831543 14.630754470825 55.623008728027 202 202 202
24.894889831543 14.630754470825 55.590003967285 216 216 216
24.894889831543 14.630754470825 55.555000305176 211 211 211
24.911651611328 14.635673522949 55.522010803223 211 211 211
24.894889831543 14.630754470825 55.491004943848 214 214 214
24.894889831543 14.630754470825 55.457008361816 212 212 212
24.894889831543 14.630754470825 55.425010681152 107 107 107
24.830039978027 15.769639968872 56.101997375488 60 60 60
24.828655242920 15.761951446533 55.582008361816 113 113 113
24.842649459839 15.751493453979 55.541007995605 26 26 26
25.100820541382 15.157283782959 56.534996032715 61 61 61
24.963653564453 15.277236938477 56.547996520996 82 82 82
24.923059463501 15.316297531128 56.524009704590 99 99 99
24.878309249878 15.332292556763 56.491996765137 98 98 98
25.030853271484 15.209569931030 56.403999328613 83 83 83
25.030853271484 15.209569931030 56.368003845215 54 54 54
24.991641998291 15.256320953369 56.303001403809 84 84 84
25.002866744995 15.230485916138 56.256004333496 131 131 131
25.058841705322 15.188655853271 56.202003479004 142 142 142
25.016859054565 15.220027923584 56.176002502441 22 22 22
24.853092193604 15.368585586548 56.103996276855 43 43 43
24.851707458496 15.360897064209 56.060997009277 153 153 153
24.851707458496 15.360897064209 56.022010803223 150 150 150
24.851707458496 15.360897064209 55.982002258301 152 152 152
24.851707458496 15.360897064209 55.943000793457 175 175 175
24.851707458496 15.360897064209 55.903007507324 185 185 185
24.851707458496 15.360897064209 55.862998962402 137 137 137
24.853092193604 15.368585586548 55.825996398926 52 52 52
24.853092193604 15.368585586548 55.787010192871 165 165 165
24.853092193604 15.368585586548 55.747001647949 189 189 189
24.853092193604 15.368585586548 55.708000183105 173 173 173
24.853092193604 15.368585586548 55.668998718262 172 172 172
24.851707458496 15.360897064209 55.629005432129 175 175 175
24.853092193604 15.368585586548 55.592002868652 153 153 153
24.902744293213 14.938924789429 56.528007507324 75 75 75
24.818784713745 15.001668930054 56.517997741699 87 87 87
24.722213745117 15.082561492920 56.511009216309 90 90 90
24.666240692139 15.124391555786 56.482002258301 55 55 55
24.874757766724 14.959840774536 56.062004089355 93 93 93
24.874757766724 14.959840774536 56.024009704590 161 161 161
24.845386505127 14.973066329956 55.987007141113 150 150 150
24.874757766724 14.959840774536 55.946006774902 159 159 159
24.874757766724 14.959840774536 55.907997131348 156 156 156
24.874757766724 14.959840774536 55.868003845215 154 154 154
24.874757766724 14.959840774536 55.829002380371 157 157 157
24.874757766724 14.959840774536 55.790000915527 151 151 151
24.874757766724 14.959840774536 55.750999450684 156 156 156
24.873373031616 14.952152252197 55.711006164551 128 128 128
24.776803970337 15.033042907715 54.799003601074 172 172 172
24.720829010010 15.074872970581 54.760002136230 154 154 154
24.734823226929 15.064414978027 54.722007751465 187 187 187
24.719446182251 15.067184448242 54.683006286621 181 181 181
24.720829010010 15.074872970581 54.642997741699 152 152 152
24.720829010010 15.074872970581 54.603996276855 154 154 154
24.720829010010 15.074872970581 54.565010070801 154 154 154
24.733438491821 15.056726455688 54.527000427246 175 175 175
24.816017150879 14.986291885376 54.493995666504 146 146 146
24.874757766724 14.959840774536 55.674003601074 82 82 82
24.719446182251 15.067184448242 54.838005065918 53 53 53
24.883815765381 14.569242477417 56.254005432129 22 22 22
24.868438720703 14.572011947632 56.218009948730 136 136 136
24.882431030273 14.561553955078 56.176002502441 158 158 158
24.882431030273 14.561553955078 56.137001037598 150 150 150
24.882431030273 14.561553955078 56.099006652832 158 158 158
24.882431030273 14.561553955078 56.060005187988 127 127 127
24.882431030273 14.561553955078 55.640007019043 103 103 103
24.896423339844 14.551095962524 55.599006652832 152 152 152
24.882431030273 14.561553955078 55.562995910645 157 157 157
24.896423339844 14.551095962524 55.525001525879 156 156 156
24.882431030273 14.561553955078 55.489006042480 129 129 129
24.868438720703 14.572011947632 55.452003479004 70 70 70
24.454170227051 14.916490554810 55.099998474121 44 44 44
24.540901184082 14.869123458862 55.056007385254 139 139 139
24.538133621216 14.853746414185 55.015007019043 153 153 153
24.870906829834 14.762081146240 55.489006042480 177 177 177
24.870906829834 14.762081146240 55.526008605957 216 216 216
24.854145050049 14.757160186768 55.565010070801 215 215 215
24.870906829834 14.762081146240 55.601005554199 216 216 216
24.870906829834 14.762081146240 55.638999938965 220 220 220
24.870906829834 14.762081146240 55.677009582520 217 217 217
24.870906829834 14.762081146240 55.713996887207 202 202 202
24.870906829834 14.762081146240 55.942008972168 193 193 193
24.852760314941 14.749471664429 55.982002258301 219 219 219
24.854145050049 14.757160186768 56.019004821777 221 221 221
24.854145050049 14.757160186768 56.056999206543 202 202 202
24.854145050049 14.757160186768 56.095008850098 207 207 207
24.870906829834 14.762081146240 56.133003234863 205 205 205
24.852760314941 14.749471664429 56.175010681152 152 152 152
25.035156250000 15.145290374756 52.661003112793 131 131 131
25.067296981812 15.147441864014 52.750007629395 95 95 95
24.866149902344 15.088399887085 52.726997375488 125 125 125
24.867534637451 15.096088409424 52.772010803223 171 171 171
24.933200836182 15.108079910278 53.500999450684 19 19 19
24.963954925537 15.102542877197 53.541999816895 25 25 25
24.934583663940 15.115770339966 53.580009460449 41 41 41
24.934583663940 15.115770339966 53.616996765137 48 48 48
24.934583663940 15.115770339966 53.655998229980 57 57 57
24.934583663940 15.115770339966 53.693000793457 62 62 62
24.934583663940 15.115770339966 53.731010437012 67 67 67
24.965339660645 15.110233306885 53.772010803223 69 69 69
24.934583663940 15.115770339966 53.806999206543 75 75 75
24.934583663940 15.115770339966 53.845008850098 71 71 71
24.934583663940 15.115770339966 53.881996154785 71 71 71
24.963954925537 15.102542877197 53.922004699707 77 77 77
24.965339660645 15.110233306885 53.959999084473 77 77 77
24.965339660645 15.110233306885 53.997001647949 82 82 82
24.965339660645 15.110233306885 54.034996032715 84 84 84
24.965339660645 15.110233306885 54.071998596191 89 89 89
24.963954925537 15.102542877197 54.109001159668 87 87 87
24.963954925537 15.102542877197 54.146003723145 94 94 94
24.934583663940 15.115770339966 54.183006286621 95 95 95
24.965339660645 15.110233306885 54.221000671387 95 95 95
24.963954925537 15.102542877197 54.256996154785 105 105 105
24.963954925537 15.102542877197 54.293998718262 93 93 93
24.965339660645 15.110233306885 54.332008361816 100 100 100
24.965339660645 15.110233306885 54.368995666504 103 103 103
24.965339660645 15.110233306885 54.405998229980 107 107 107
24.965339660645 15.110233306885 54.443000793457 111 111 111
24.965339660645 15.110233306885 54.478996276855 113 113 113
24.963954925537 15.102542877197 54.515998840332 115 115 115
24.867534637451 15.096088409424 54.549003601074 171 171 171
24.898290634155 15.090551376343 54.586997985840 168 168 168
24.898290634155 15.090551376343 54.624000549316 169 169 169
24.933200836182 15.108079910278 54.663002014160 158 158 158
24.901060104370 15.105928421021 54.698997497559 157 157 157
24.933200836182 15.108079910278 54.737007141113 168 168 168
24.934583663940 15.115770339966 54.774009704590 156 156 156
24.934583663940 15.115770339966 54.810997009277 157 157 157
24.963954925537 15.102542877197 54.847007751465 149 149 149
24.965339660645 15.110233306885 54.884010314941 151 151 151
24.965339660645 15.110233306885 54.920997619629 150 150 150
24.968109130859 15.125610351563 54.958000183105 146 146 146
24.966724395752 15.117921829224 54.993995666504 142 142 142
24.966724395752 15.117921829224 55.030998229980 140 140 140
24.966724395752 15.117921829224 55.068000793457 139 139 139
24.968109130859 15.125610351563 55.103996276855 150 150 150
24.968109130859 15.125610351563 55.140998840332 149 149 149
24.968109130859 15.125610351563 55.178001403809 151 151 151
24.968109130859 15.125610351563 55.215003967285 150 150 150
24.966724395752 15.117921829224 55.252006530762 151 151 151
24.968109130859 15.125610351563 55.288002014160 150 150 150
24.968109130859 15.125610351563 55.325004577637 147 147 147
24.968109130859 15.125610351563 55.362007141113 147 147 147
24.998863220215 15.120073318481 55.398002624512 143 143 143
24.968109130859 15.125610351563 55.435997009277 151 151 151
24.968109130859 15.125610351563 55.472999572754 148 148 148
24.968109130859 15.125610351563 55.510002136230 154 154 154
24.968109130859 15.125610351563 55.547004699707 154 154 154
24.968109130859 15.125610351563 55.584007263184 156 156 156
24.998863220215 15.120073318481 55.621009826660 153 153 153
24.968109130859 15.125610351563 55.659004211426 156 156 156
24.968109130859 15.125610351563 55.696006774902 152 152 152
25.000247955322 15.127761840820 55.732002258301 158 158 158
24.998863220215 15.120073318481 55.769996643066 160 160 160
25.000247955322 15.127761840820 55.806999206543 160 160 160
25.000247955322 15.127761840820 55.843009948730 159 159 159
24.998863220215 15.120073318481 55.881996154785 162 162 162
24.998863220215 15.120073318481 55.920005798340 165 165 165
24.998863220215 15.120073318481 55.958000183105 167 167 167
24.998863220215 15.120073318481 55.995002746582 168 168 168
25.000247955322 15.127761840820 56.032005310059 169 169 169
25.000247955322 15.127761840820 56.069999694824 168 168 168
25.000247955322 15.127761840820 56.108009338379 170 170 170
25.000247955322 15.127761840820 56.146003723145 169 169 169
25.000247955322 15.127761840820 56.183998107910 168 168 168
25.000247955322 15.127761840820 56.222007751465 178 178 178
25.001630783081 15.135450363159 56.259010314941 184 184 184
24.968109130859 15.125610351563 56.304008483887 154 154 154
25.001630783081 15.135450363159 56.336997985840 145 145 145
25.035156250000 15.145290374756 56.366996765137 151 151 151
24.968109130859 15.125610351563 56.418998718262 127 127 127
25.001630783081 15.135450363159 56.452003479004 109 109 109
24.968109130859 15.125610351563 56.498008728027 129 129 129
25.085441589355 15.160051345825 56.506996154785 137 137 137
25.035156250000 15.145290374756 56.560997009277 132 132 132
24.969493865967 15.133298873901 56.616004943848 30 30 30
24.689622879028 15.342449188232 54.601005554199 57 57 57
24.691007614136 15.350137710571 54.640007019043 168 168 168
24.689622879028 15.342449188232 54.679008483887 189 189 189
24.691007614136 15.350137710571 54.718009948730 188 188 188
24.689622879028 15.342449188232 54.756996154785 187 187 187
24.689622879028 15.342449188232 54.795997619629 185 185 185
24.691007614136 15.350137710571 54.834007263184 182 182 182
24.691007614136 15.350137710571 54.873008728027 177 177 177
24.691007614136 15.350137710571 54.912010192871 169 169 169
24.725915908813 15.367666244507 54.950004577637 95 95 95
24.725915908813 15.367666244507 54.989006042480 111 111 111
24.691007614136 15.350137710571 55.028999328613 150 150 150
24.689622879028 15.342449188232 55.068000793457 180 180 180
24.689622879028 15.342449188232 55.107002258301 182 182 182
24.689622879028 15.342449188232 55.146003723145 180 180 180
24.841867446899 15.394420623779 55.558998107910 190 190 190
24.827873229980 15.404878616333 55.597999572754 209 209 209
24.827873229980 15.404878616333 55.637001037598 199 199 199
24.827873229980 15.404878616333 55.675010681152 208 208 208
24.827873229980 15.404878616333 55.715003967285 208 208 208
24.827873229980 15.404878616333 55.752998352051 194 194 194
24.826488494873 15.397188186646 55.793006896973 128 128 128
24.827873229980 15.404878616333 55.868995666504 208 208 208
24.841867446899 15.394420623779 55.907005310059 212 212 212
24.827873229980 15.404878616333 55.946998596191 208 208 208
24.829256057739 15.412567138672 55.985008239746 211 211 211
24.843250274658 15.402109146118 56.024009704590 215 215 215
24.843250274658 15.402109146118 56.062004089355 212 212 212
24.829256057739 15.412567138672 56.103996276855 102 102 102
24.823118209839 15.731195449829 55.512001037598 181 181 181
24.821735382080 15.723506927490 55.552009582520 209 209 209
24.821735382080 15.723506927490 55.590995788574 160 160 160
24.788209915161 15.713666915894 56.028007507324 50 50 50
24.821735382080 15.723506927490 56.062995910645 208 208 208
24.820350646973 15.715818405151 56.103004455566 200 200 200
24.806354522705 15.726276397705 56.144004821777 166 166 166
24.886734008789 14.497272491455 55.515998840332 34 34 34
24.903497695923 14.502193450928 55.547996520996 180 180 180
24.857364654541 14.510499954224 55.586006164551 92 92 92
24.888118743896 14.504962921143 56.054008483887 168 168 168
24.903497695923 14.502193450928 56.086006164551 107 107 107
24.707136154175 14.910636901855 54.638008117676 71 71 71
24.707136154175 14.910636901855 54.670997619629 165 165 165
24.737892150879 14.905099868774 54.704002380371 183 183 183
24.768648147583 14.899562835693 54.736000061035 191 191 191
24.768648147583 14.899562835693 54.769004821777 190 190 190
24.721130371094 14.900180816650 54.804008483887 188 188 188
24.707136154175 14.910636901855 54.838005065918 183 183 183
24.707136154175 14.910636901855 54.871009826660 191 191 191
24.721130371094 14.900180816650 54.903999328613 182 182 182
24.736507415771 14.897411346436 54.935997009277 153 153 153
24.736507415771 14.897411346436 54.970008850098 148 148 148
24.721130371094 14.900180816650 55.004005432129 169 169 169
24.707136154175 14.910636901855 55.039009094238 183 183 183
24.707136154175 14.910636901855 55.071998596191 184 184 184
24.705753326416 14.902948379517 55.107002258301 185 185 185
24.705753326416 14.902948379517 55.140007019043 171 171 171
24.862298965454 14.890640258789 55.554008483887 192 192 192
24.860914230347 14.882951736450 55.588005065918 213 213 213
24.862298965454 14.890640258789 55.620002746582 211 211 211
24.860914230347 14.882951736450 55.655006408691 210 210 210
24.860914230347 14.882951736450 55.687995910645 215 215 215
24.860914230347 14.882951736450 55.722007751465 212 212 212
24.876293182373 14.880182266235 55.754997253418 206 206 206
24.862298965454 14.890640258789 55.790000915527 125 125 125
24.830158233643 14.888488769531 55.829002380371 155 155 155
24.860914230347 14.882951736450 55.861000061035 216 216 216
24.860914230347 14.882951736450 55.894004821777 216 216 216
24.862298965454 14.890640258789 55.926002502441 216 216 216
24.876293182373 14.880182266235 55.959999084473 213 213 213
24.860914230347 14.882951736450 55.998008728027 212 212 212
24.862298965454 14.890640258789 56.030006408691 215 215 215
24.862298965454 14.890640258789 56.064002990723 184 184 184
24.695312500000 15.285858154297 54.527000427246 144 144 144
24.695312500000 15.285858154297 54.560997009277 181 181 181
24.695312500000 15.285858154297 54.595008850098 182 182 182
24.696695327759 15.293546676636 54.629005432129 184 184 184
24.695312500000 15.285858154297 54.663002014160 184 184 184
24.695312500000 15.285858154297 54.696006774902 182 182 182
24.695312500000 15.285858154297 54.730003356934 184 184 184
24.741445541382 15.277551651001 54.763008117676 187 187 187
24.756822586060 15.274784088135 54.795997619629 197 197 197
24.695312500000 15.285858154297 54.832008361816 191 191 191
24.695312500000 15.285858154297 54.864997863770 172 172 172
24.710689544678 15.283088684082 54.898002624512 158 158 158
24.756822586060 15.274784088135 54.929008483887 108 108 108
24.864467620850 15.255403518677 54.956001281738 151 151 151
24.724681854248 15.272630691528 54.999000549316 85 85 85
24.695312500000 15.285858154297 55.036003112793 168 168 168
24.695312500000 15.285858154297 55.069999694824 188 188 188
24.679933547974 15.288627624512 55.103996276855 187 187 187
24.681316375732 15.296316146851 55.138999938965 179 179 179
24.695312500000 15.285858154297 55.170997619629 58 58 58
24.816949844360 15.256019592285 55.597999572754 61 61 61
24.833711624146 15.260940551758 55.627998352051 216 216 216
24.833711624146 15.260940551758 55.661003112793 203 203 203
24.818334579468 15.263710021973 55.696998596191 204 204 204
24.833711624146 15.260940551758 55.730003356934 217 217 217
24.833711624146 15.260940551758 55.763999938965 212 212 212
24.833711624146 15.260940551758 55.797004699707 209 209 209
24.850471496582 15.265861511230 55.831001281738 211 211 211
24.864467620850 15.255403518677 55.864997863770 205 205 205
24.864467620850 15.255403518677 55.899009704590 208 208 208
24.850471496582 15.265861511230 55.935005187988 207 207 207
24.864467620850 15.255403518677 55.968009948730 203 203 203
24.818334579468 15.263710021973 56.012001037598 74 74 74
24.987489700317 15.233255386353 56.178001403809 127 127 127
24.973493576050 15.243711471558 56.213996887207 173 173 173
24.973493576050 15.243711471558 56.249000549316 165 165 165
24.972110748291 15.236022949219 56.286003112793 107 107 107
24.958116531372 15.246480941772 56.325004577637 125 125 125
24.988872528076 15.240943908691 56.349006652832 132 132 132
24.987489700317 15.233255386353 56.387001037598 115 115 115
24.787578582764 15.269247055054 56.489997863770 112 112 112
24.818334579468 15.263710021973 56.515998840332 102 102 102
24.972110748291 15.236022949219 56.500007629395 101 101 101
25.078371047974 15.208953857422 56.499000549316 89 89 89
24.835876464844 15.625703811646 55.387001037598 121 121 121
24.837261199951 15.633392333984 55.420005798340 224 224 224
24.806507110596 15.638929367065 55.456001281738 227 227 227
24.806507110596 15.638929367065 55.491004943848 229 229 229
24.837261199951 15.633392333984 55.523002624512 220 220 220
24.835876464844 15.625703811646 55.558006286621 215 215 215
24.835876464844 15.625703811646 55.592002868652 217 217 217
24.835876464844 15.625703811646 55.625999450684 215 215 215
24.806507110596 15.638929367065 55.976997375488 186 186 186
24.806507110596 15.638929367065 56.012001037598 203 203 203
24.835876464844 15.625703811646 56.047004699707 197 197 197
24.806507110596 15.638929367065 56.084999084473 203 203 203
24.806507110596 15.638929367065 56.118995666504 208 208 208
24.835876464844 15.625703811646 56.153007507324 199 199 199
24.806507110596 15.638929367065 56.190010070801 192 192 192
24.888118743896 14.504962921143 56.151008605957 84 84 84
24.888118743896 14.504962921143 56.112998962402 136 136 136
24.858749389648 14.518188476563 56.077003479004 149 149 149
24.861516952515 14.533567428589 55.620002746582 41 41 41
24.876893997192 14.530797958374 55.579002380371 165 165 165
24.876893997192 14.530797958374 55.541999816895 158 158 158
24.876893997192 14.530797958374 55.504005432129 122 122 122
24.862901687622 14.541255950928 55.468009948730 59 59 59
24.451402664185 14.901113510132 55.080009460449 64 64 64
24.507377624512 14.859283447266 55.037010192871 143 143 143
24.533979415894 14.830678939819 54.996009826660 162 162 162
24.894439697266 14.892791748047 56.498008728027 76 76 76
24.743280410767 15.023202896118 56.506996154785 88 88 88
24.688690185547 15.072721481323 56.486000061035 102 102 102
24.869220733643 14.929084777832 56.034004211426 156 156 156
24.855228424072 14.939542770386 55.996009826660 169 169 169
24.855228424072 14.939542770386 55.959999084473 163 163 163
24.856611251831 14.947231292725 55.920005798340 174 174 174
24.842617034912 14.957689285278 55.881996154785 165 165 165
24.856611251831 14.947231292725 55.840995788574 167 167 167
24.856611251831 14.947231292725 55.803001403809 160 160 160
24.856611251831 14.947231292725 55.763999938965 167 167 167
24.856611251831 14.947231292725 55.726005554199 163 163 163
24.710990905762 15.108396530151 54.737007141113 154 154 154
24.737590789795 15.079792022705 54.698997497559 132 132 132
24.737590789795 15.079792022705 54.659996032715 122 122 122
24.709606170654 15.100708007813 54.621009826660 142 142 142
24.710990905762 15.108396530151 54.581001281738 161 161 161
24.712373733521 15.116085052490 54.541999816895 167 167 167
24.712373733521 15.116085052490 54.502998352051 185 185 185
24.891521453857 14.964759826660 54.474998474121 134 134 134
24.856611251831 14.947231292725 55.685997009277 129 129 129
24.856611251831 14.947231292725 55.647010803223 79 79 79
24.738975524902 15.087482452393 54.775001525879 107 107 107
25.079904556274 15.129297256470 56.506996154785 106 106 106
24.902141571045 15.288311004639 56.530998229980 95 95 95
24.874156951904 15.309225082397 56.502006530762 111 111 111
24.997329711914 15.199729919434 56.416999816895 95 95 95
25.025316238403 15.178815841675 56.373008728027 101 101 101
24.986104965210 15.225564956665 56.269004821777 114 114 114
24.984720230103 15.217876434326 56.226005554199 106 106 106
25.026700973511 15.186504364014 56.178001403809 139 139 139
24.834945678711 15.355976104736 56.077003479004 145 145 145
24.834945678711 15.355976104736 56.036003112793 163 163 163
24.834945678711 15.355976104736 55.997001647949 165 165 165
24.836330413818 15.363664627075 55.956001281738 184 184 184
24.822334289551 15.374122619629 55.918998718262 192 192 192
24.836330413818 15.363664627075 55.877998352051 172 172 172
24.822334289551 15.374122619629 55.840995788574 29 29 29
24.822334289551 15.374122619629 55.801002502441 82 82 82
24.836330413818 15.363664627075 55.761009216309 178 178 178
24.822334289551 15.374122619629 55.722999572754 200 200 200
24.822334289551 15.374122619629 55.685005187988 197 197 197
24.836330413818 15.363664627075 55.644004821777 191 191 191
24.823719024658 15.381811141968 55.606010437012 194 194 194
24.823719024658 15.381811141968 55.567008972168 167 167 167
24.830190658569 15.682294845581 55.388999938965 196 196 196
24.830190658569 15.682294845581 55.422996520996 229 229 229
24.830190658569 15.682294845581 55.457008361816 227 227 227
24.844182968140 15.671836853027 55.489006042480 218 218 218
24.844182968140 15.671836853027 55.524009704590 202 202 202
24.844182968140 15.671836853027 55.558006286621 213 213 213
24.844182968140 15.671836853027 55.592002868652 212 212 212
24.812044143677 15.669685363770 55.978996276855 162 162 162
24.812044143677 15.669685363770 56.013008117676 202 202 202
24.812044143677 15.669685363770 56.049003601074 197 197 197
24.826036453247 15.659227371216 56.084007263184 201 201 201
24.826036453247 15.659227371216 56.118995666504 208 208 208
24.842798233032 15.664148330688 56.153999328613 201 201 201
24.842798233032 15.664148330688 56.187995910645 199 199 199
24.707771301270 15.355056762695 54.596000671387 57 57 57
24.691007614136 15.350137710571 54.629997253418 164 164 164
24.707771301270 15.355056762695 54.664009094238 185 185 185
24.691007614136 15.350137710571 54.698005676270 189 189 189
24.691007614136 15.350137710571 54.732002258301 189 189 189
24.691007614136 15.350137710571 54.765007019043 187 187 187
24.691007614136 15.350137710571 54.799003601074 181 181 181
24.691007614136 15.350137710571 54.833000183105 181 181 181
24.691007614136 15.350137710571 54.866996765137 181 181 181
24.706386566162 15.347368240356 54.900001525879 159 159 159
24.737140655518 15.341831207275 54.931999206543 99 99 99
24.723148345947 15.352289199829 54.965995788574 111 111 111
24.721763610840 15.344600677490 55.000007629395 109 109 109
24.677015304565 15.360595703125 55.038002014160 177 177 177
24.691007614136 15.350137710571 55.071006774902 181 181 181
24.691007614136 15.350137710571 55.105003356934 185 185 185
24.691007614136 15.350137710571 55.138999938965 176 176 176
24.795883178711 15.315380096436 55.565010070801 62 62 62
24.842016220093 15.307073593140 55.594001770020 217 217 217
24.842016220093 15.307073593140 55.627998352051 216 216 216
24.842016220093 15.307073593140 55.662010192871 208 208 208
24.842016220093 15.307073593140 55.696006774902 214 214 214
24.811260223389 15.312610626221 55.731010437012 201 201 201
24.840633392334 15.299385070801 55.765007019043 211 211 211
24.842016220093 15.307073593140 55.797004699707 200 200 200
24.842016220093 15.307073593140 55.831001281738 213 213 213
24.842016220093 15.307073593140 55.866004943848 209 209 209
24.842016220093 15.307073593140 55.901008605957 205 205 205
24.842016220093 15.307073593140 55.935997009277 207 207 207
24.856010437012 15.296617507935 55.969001770020 198 198 198
24.842016220093 15.307073593140 56.004997253418 178 178 178
24.917522430420 15.285541534424 56.334007263184 34 34 34
24.963653564453 15.277236938477 56.357002258301 84 84 84
24.777736663818 15.302770614624 56.456001281738 125 125 125
24.794498443604 15.307691574097 56.484001159668 100 100 100
24.870004653931 15.286157608032 56.499000549316 88 88 88
25.037775039673 15.248014450073 56.472999572754 95 95 95
24.906898498535 14.961992263794 54.452003479004 72 72 72
24.845386505127 14.973066329956 54.483009338379 137 137 137
24.769882202148 14.994598388672 54.515007019043 160 160 160
24.723747253418 15.002904891968 54.547996520996 188 188 188
24.722364425659 14.995214462280 54.581001281738 191 191 191
24.708370208740 15.005672454834 54.614006042480 185 185 185
24.722364425659 14.995214462280 54.648002624512 188 188 188
24.753120422363 14.989677429199 54.680000305176 188 188 188
24.722364425659 14.995214462280 54.713996887207 181 181 181
24.720979690552 14.987525939941 54.747001647949 198 198 198
24.722364425659 14.995214462280 54.780998229980 195 195 195
24.753120422363 14.989677429199 54.812995910645 202 202 202
24.706987380981 14.997983932495 54.847999572754 176 176 176
24.753120422363 14.989677429199 54.879005432129 188 188 188
24.768499374390 14.986909866333 54.912010192871 148 148 148
24.768499374390 14.986909866333 54.944999694824 163 163 163
24.751735687256 14.981988906860 54.978996276855 176 176 176
24.753120422363 14.989677429199 55.013008117676 169 169 169
24.706987380981 14.997983932495 55.049003601074 184 184 184
24.706987380981 14.997983932495 55.083000183105 183 183 183
24.706987380981 14.997983932495 55.116996765137 181 181 181
24.720979690552 14.987525939941 55.149009704590 119 119 119
24.842617034912 14.957689285278 55.567008972168 66 66 66
24.871988296509 14.944461822510 55.596000671387 211 211 211
24.871988296509 14.944461822510 55.629997253418 214 214 214
24.856611251831 14.947231292725 55.665000915527 210 210 210
24.871988296509 14.944461822510 55.696998596191 205 205 205
24.871988296509 14.944461822510 55.730003356934 210 210 210
24.857995986938 14.954919815063 55.765998840332 207 207 207
24.856611251831 14.947231292725 55.799003601074 210 210 210
24.856611251831 14.947231292725 55.834007263184 218 218 218
24.856611251831 14.947231292725 55.868995666504 215 215 215
24.856611251831 14.947231292725 55.903007507324 217 217 217
24.856611251831 14.947231292725 55.937004089355 217 217 217
24.856611251831 14.947231292725 55.971000671387 213 213 213
24.856611251831 14.947231292725 56.006004333496 212 212 212
24.870605468750 14.936773300171 56.039009094238 139 139 139
24.746198654175 14.951234817505 56.427009582520 54 54 54
24.823087692261 14.937391281128 56.442008972168 102 102 102
24.884599685669 14.926317214966 56.454002380371 82 82 82
24.843219757080 14.608303070068 55.375007629395 69 69 69
24.873975753784 14.602766036987 55.405998229980 200 200 200
24.887968063354 14.592309951782 55.437004089355 218 218 218
24.887968063354 14.592309951782 55.470008850098 215 215 215
24.872591018677 14.595077514648 55.504997253418 215 215 215
24.887968063354 14.592309951782 55.536003112793 215 215 215
24.887968063354 14.592309951782 55.569007873535 210 210 210
24.887968063354 14.592309951782 55.601997375488 189 189 189
24.871208190918 14.587388992310 56.006004333496 186 186 186
24.869823455811 14.579700469971 56.040000915527 217 217 217
24.869823455811 14.579700469971 56.073997497559 215 215 215
24.871208190918 14.587388992310 56.107002258301 215 215 215
24.871208190918 14.587388992310 56.142005920410 208 208 208
24.871208190918 14.587388992310 56.177009582520 185 185 185
24.854444503784 14.582468032837 56.217002868652 18 18 18
24.826187133789 15.571880340576 56.166999816895 169 169 169
24.826187133789 15.571880340576 56.125999450684 173 173 173
24.826187133789 15.571880340576 56.086006164551 182 182 182
24.826187133789 15.571880340576 56.047004699707 194 194 194
24.812194824219 15.582338333130 56.006996154785 187 187 187
24.826187133789 15.571880340576 55.967002868652 153 153 153
24.812194824219 15.582338333130 55.651008605957 175 175 175
24.840181350708 15.561424255371 55.609001159668 207 207 207
24.826187133789 15.571880340576 55.571998596191 196 196 196
24.826187133789 15.571880340576 55.532997131348 172 172 172
24.826187133789 15.571880340576 55.493995666504 147 147 147
24.954265594482 15.048721313477 56.595008850098 100 100 100
25.008853912354 14.999202728271 56.534996032715 143 143 143
24.994861602783 15.009658813477 56.499000549316 143 143 143
24.952880859375 15.041032791138 56.474998474121 130 130 130
24.966873168945 15.030574798584 56.430000305176 117 117 117
24.954265594482 15.048721313477 56.398002624512 139 139 139
24.980867385864 15.020116806030 56.349006652832 148 148 148
24.954265594482 15.048721313477 56.321006774902 141 141 141
24.868919372559 15.103776931763 56.297004699707 126 126 126
24.898290634155 15.090551376343 56.254005432129 159 159 159
24.898290634155 15.090551376343 56.218009948730 180 180 180
24.898290634155 15.090551376343 56.177009582520 181 181 181
24.868919372559 15.103776931763 56.140007019043 180 180 180
24.898290634155 15.090551376343 56.099006652832 182 182 182
24.898290634155 15.090551376343 56.060997009277 184 184 184
24.868919372559 15.103776931763 56.022010803223 184 184 184
24.898290634155 15.090551376343 55.983009338379 188 188 188
24.884298324585 15.101009368896 55.944007873535 191 191 191
24.884298324585 15.101009368896 55.907005310059 188 188 188
24.884298324585 15.101009368896 55.868003845215 178 178 178
24.888450622559 15.124074935913 54.692008972168 196 196 196
24.913669586182 15.087781906128 54.655006408691 179 179 179
24.888450622559 15.124074935913 54.616004943848 204 204 204
24.889835357666 15.131763458252 53.659996032715 172 172 172
24.889835357666 15.131763458252 53.622001647949 177 177 177
24.889835357666 15.131763458252 53.584007263184 172 172 172
24.889835357666 15.131763458252 53.545005798340 166 166 166
24.889835357666 15.131763458252 53.506996154785 165 165 165
24.889835357666 15.131763458252 53.467002868652 168 168 168
24.889835357666 15.131763458252 53.426002502441 170 170 170
24.889835357666 15.131763458252 53.386009216309 166 166 166
24.889835357666 15.131763458252 53.347999572754 166 166 166
24.877223968506 15.149909973145 52.943000793457 152 152 152
24.877223968506 15.149909973145 52.901008605957 156 156 156
24.906597137451 15.136684417725 52.862998962402 160 160 160
24.903827667236 15.121307373047 52.825996398926 165 165 165
24.906597137451 15.136684417725 52.784004211426 161 161 161
24.903827667236 15.121307373047 52.743995666504 168 168 168
24.906597137451 15.136684417725 52.700004577637 167 167 167
24.903827667236 15.121307373047 52.663002014160 129 129 129
24.860464096069 15.144990921021 54.730003356934 58 58 58
24.846469879150 15.155447006226 54.578010559082 196 196 196
24.819868087769 15.184051513672 53.293006896973 118 118 118
24.862600326538 14.715948104858 56.177009582520 104 104 104
24.863985061646 14.723636627197 56.140998840332 178 178 178
24.863985061646 14.723636627197 56.103004455566 164 164 164
24.863985061646 14.723636627197 56.064002990723 176 176 176
24.863985061646 14.723636627197 56.026008605957 206 206 206
24.863985061646 14.723636627197 55.987007141113 202 202 202
24.863985061646 14.723636627197 55.948997497559 161 161 161
24.863985061646 14.723636627197 55.680000305176 164 164 164
24.862600326538 14.715948104858 55.640998840332 165 165 165
24.863985061646 14.723636627197 55.603996276855 166 166 166
24.863985061646 14.723636627197 55.566001892090 162 162 162
24.863985061646 14.723636627197 55.528007507324 168 168 168
24.863985061646 14.723636627197 55.491004943848 163 163 163
24.863985061646 14.723636627197 55.453010559082 27 27 27
24.697446823120 14.856815338135 55.125999450684 134 134 134
24.698831558228 14.864503860474 55.088005065918 147 147 147
24.697446823120 14.856815338135 55.047996520996 147 147 147
24.697446823120 14.856815338135 55.010002136230 150 150 150
24.697446823120 14.856815338135 54.971000671387 158 158 158
24.697446823120 14.856815338135 54.933006286621 161 161 161
24.697446823120 14.856815338135 54.894004821777 161 161 161
24.697446823120 14.856815338135 54.855003356934 164 164 164
24.697446823120 14.856815338135 54.817008972168 165 165 165
24.726818084717 14.843589782715 54.778007507324 159 159 159
24.698831558228 14.864503860474 54.739006042480 134 134 134
24.616254806519 14.934938430786 54.700004577637 75 75 75
24.825887680054 15.746574401855 55.510002136230 158 158 158
24.824502944946 15.738883972168 55.547996520996 203 203 203
24.824502944946 15.738883972168 55.586997985840 104 104 104
24.790977478027 15.729043960571 56.021003723145 76 76 76
24.821735382080 15.723506927490 56.056999206543 212 212 212
24.821735382080 15.723506927490 56.097007751465 197 197 197
24.806354522705 15.726276397705 56.138999938965 166 166 166
24.681167602539 15.383661270142 54.680000305176 149 149 149
24.679782867432 15.375972747803 54.719001770020 186 186 186
24.679782867432 15.375972747803 54.758003234863 190 190 190
24.663019180298 15.371053695679 54.795997619629 184 184 184
24.663019180298 15.371053695679 54.834999084473 184 184 184
24.663019180298 15.371053695679 54.874000549316 185 185 185
24.663019180298 15.371053695679 54.913002014160 186 186 186
24.695159912109 15.373205184937 54.950996398926 147 147 147
24.679782867432 15.375972747803 54.989997863770 145 145 145
24.663019180298 15.371053695679 55.028999328613 180 180 180
24.663019180298 15.371053695679 55.068000793457 180 180 180
24.663019180298 15.371053695679 55.107002258301 184 184 184
24.663019180298 15.371053695679 55.146003723145 178 178 178
24.815263748169 15.423023223877 55.519996643066 52 52 52
24.830640792847 15.420255661011 55.556999206543 198 198 198
24.830640792847 15.420255661011 55.596000671387 199 199 199
24.815263748169 15.423023223877 55.635002136230 205 205 205
24.830640792847 15.420255661011 55.672004699707 210 210 210
24.830640792847 15.420255661011 55.711006164551 199 199 199
24.829256057739 15.412567138672 55.750007629395 201 201 201
24.830640792847 15.420255661011 55.788002014160 96 96 96
24.830640792847 15.420255661011 55.864997863770 195 195 195
24.830640792847 15.420255661011 55.903007507324 219 219 219
24.830640792847 15.420255661011 55.942008972168 214 214 214
24.830640792847 15.420255661011 55.980003356934 212 212 212
24.830640792847 15.420255661011 56.019004821777 214 214 214
24.830640792847 15.420255661011 56.058998107910 216 216 216
24.829256057739 15.412567138672 56.097999572754 146 146 146
24.976413726807 15.171743392944 52.642997741699 91 91 91
24.945657730103 15.177280426025 52.676002502441 167 167 167
24.945657730103 15.177280426025 52.718009948730 167 167 167
24.945657730103 15.177280426025 52.761009216309 164 164 164
24.945657730103 15.177280426025 52.801002502441 164 164 164
24.944274902344 15.169591903687 52.836997985840 169 169 169
24.945657730103 15.177280426025 52.879997253418 163 163 163
24.924743652344 15.149293899536 53.346000671387 157 157 157
24.958267211914 15.159133911133 53.392005920410 177 177 177
24.958267211914 15.159133911133 53.430000305176 175 175 175
24.958267211914 15.159133911133 53.468009948730 176 176 176
24.958267211914 15.159133911133 53.506996154785 175 175 175
24.959651947021 15.166822433472 53.545997619629 179 179 179
24.959651947021 15.166822433472 53.584007263184 177 177 177
24.958267211914 15.159133911133 53.622001647949 179 179 179
24.958267211914 15.159133911133 53.659996032715 177 177 177
24.958267211914 15.159133911133 53.696998596191 181 181 181
24.958267211914 15.159133911133 53.736000061035 182 182 182
24.959651947021 15.166822433472 53.774009704590 182 182 182
24.958267211914 15.159133911133 53.810997009277 180 180 180
24.958267211914 15.159133911133 53.849006652832 181 181 181
24.959651947021 15.166822433472 53.887001037598 179 179 179
24.959651947021 15.166822433472 53.924003601074 181 181 181
24.958267211914 15.159133911133 53.961006164551 182 182 182
24.958267211914 15.159133911133 53.999000549316 182 182 182
24.958267211914 15.159133911133 54.036003112793 186 186 186
24.958267211914 15.159133911133 54.073005676270 185 185 185
24.959651947021 15.166822433472 54.111000061035 188 188 188
24.958267211914 15.159133911133 54.147010803223 189 189 189
24.973646163940 15.156366348267 54.185005187988 189 189 189
24.958267211914 15.159133911133 54.221000671387 187 187 187
24.972261428833 15.148677825928 54.259010314941 187 187 187
24.973646163940 15.156366348267 54.295997619629 187 187 187
24.973646163940 15.156366348267 54.332008361816 194 194 194
24.973646163940 15.156366348267 54.368995666504 190 190 190
24.973646163940 15.156366348267 54.405998229980 188 188 188
24.973646163940 15.156366348267 54.443000793457 186 186 186
24.973646163940 15.156366348267 54.480003356934 191 191 191
24.973646163940 15.156366348267 54.515998840332 184 184 184
24.972261428833 15.148677825928 54.553001403809 183 183 183
24.972261428833 15.148677825928 54.588996887207 187 187 187
24.972261428833 15.148677825928 54.625999450684 185 185 185
24.973646163940 15.156366348267 54.663002014160 188 188 188
24.972261428833 15.148677825928 54.698997497559 189 189 189
24.972261428833 15.148677825928 54.736000061035 194 194 194
24.972261428833 15.148677825928 54.772010803223 194 194 194
24.973646163940 15.156366348267 54.808998107910 192 192 192
24.973646163940 15.156366348267 54.845008850098 200 200 200
24.973646163940 15.156366348267 54.881996154785 219 219 219
24.973646163940 15.156366348267 54.918006896973 211 211 211
24.973646163940 15.156366348267 54.955009460449 204 204 204
24.987638473511 15.145908355713 54.991004943848 204 204 204
24.972261428833 15.148677825928 55.028007507324 207 207 207
24.973646163940 15.156366348267 55.065010070801 198 198 198
24.972261428833 15.148677825928 55.101005554199 202 202 202
24.972261428833 15.148677825928 55.138008117676 201 201 201
24.972261428833 15.148677825928 55.174003601074 195 195 195
24.972261428833 15.148677825928 55.211006164551 194 194 194
24.987638473511 15.145908355713 55.247001647949 192 192 192
24.987638473511 15.145908355713 55.284004211426 189 189 189
24.986253738403 15.138219833374 55.321006774902 184 184 184
24.987638473511 15.145908355713 55.357002258301 184 184 184
24.987638473511 15.145908355713 55.394004821777 181 181 181
24.986253738403 15.138219833374 55.431999206543 184 184 184
24.986253738403 15.138219833374 55.468009948730 179 179 179
24.986253738403 15.138219833374 55.504997253418 181 181 181
24.986253738403 15.138219833374 55.541999816895 177 177 177
24.986253738403 15.138219833374 55.579002380371 177 177 177
24.987638473511 15.145908355713 55.614997863770 177 177 177
24.986253738403 15.138219833374 55.653007507324 177 177 177
24.987638473511 15.145908355713 55.689002990723 176 176 176
24.987638473511 15.145908355713 55.726005554199 175 175 175
24.986253738403 15.138219833374 55.763999938965 174 174 174
24.987638473511 15.145908355713 55.800010681152 174 174 174
24.986253738403 15.138219833374 55.838996887207 172 172 172
24.987638473511 15.145908355713 55.875007629395 179 179 179
24.986253738403 15.138219833374 55.913002014160 181 181 181
24.987638473511 15.145908355713 55.950004577637 179 179 179
24.986253738403 15.138219833374 55.987998962402 177 177 177
24.986253738403 15.138219833374 56.026008605957 178 178 178
24.986253738403 15.138219833374 56.064002990723 177 177 177
24.987638473511 15.145908355713 56.101005554199 179 179 179
25.001630783081 15.135450363159 56.138999938965 171 171 171
25.001630783081 15.135450363159 56.177009582520 168 168 168
25.001630783081 15.135450363159 56.215003967285 179 179 179
25.003015518188 15.143138885498 56.249000549316 188 188 188
24.968109130859 15.125610351563 56.295997619629 161 161 161
25.001630783081 15.135450363159 56.330009460449 137 137 137
25.035156250000 15.145290374756 56.359001159668 154 154 154
24.968109130859 15.125610351563 56.412010192871 132 132 132
25.001630783081 15.135450363159 56.444007873535 110 110 110
24.998863220215 15.120073318481 56.487007141113 123 123 123
25.070064544678 15.162820816040 56.500007629395 137 137 137
25.036540985107 15.152978897095 56.549003601074 133 133 133
25.001630783081 15.135450363159 56.601005554199 53 53 53
24.858297348022 14.780227661133 55.482002258301 117 117 117
24.872289657593 14.769769668579 55.519004821777 218 218 218
24.841533660889 14.775306701660 55.558006286621 218 218 218
24.872289657593 14.769769668579 55.594001770020 217 217 217
24.858297348022 14.780227661133 55.631996154785 218 218 218
24.872289657593 14.769769668579 55.668998718262 217 217 217
24.872289657593 14.769769668579 55.706001281738 212 212 212
24.870906829834 14.762081146240 55.933998107910 198 198 198
24.870906829834 14.762081146240 55.971000671387 218 218 218
24.872289657593 14.769769668579 56.008003234863 219 219 219
24.870906829834 14.762081146240 56.047996520996 208 208 208
24.870906829834 14.762081146240 56.086006164551 209 209 209
24.870906829834 14.762081146240 56.124000549316 205 205 205
24.870906829834 14.762081146240 56.163002014160 168 168 168
