21.812500000000 14.000000000000 5.524017333984 65 65 65
21.875000000000 14.125000000000 6.190002441406 86 86 86
21.875000000000 14.125000000000 6.106018066406 157 157 157
21.875000000000 14.125000000000 6.022003173828 110 110 110
21.812500000000 14.250000000000 5.609008789063 180 180 180
21.812500000000 14.250000000000 5.529022216797 171 171 171
21.812500000000 14.250000000000 5.448028564453 165 165 165
21.875000000000 14.375000000000 6.193023681641 58 58 58
21.875000000000 14.250000000000 6.111999511719 153 153 153
21.875000000000 14.375000000000 6.028015136719 189 189 189
21.875000000000 14.375000000000 5.944000244141 136 136 136
21.812500000000 14.375000000000 5.695007324219 156 156 156
21.812500000000 14.375000000000 5.615020751953 180 180 180
21.812500000000 14.375000000000 5.533020019531 182 182 182
21.875000000000 14.375000000000 6.030029296875 152 152 152
21.875000000000 14.375000000000 5.947021484375 180 180 180
21.875000000000 14.375000000000 5.867004394531 158 158 158
21.812500000000 14.500000000000 5.780029296875 64 64 64
21.812500000000 14.500000000000 5.700012207031 193 193 193
21.812500000000 14.500000000000 5.618011474609 179 179 179
21.812500000000 14.500000000000 5.538024902344 54 54 54
21.625000000000 14.625000000000 3.563018798828 72 72 72
21.625000000000 14.625000000000 3.483001708984 65 65 65
21.625000000000 14.625000000000 3.400024414063 70 70 70
21.625000000000 14.625000000000 3.315002441406 75 75 75
21.625000000000 14.625000000000 3.236022949219 104 104 104
21.687500000000 14.625000000000 3.140014648438 185 185 185
21.687500000000 14.625000000000 3.069000244141 117 117 117
21.687500000000 14.625000000000 2.984008789063 91 91 91
21.687500000000 14.625000000000 2.896026611328 96 96 96
21.687500000000 14.625000000000 2.792999267578 159 159 159
21.875000000000 14.625000000000 5.951019287109 151 151 151
21.875000000000 14.625000000000 5.869018554688 150 150 150
21.875000000000 14.625000000000 5.786010742188 168 168 168
21.812500000000 14.625000000000 5.703002929688 182 182 182
21.812500000000 14.625000000000 5.622009277344 145 145 145
21.687500000000 14.750000000000 5.374023437500 40 40 40
21.687500000000 14.750000000000 5.295013427734 76 76 76
21.687500000000 14.750000000000 5.216003417969 55 55 55
21.687500000000 14.750000000000 5.138000488281 72 72 72
21.687500000000 14.750000000000 5.059020996094 78 78 78
21.687500000000 14.750000000000 4.981018066406 104 104 104
21.687500000000 14.750000000000 4.902008056641 111 111 111
21.687500000000 14.750000000000 4.824005126953 124 124 124
21.687500000000 14.750000000000 4.746002197266 109 109 109
21.687500000000 14.750000000000 4.667022705078 103 103 103
21.687500000000 14.750000000000 4.588012695313 107 107 107
21.687500000000 14.750000000000 4.510009765625 109 109 109
21.687500000000 14.750000000000 4.430999755859 122 122 122
21.687500000000 14.750000000000 4.350006103516 103 103 103
21.687500000000 14.750000000000 4.270019531250 116 116 116
21.687500000000 14.750000000000 4.187011718750 137 137 137
21.750000000000 14.625000000000 4.106018066406 130 130 130
21.687500000000 14.750000000000 4.026000976563 141 141 141
21.687500000000 14.750000000000 3.945007324219 145 145 145
21.687500000000 14.750000000000 3.865020751953 146 146 146
21.687500000000 14.750000000000 3.784027099609 142 142 142
21.687500000000 14.750000000000 3.702026367188 155 155 155
21.687500000000 14.750000000000 3.622009277344 131 131 131
21.687500000000 14.750000000000 3.541015625000 98 98 98
21.687500000000 14.750000000000 3.458007812500 102 102 102
21.687500000000 14.750000000000 3.380004882813 99 99 99
21.687500000000 14.750000000000 3.291015625000 79 79 79
21.687500000000 14.750000000000 3.206024169922 48 48 48
21.812500000000 14.750000000000 6.347015380859 17 17 17
21.812500000000 14.750000000000 6.266021728516 117 117 117
21.812500000000 14.750000000000 6.185028076172 118 118 118
21.812500000000 14.750000000000 6.106018066406 107 107 107
21.812500000000 14.750000000000 6.024017333984 111 111 111
21.812500000000 14.750000000000 5.945007324219 131 131 131
21.812500000000 14.750000000000 5.863006591797 135 135 135
21.812500000000 14.750000000000 5.783020019531 141 141 141
21.812500000000 14.750000000000 5.702026367188 138 138 138
21.812500000000 14.750000000000 5.622009277344 139 139 139
21.812500000000 14.750000000000 5.541015625000 138 138 138
21.812500000000 14.750000000000 5.461029052734 154 154 154
21.812500000000 14.750000000000 5.381011962891 157 157 157
21.812500000000 14.750000000000 5.300018310547 123 123 123
21.812500000000 14.750000000000 5.220001220703 113 113 113
21.812500000000 14.750000000000 5.140014648438 107 107 107
21.812500000000 14.750000000000 5.060028076172 82 82 82
21.812500000000 14.750000000000 4.980010986328 81 81 81
21.812500000000 14.750000000000 4.901000976563 46 46 46
21.875000000000 14.750000000000 5.952026367188 157 157 157
21.875000000000 14.750000000000 5.869018554688 159 159 159
21.812500000000 14.875000000000 5.788024902344 161 161 161
21.875000000000 14.750000000000 5.707000732422 149 149 149
21.875000000000 14.750000000000 5.626007080078 155 155 155
21.875000000000 15.000000000000 6.034027099609 135 135 135
21.875000000000 15.000000000000 5.953002929688 163 163 163
21.875000000000 15.000000000000 5.871002197266 160 160 160
21.875000000000 15.000000000000 5.708007812500 155 155 155
21.875000000000 15.000000000000 5.627014160156 154 154 154
21.875000000000 15.000000000000 5.545013427734 155 155 155
21.875000000000 15.125000000000 6.116027832031 68 68 68
21.875000000000 15.125000000000 6.035003662109 162 162 162
21.875000000000 15.125000000000 5.953002929688 159 159 159
21.875000000000 15.125000000000 5.871002197266 65 65 65
21.875000000000 15.125000000000 5.627014160156 154 154 154
21.875000000000 15.125000000000 5.546020507813 156 156 156
21.875000000000 15.125000000000 5.465026855469 162 162 162
21.875000000000 15.250000000000 6.118011474609 200 200 200
21.875000000000 15.250000000000 6.035003662109 199 199 199
21.875000000000 15.250000000000 5.954010009766 120 120 120
21.875000000000 15.250000000000 5.546020507813 168 168 168
21.875000000000 15.250000000000 5.465026855469 169 169 169
21.875000000000 15.250000000000 5.384002685547 123 123 123
21.875000000000 15.375000000000 6.040008544922 36 36 36
21.812500000000 14.125000000000 5.550018310547 194 194 194
21.937500000000 14.250000000000 6.215026855469 201 201 201
21.937500000000 14.250000000000 6.143005371094 222 222 222
21.937500000000 14.250000000000 6.067016601563 221 221 221
21.937500000000 14.250000000000 5.994018554688 200 200 200
21.812500000000 14.250000000000 5.627014160156 222 222 222
21.812500000000 14.250000000000 5.555023193359 205 205 205
21.812500000000 14.250000000000 5.485015869141 227 227 227
21.812500000000 14.250000000000 5.414001464844 182 182 182
21.937500000000 14.375000000000 6.145019531250 179 179 179
21.937500000000 14.375000000000 6.071014404297 221 221 221
21.937500000000 14.375000000000 5.997009277344 213 213 213
21.937500000000 14.375000000000 5.924011230469 219 219 219
21.812500000000 14.375000000000 5.703002929688 206 206 206
21.812500000000 14.375000000000 5.630004882813 194 194 194
21.812500000000 14.375000000000 5.560028076172 225 225 225
21.812500000000 14.375000000000 5.489013671875 205 205 205
21.812500000000 14.500000000000 6.070007324219 100 100 100
21.812500000000 14.500000000000 5.997009277344 220 220 220
21.812500000000 14.500000000000 5.925018310547 217 217 217
21.812500000000 14.500000000000 5.852020263672 221 221 221
21.812500000000 14.500000000000 5.777008056641 187 187 187
21.812500000000 14.500000000000 5.705017089844 208 208 208
21.812500000000 14.500000000000 5.634002685547 193 193 193
21.812500000000 14.500000000000 5.563018798828 213 213 213
21.687500000000 14.500000000000 2.749023437500 121 121 121
21.812500000000 14.625000000000 5.926025390625 219 219 219
21.812500000000 14.625000000000 5.854003906250 225 225 225
21.812500000000 14.625000000000 5.781005859375 225 225 225
21.812500000000 14.625000000000 5.708007812500 226 226 226
21.812500000000 14.625000000000 5.636016845703 223 223 223
21.812500000000 14.625000000000 5.212005615234 71 71 71
21.812500000000 14.625000000000 5.143005371094 97 97 97
21.812500000000 14.625000000000 5.073028564453 111 111 111
21.812500000000 14.625000000000 5.004028320313 131 131 131
21.812500000000 14.625000000000 4.935028076172 150 150 150
21.812500000000 14.625000000000 4.866027832031 154 154 154
21.812500000000 14.625000000000 4.797027587891 212 212 212
21.812500000000 14.625000000000 4.728027343750 169 169 169
21.812500000000 14.625000000000 4.659027099609 179 179 179
21.812500000000 14.625000000000 4.590026855469 223 223 223
21.750000000000 14.625000000000 4.522003173828 190 190 190
21.750000000000 14.625000000000 4.453002929688 193 193 193
21.750000000000 14.625000000000 4.385009765625 188 188 188
21.750000000000 14.625000000000 4.316009521484 191 191 191
21.750000000000 14.625000000000 4.248016357422 194 194 194
21.750000000000 14.625000000000 4.179016113281 196 196 196
21.750000000000 14.625000000000 4.110015869141 204 204 204
21.750000000000 14.625000000000 4.039001464844 200 200 200
21.750000000000 14.625000000000 3.969024658203 238 238 238
21.750000000000 14.625000000000 3.899017333984 240 240 240
21.750000000000 14.625000000000 3.830017089844 232 232 232
21.750000000000 14.625000000000 3.759002685547 243 243 243
21.687500000000 14.750000000000 3.693023681641 223 223 223
21.687500000000 14.625000000000 3.629028320313 189 189 189
21.687500000000 14.750000000000 3.552001953125 227 227 227
21.687500000000 14.625000000000 3.496002197266 90 90 90
21.687500000000 14.625000000000 3.420013427734 96 96 96
21.687500000000 14.625000000000 3.348022460938 116 116 116
21.687500000000 14.625000000000 3.277008056641 125 125 125
21.687500000000 14.625000000000 3.201019287109 135 135 135
21.687500000000 14.625000000000 3.128021240234 166 166 166
21.687500000000 14.625000000000 3.064025878906 158 158 158
21.687500000000 14.625000000000 2.988006591797 152 152 152
21.687500000000 14.625000000000 2.913024902344 138 138 138
21.687500000000 14.625000000000 2.836029052734 116 116 116
21.687500000000 14.625000000000 2.770019531250 83 83 83
21.812500000000 14.750000000000 6.277008056641 159 159 159
21.812500000000 14.750000000000 6.209014892578 132 132 132
21.812500000000 14.750000000000 6.137023925781 154 154 154
21.812500000000 14.750000000000 6.058013916016 161 161 161
21.812500000000 14.750000000000 5.989013671875 175 175 175
21.812500000000 14.750000000000 5.908020019531 208 208 208
21.812500000000 14.750000000000 5.848999023438 165 165 165
21.812500000000 14.750000000000 5.779022216797 176 176 176
21.812500000000 14.750000000000 5.702026367188 178 178 178
21.812500000000 14.750000000000 5.634002685547 168 168 168
21.812500000000 14.750000000000 5.564025878906 170 170 170
21.812500000000 14.750000000000 5.494018554688 163 163 163
21.812500000000 14.750000000000 5.423004150391 167 167 167
21.812500000000 14.750000000000 5.353027343750 168 168 168
21.812500000000 14.750000000000 5.283020019531 166 166 166
21.812500000000 14.750000000000 5.214019775391 159 159 159
21.812500000000 14.750000000000 5.143005371094 140 140 140
21.812500000000 14.750000000000 5.074005126953 131 131 131
21.812500000000 14.750000000000 5.005004882813 96 96 96
21.812500000000 14.875000000000 4.935028076172 54 54 54
21.937500000000 14.875000000000 5.999023437500 90 90 90
21.937500000000 14.875000000000 5.927001953125 224 224 224
21.937500000000 14.875000000000 5.853027343750 221 221 221
21.937500000000 14.875000000000 5.783020019531 209 209 209
21.937500000000 14.875000000000 5.713012695313 230 230 230
21.937500000000 14.875000000000 5.641021728516 240 240 240
21.937500000000 14.875000000000 5.569000244141 220 220 220
21.937500000000 15.000000000000 6.080017089844 16 16 16
21.812500000000 15.000000000000 6.000000000000 220 220 220
21.812500000000 15.000000000000 5.927001953125 217 217 217
21.812500000000 15.000000000000 5.855010986328 222 222 222
21.812500000000 15.000000000000 5.712005615234 220 220 220
21.812500000000 15.000000000000 5.641021728516 234 234 234
21.812500000000 15.000000000000 5.570007324219 235 235 235
21.812500000000 15.000000000000 5.498016357422 232 232 232
21.812500000000 15.125000000000 6.075012207031 214 214 214
21.812500000000 15.125000000000 6.001007080078 220 220 220
21.812500000000 15.125000000000 5.930023193359 224 224 224
21.812500000000 15.125000000000 5.644012451172 164 164 164
21.812500000000 15.125000000000 5.571014404297 240 240 240
21.812500000000 15.125000000000 5.501007080078 238 238 238
21.812500000000 15.125000000000 5.430023193359 240 240 240
21.875000000000 15.250000000000 6.149017333984 194 194 194
21.875000000000 15.250000000000 6.077026367188 218 218 218
21.875000000000 15.250000000000 6.004028320313 223 223 223
21.875000000000 15.250000000000 5.503021240234 234 234 234
21.812500000000 15.250000000000 5.430999755859 209 209 209
21.812500000000 14.125000000000 5.490020751953 89 89 89
21.812500000000 14.125000000000 5.572021484375 176 176 176
21.875000000000 14.125000000000 6.071014404297 170 170 170
21.875000000000 14.125000000000 6.155029296875 141 141 141
21.812500000000 14.250000000000 5.492004394531 147 147 147
21.812500000000 14.250000000000 5.573028564453 184 184 184
21.812500000000 14.250000000000 5.655029296875 154 154 154
21.875000000000 14.375000000000 5.988006591797 172 172 172
21.875000000000 14.375000000000 6.072021484375 179 179 179
21.875000000000 14.375000000000 6.156005859375 169 169 169
21.812500000000 14.375000000000 5.575012207031 196 196 196
21.875000000000 14.375000000000 5.657012939453 198 198 198
21.875000000000 14.375000000000 5.740020751953 123 123 123
21.875000000000 14.375000000000 5.906005859375 185 185 185
21.875000000000 14.375000000000 5.989013671875 186 186 186
21.875000000000 14.375000000000 6.073028564453 169 169 169
21.812500000000 14.500000000000 5.577026367188 65 65 65
21.875000000000 14.500000000000 5.659027099609 198 198 198
21.875000000000 14.500000000000 5.742004394531 197 197 197
21.875000000000 14.500000000000 5.825012207031 161 161 161
21.875000000000 14.500000000000 5.908020019531 167 167 167
21.875000000000 14.500000000000 5.992004394531 168 168 168
21.625000000000 14.625000000000 2.759002685547 115 115 115
21.687500000000 14.625000000000 2.836029052734 130 130 130
21.687500000000 14.625000000000 2.914001464844 137 137 137
21.687500000000 14.625000000000 2.994018554688 155 155 155
21.687500000000 14.625000000000 3.081024169922 146 146 146
21.687500000000 14.625000000000 3.164001464844 140 140 140
21.687500000000 14.625000000000 3.246002197266 147 147 147
21.750000000000 14.625000000000 3.329010009766 150 150 150
21.750000000000 14.625000000000 3.413024902344 150 150 150
21.750000000000 14.625000000000 3.492004394531 152 152 152
21.750000000000 14.625000000000 3.573028564453 164 164 164
21.750000000000 14.625000000000 3.653015136719 165 165 165
21.750000000000 14.625000000000 3.736999511719 167 167 167
21.750000000000 14.625000000000 3.817016601563 161 161 161
21.750000000000 14.625000000000 3.898010253906 164 164 164
21.750000000000 14.625000000000 3.979003906250 165 165 165
21.750000000000 14.625000000000 4.059020996094 166 166 166
21.750000000000 14.625000000000 4.138000488281 165 165 165
21.750000000000 14.625000000000 4.219024658203 156 156 156
21.750000000000 14.625000000000 4.299011230469 154 154 154
21.750000000000 14.625000000000 4.379028320313 149 149 149
21.750000000000 14.625000000000 4.459014892578 143 143 143
21.750000000000 14.625000000000 4.539001464844 138 138 138
21.750000000000 14.625000000000 4.618011474609 137 137 137
21.812500000000 14.625000000000 4.698028564453 138 138 138
21.812500000000 14.625000000000 4.778015136719 145 145 145
21.812500000000 14.625000000000 4.858001708984 133 133 133
21.812500000000 14.625000000000 4.937011718750 155 155 155
21.812500000000 14.625000000000 5.017028808594 141 141 141
21.812500000000 14.625000000000 5.097015380859 135 135 135
21.812500000000 14.625000000000 5.177001953125 135 135 135
21.812500000000 14.625000000000 5.257019042969 136 136 136
21.812500000000 14.625000000000 5.338012695313 128 128 128
21.812500000000 14.625000000000 5.417999267578 125 125 125
21.812500000000 14.625000000000 5.499023437500 143 143 143
21.812500000000 14.625000000000 5.579010009766 123 123 123
21.812500000000 14.625000000000 5.662017822266 163 163 163
21.875000000000 14.750000000000 5.744018554688 158 158 158
21.812500000000 14.625000000000 5.825012207031 153 153 153
21.875000000000 14.750000000000 5.910003662109 158 158 158
21.875000000000 14.750000000000 5.990020751953 120 120 120
21.875000000000 14.750000000000 6.072021484375 115 115 115
21.812500000000 14.625000000000 6.153015136719 107 107 107
21.875000000000 14.750000000000 6.238006591797 115 115 115
21.875000000000 14.750000000000 6.323028564453 108 108 108
21.625000000000 14.750000000000 2.777008056641 43 43 43
21.625000000000 14.625000000000 4.317016601563 23 23 23
21.687500000000 14.750000000000 4.393005371094 39 39 39
21.687500000000 14.750000000000 4.472015380859 52 52 52
21.687500000000 14.750000000000 4.551025390625 63 63 63
21.687500000000 14.750000000000 4.628021240234 64 64 64
21.687500000000 14.750000000000 4.707000732422 77 77 77
21.687500000000 14.750000000000 4.785003662109 80 80 80
21.687500000000 14.750000000000 4.863006591797 78 78 78
21.687500000000 14.750000000000 4.942016601563 78 78 78
21.687500000000 14.750000000000 5.020019531250 81 81 81
21.687500000000 14.750000000000 5.098999023438 68 68 68
21.687500000000 14.750000000000 5.178009033203 63 63 63
21.687500000000 14.750000000000 5.257019042969 77 77 77
21.687500000000 14.750000000000 5.336029052734 76 76 76
21.687500000000 14.750000000000 5.415008544922 80 80 80
21.687500000000 14.750000000000 5.493011474609 76 76 76
21.750000000000 14.750000000000 5.575012207031 85 85 85
21.812500000000 14.875000000000 5.662017822266 143 143 143
21.812500000000 14.750000000000 5.739013671875 152 152 152
21.812500000000 14.875000000000 5.824005126953 137 137 137
21.812500000000 14.750000000000 5.900024414063 164 164 164
21.750000000000 14.750000000000 5.978027343750 85 85 85
21.812500000000 14.750000000000 6.060028076172 79 79 79
21.812500000000 14.750000000000 6.144012451172 81 81 81
21.812500000000 14.750000000000 6.223999023438 85 85 85
21.812500000000 14.750000000000 6.308013916016 87 87 87
21.875000000000 14.875000000000 5.590026855469 154 154 154
21.875000000000 14.875000000000 5.672027587891 160 160 160
21.875000000000 14.875000000000 5.754028320313 157 157 157
21.875000000000 14.875000000000 5.834014892578 146 146 146
21.875000000000 14.875000000000 5.917022705078 153 153 153
21.875000000000 15.000000000000 6.000000000000 149 149 149
21.875000000000 15.125000000000 5.511016845703 152 152 152
21.875000000000 15.125000000000 5.593017578125 160 160 160
21.875000000000 15.125000000000 5.673004150391 150 150 150
21.875000000000 15.125000000000 5.917999267578 151 151 151
21.875000000000 15.125000000000 6.001007080078 156 156 156
21.875000000000 15.125000000000 6.082000732422 139 139 139
21.875000000000 15.250000000000 5.352020263672 23 23 23
21.875000000000 15.250000000000 5.433013916016 155 155 155
21.875000000000 15.250000000000 5.513000488281 200 200 200
21.875000000000 15.250000000000 5.595001220703 131 131 131
21.875000000000 15.250000000000 6.002014160156 197 197 197
21.875000000000 15.250000000000 6.087005615234 189 189 189
21.875000000000 15.250000000000 6.173004150391 113 113 113
21.875000000000 15.375000000000 5.515014648438 73 73 73
21.875000000000 15.375000000000 6.004028320313 73 73 73
21.812500000000 15.250000000000 6.084014892578 63 63 63
21.812500000000 15.250000000000 5.429016113281 153 153 153
21.812500000000 15.250000000000 5.509002685547 205 205 205
21.812500000000 15.250000000000 5.590026855469 114 114 114
21.812500000000 15.250000000000 5.998016357422 194 194 194
21.875000000000 15.250000000000 6.082000732422 178 178 178
21.875000000000 15.250000000000 6.165008544922 148 148 148
21.812500000000 15.125000000000 5.426025390625 16 16 16
21.812500000000 15.125000000000 5.507019042969 156 156 156
21.875000000000 15.125000000000 5.589019775391 163 163 163
21.812500000000 15.125000000000 5.667999267578 152 152 152
21.812500000000 15.125000000000 5.913024902344 149 149 149
21.812500000000 15.125000000000 5.995025634766 153 153 153
21.875000000000 15.125000000000 6.079010009766 152 152 152
21.812500000000 14.875000000000 5.584014892578 159 159 159
21.812500000000 14.875000000000 5.666015625000 161 161 161
21.875000000000 14.875000000000 5.748016357422 165 165 165
21.812500000000 14.875000000000 5.828002929688 142 142 142
21.812500000000 14.875000000000 5.909027099609 149 149 149
21.875000000000 14.875000000000 5.993011474609 147 147 147
21.625000000000 14.625000000000 4.312011718750 23 23 23
21.625000000000 14.750000000000 4.390014648438 50 50 50
21.625000000000 14.750000000000 4.468017578125 64 64 64
21.625000000000 14.750000000000 4.546020507813 68 68 68
21.625000000000 14.750000000000 4.624023437500 74 74 74
21.625000000000 14.750000000000 4.702026367188 79 79 79
21.625000000000 14.750000000000 4.781005859375 78 78 78
21.687500000000 14.750000000000 4.859008789063 78 78 78
21.687500000000 14.750000000000 4.937011718750 73 73 73
21.687500000000 14.750000000000 5.015014648438 77 77 77
21.687500000000 14.750000000000 5.094024658203 74 74 74
21.687500000000 14.750000000000 5.173004150391 74 74 74
21.687500000000 14.750000000000 5.252014160156 83 83 83
21.687500000000 14.750000000000 5.330017089844 79 79 79
21.687500000000 14.750000000000 5.410003662109 86 86 86
21.687500000000 14.750000000000 5.489013671875 83 83 83
21.687500000000 14.750000000000 5.569000244141 95 95 95
21.750000000000 14.750000000000 5.655029296875 137 137 137
21.750000000000 14.750000000000 5.731018066406 168 168 168
21.750000000000 14.750000000000 5.815002441406 137 137 137
21.750000000000 14.750000000000 5.891021728516 173 173 173
21.750000000000 14.750000000000 5.973022460938 95 95 95
21.750000000000 14.750000000000 6.054016113281 101 101 101
21.750000000000 14.750000000000 6.134002685547 103 103 103
21.687500000000 14.750000000000 6.215026855469 106 106 106
21.750000000000 14.750000000000 6.298004150391 114 114 114
21.625000000000 14.625000000000 2.757019042969 113 113 113
21.625000000000 14.625000000000 2.830017089844 136 136 136
21.687500000000 14.625000000000 2.912017822266 141 141 141
21.687500000000 14.625000000000 2.992004394531 159 159 159
21.687500000000 14.625000000000 3.076019287109 149 149 149
21.687500000000 14.625000000000 3.158020019531 151 151 151
21.687500000000 14.625000000000 3.242004394531 156 156 156
21.687500000000 14.625000000000 3.323028564453 166 166 166
21.687500000000 14.625000000000 3.406005859375 160 160 160
21.687500000000 14.625000000000 3.488006591797 158 158 158
21.750000000000 14.625000000000 3.570007324219 152 152 152
21.750000000000 14.625000000000 3.653015136719 147 147 147
21.750000000000 14.625000000000 3.734008789063 146 146 146
21.750000000000 14.625000000000 3.815002441406 146 146 146
21.750000000000 14.625000000000 3.897003173828 135 135 135
21.750000000000 14.625000000000 3.976013183594 133 133 133
21.750000000000 14.625000000000 4.055999755859 128 128 128
21.750000000000 14.625000000000 4.137023925781 129 129 129
21.750000000000 14.625000000000 4.216003417969 128 128 128
21.750000000000 14.625000000000 4.296020507813 125 125 125
21.750000000000 14.625000000000 4.376007080078 117 117 117
21.750000000000 14.625000000000 4.456024169922 117 117 117
21.750000000000 14.625000000000 4.536010742188 116 116 116
21.750000000000 14.625000000000 4.616027832031 126 126 126
21.750000000000 14.625000000000 4.695007324219 118 118 118
21.750000000000 14.625000000000 4.775024414063 131 131 131
21.750000000000 14.625000000000 4.854003906250 114 114 114
21.750000000000 14.625000000000 4.934020996094 116 116 116
21.750000000000 14.625000000000 5.014007568359 113 113 113
21.812500000000 14.625000000000 5.094024658203 107 107 107
21.812500000000 14.625000000000 5.173004150391 106 106 106
21.812500000000 14.625000000000 5.254028320313 99 99 99
21.812500000000 14.625000000000 5.333007812500 92 92 92
21.812500000000 14.625000000000 5.414001464844 86 86 86
21.812500000000 14.625000000000 5.495025634766 88 88 88
21.812500000000 14.625000000000 5.575012207031 70 70 70
21.812500000000 14.625000000000 5.658020019531 137 137 137
21.812500000000 14.625000000000 5.740020751953 159 159 159
21.812500000000 14.625000000000 5.822021484375 159 159 159
21.875000000000 14.750000000000 5.908020019531 167 167 167
21.812500000000 14.500000000000 5.574005126953 112 112 112
21.812500000000 14.500000000000 5.655029296875 188 188 188
21.812500000000 14.500000000000 5.738006591797 193 193 193
21.812500000000 14.500000000000 5.821014404297 139 139 139
21.812500000000 14.500000000000 5.903015136719 193 193 193
21.875000000000 14.500000000000 5.986999511719 165 165 165
21.812500000000 14.500000000000 6.067016601563 43 43 43
21.812500000000 14.375000000000 5.489013671875 86 86 86
21.812500000000 14.375000000000 5.572021484375 195 195 195
21.812500000000 14.375000000000 5.653015136719 193 193 193
21.812500000000 14.375000000000 5.735015869141 55 55 55
21.812500000000 14.375000000000 5.900024414063 97 97 97
21.812500000000 14.375000000000 5.983001708984 202 202 202
21.875000000000 14.375000000000 6.068023681641 165 165 165
21.812500000000 14.375000000000 6.149017333984 93 93 93
21.812500000000 14.250000000000 5.407012939453 62 62 62
21.812500000000 14.250000000000 5.488006591797 144 144 144
21.812500000000 14.250000000000 5.568023681641 192 192 192
21.812500000000 14.250000000000 5.650024414063 81 81 81
21.875000000000 14.250000000000 5.982025146484 60 60 60
21.875000000000 14.250000000000 6.067016601563 162 162 162
21.937500000000 14.250000000000 6.151000976563 174 174 174
21.875000000000 14.250000000000 6.233001708984 121 121 121
21.875000000000 15.375000000000 6.029022216797 93 93 93
21.875000000000 15.250000000000 6.110015869141 198 198 198
21.875000000000 15.250000000000 6.027008056641 203 203 203
21.875000000000 15.250000000000 5.946014404297 113 113 113
21.875000000000 15.250000000000 5.620025634766 34 34 34
21.875000000000 15.250000000000 5.539001464844 204 204 204
21.875000000000 15.250000000000 5.457000732422 160 160 160
21.875000000000 15.250000000000 5.376007080078 128 128 128
21.812500000000 15.125000000000 6.104003906250 59 59 59
21.875000000000 15.125000000000 6.026000976563 161 161 161
21.875000000000 15.125000000000 5.944000244141 159 159 159
21.875000000000 15.125000000000 5.861999511719 72 72 72
21.875000000000 15.125000000000 5.699005126953 91 91 91
21.875000000000 15.125000000000 5.618011474609 164 164 164
21.875000000000 15.125000000000 5.536010742188 161 161 161
21.875000000000 15.125000000000 5.455017089844 134 134 134
21.875000000000 14.875000000000 6.022003173828 110 110 110
21.875000000000 14.875000000000 5.941009521484 164 164 164
21.875000000000 14.875000000000 5.859008789063 162 162 162
21.875000000000 14.875000000000 5.778015136719 134 134 134
21.875000000000 14.875000000000 5.697021484375 162 162 162
21.875000000000 14.875000000000 5.615020751953 161 161 161
21.875000000000 14.875000000000 5.533020019531 79 79 79
21.812500000000 14.750000000000 6.268005371094 114 114 114
21.812500000000 14.750000000000 6.184020996094 106 106 106
21.812500000000 14.750000000000 6.100006103516 106 106 106
21.812500000000 14.750000000000 6.020019531250 95 95 95
21.812500000000 14.750000000000 5.936004638672 140 140 140
21.812500000000 14.750000000000 5.855010986328 156 156 156
21.812500000000 14.750000000000 5.773010253906 161 161 161
21.812500000000 14.750000000000 5.693023681641 156 156 156
21.687500000000 14.750000000000 6.081024169922 55 55 55
21.687500000000 14.750000000000 6.000000000000 72 72 72
21.750000000000 14.625000000000 5.927001953125 156 156 156
21.812500000000 14.625000000000 5.848999023438 145 145 145
21.750000000000 14.625000000000 5.766021728516 137 137 137
21.687500000000 14.750000000000 5.680999755859 169 169 169
21.687500000000 14.750000000000 5.600006103516 109 109 109
21.687500000000 14.750000000000 5.520019531250 121 121 121
21.687500000000 14.750000000000 5.441009521484 120 120 120
21.687500000000 14.750000000000 5.361999511719 106 106 106
21.687500000000 14.750000000000 5.283020019531 106 106 106
21.687500000000 14.750000000000 5.204010009766 103 103 103
21.687500000000 14.750000000000 5.125000000000 101 101 101
21.687500000000 14.750000000000 5.047027587891 116 116 116
21.687500000000 14.750000000000 4.968017578125 103 103 103
21.687500000000 14.750000000000 4.889007568359 107 107 107
21.687500000000 14.750000000000 4.809020996094 112 112 112
21.687500000000 14.750000000000 4.729003906250 137 137 137
21.687500000000 14.750000000000 4.650024414063 145 145 145
21.687500000000 14.750000000000 4.571014404297 141 141 141
21.687500000000 14.750000000000 4.490020751953 138 138 138
21.687500000000 14.750000000000 4.411010742188 149 149 149
21.687500000000 14.750000000000 4.331024169922 158 158 158
21.687500000000 14.750000000000 4.250000000000 157 157 157
21.687500000000 14.750000000000 4.170013427734 158 158 158
21.687500000000 14.750000000000 4.090026855469 137 137 137
21.687500000000 14.750000000000 4.011016845703 125 125 125
21.687500000000 14.750000000000 3.930999755859 125 125 125
21.687500000000 14.750000000000 3.850006103516 119 119 119
21.687500000000 14.750000000000 3.769012451172 89 89 89
21.750000000000 14.750000000000 3.688018798828 88 88 88
21.750000000000 14.750000000000 3.607025146484 58 58 58
21.812500000000 14.500000000000 6.017028808594 154 154 154
21.812500000000 14.500000000000 5.936004638672 175 175 175
21.812500000000 14.500000000000 5.853027343750 160 160 160
21.812500000000 14.500000000000 5.769012451172 168 168 168
21.812500000000 14.500000000000 5.687011718750 185 185 185
21.812500000000 14.500000000000 5.606018066406 179 179 179
21.562500000000 14.625000000000 3.869018554688 56 56 56
21.562500000000 14.625000000000 3.789001464844 78 78 78
21.562500000000 14.625000000000 3.709014892578 74 74 74
21.562500000000 14.625000000000 3.629028320313 78 78 78
21.625000000000 14.625000000000 3.545013427734 69 69 69
21.562500000000 14.625000000000 3.468017578125 86 86 86
21.562500000000 14.625000000000 3.387023925781 105 105 105
21.687500000000 14.625000000000 3.301025390625 115 115 115
21.625000000000 14.625000000000 3.220001220703 107 107 107
21.687500000000 14.625000000000 3.134002685547 103 103 103
21.687500000000 14.625000000000 3.050018310547 93 93 93
21.687500000000 14.625000000000 2.966003417969 81 81 81
21.687500000000 14.625000000000 2.875000000000 106 106 106
21.687500000000 14.625000000000 2.772003173828 175 175 175
21.812500000000 14.375000000000 6.180999755859 36 36 36
21.812500000000 14.375000000000 6.098022460938 155 155 155
21.812500000000 14.375000000000 6.017028808594 189 189 189
21.812500000000 14.375000000000 5.934020996094 147 147 147
21.812500000000 14.375000000000 5.683013916016 196 196 196
21.812500000000 14.375000000000 5.602020263672 183 183 183
21.812500000000 14.375000000000 5.522003173828 166 166 166
21.812500000000 14.125000000000 6.180023193359 148 148 148
21.812500000000 14.125000000000 6.097015380859 157 157 157
21.812500000000 14.125000000000 6.011016845703 103 103 103
21.812500000000 14.250000000000 5.598999023438 191 191 191
21.812500000000 14.250000000000 5.519012451172 169 169 169
21.812500000000 14.250000000000 5.438018798828 147 147 147
21.812500000000 14.000000000000 5.516021728516 58 58 58
21.812500000000 15.250000000000 6.142028808594 212 212 212
21.812500000000 15.250000000000 6.071014404297 224 224 224
21.812500000000 15.250000000000 5.996002197266 221 221 221
21.812500000000 15.250000000000 5.569000244141 130 130 130
21.812500000000 15.250000000000 5.498016357422 241 241 241
21.812500000000 15.250000000000 5.426025390625 215 215 215
21.812500000000 15.125000000000 6.069000244141 220 220 220
21.812500000000 15.125000000000 5.996002197266 225 225 225
21.812500000000 15.125000000000 5.923004150391 224 224 224
21.812500000000 15.125000000000 5.638000488281 234 234 234
21.812500000000 15.125000000000 5.567016601563 253 253 253
21.812500000000 15.125000000000 5.495025634766 253 253 253
21.812500000000 15.125000000000 5.426025390625 248 248 248
21.812500000000 15.000000000000 5.993011474609 223 223 223
21.812500000000 15.000000000000 5.923004150391 229 229 229
21.812500000000 15.000000000000 5.847015380859 226 226 226
21.812500000000 15.000000000000 5.707000732422 242 242 242
21.812500000000 15.000000000000 5.636016845703 237 237 237
21.812500000000 15.000000000000 5.564025878906 245 245 245
21.812500000000 15.000000000000 5.491027832031 175 175 175
21.812500000000 14.875000000000 5.917022705078 221 221 221
21.812500000000 14.875000000000 5.846008300781 227 227 227
21.812500000000 14.875000000000 5.773010253906 228 228 228
21.812500000000 14.875000000000 5.705017089844 240 240 240
21.812500000000 14.875000000000 5.631011962891 231 231 231
21.812500000000 14.750000000000 6.275024414063 169 169 169
21.875000000000 14.750000000000 6.206024169922 164 164 164
21.812500000000 14.750000000000 6.129028320313 170 170 170
21.812500000000 14.750000000000 6.055023193359 178 178 178
21.812500000000 14.750000000000 5.979003906250 172 172 172
21.687500000000 14.750000000000 5.895019531250 212 212 212
21.812500000000 14.750000000000 5.836029052734 187 187 187
21.750000000000 14.625000000000 5.762023925781 181 181 181
21.687500000000 14.750000000000 5.684020996094 239 239 239
21.812500000000 14.750000000000 5.622009277344 165 165 165
21.750000000000 14.625000000000 5.549011230469 143 143 143
21.687500000000 14.750000000000 5.477020263672 134 134 134
21.687500000000 14.750000000000 5.406005859375 115 115 115
21.687500000000 14.750000000000 5.334014892578 131 131 131
21.687500000000 14.750000000000 5.265014648438 124 124 124
21.687500000000 14.750000000000 5.198028564453 140 140 140
21.687500000000 14.750000000000 5.127014160156 77 77 77
21.687500000000 14.750000000000 5.060028076172 86 86 86
21.812500000000 14.750000000000 4.994018554688 255 255 255
21.812500000000 14.750000000000 4.925018310547 255 255 255
21.812500000000 14.750000000000 4.856018066406 255 255 255
21.812500000000 14.750000000000 4.787017822266 255 255 255
21.812500000000 14.750000000000 4.718017578125 255 255 255
21.687500000000 14.750000000000 4.649017333984 255 255 255
21.687500000000 14.750000000000 4.581024169922 255 255 255
21.687500000000 14.750000000000 4.512023925781 255 255 255
21.687500000000 14.750000000000 4.445007324219 190 190 190
21.687500000000 14.750000000000 4.375000000000 183 183 183
21.687500000000 14.750000000000 4.305999755859 190 190 190
21.687500000000 14.750000000000 4.236999511719 187 187 187
21.687500000000 14.750000000000 4.167999267578 188 188 188
21.687500000000 14.750000000000 4.098999023438 189 189 189
21.687500000000 14.750000000000 4.029022216797 181 181 181
21.687500000000 14.750000000000 3.960021972656 175 175 175
21.687500000000 14.750000000000 3.891021728516 173 173 173
21.687500000000 14.750000000000 3.821014404297 168 168 168
21.687500000000 14.750000000000 3.751007080078 168 168 168
21.687500000000 14.750000000000 3.682006835938 174 174 174
21.687500000000 14.750000000000 3.610015869141 163 163 163
21.687500000000 14.750000000000 3.539001464844 141 141 141
21.687500000000 14.750000000000 3.470001220703 126 126 126
21.687500000000 14.750000000000 3.400024414063 103 103 103
21.687500000000 14.750000000000 3.329010009766 49 49 49
21.687500000000 14.750000000000 2.814025878906 109 109 109
21.687500000000 14.750000000000 2.738006591797 141 141 141
21.875000000000 14.500000000000 5.986022949219 222 222 222
21.875000000000 14.500000000000 5.913024902344 224 224 224
21.875000000000 14.500000000000 5.841003417969 227 227 227
21.812500000000 14.500000000000 5.766021728516 213 213 213
21.812500000000 14.500000000000 5.695007324219 224 224 224
21.812500000000 14.500000000000 5.624023437500 229 229 229
21.687500000000 14.500000000000 3.254028320313 35 35 35
21.687500000000 14.500000000000 3.182006835938 72 72 72
21.687500000000 14.500000000000 3.105010986328 111 111 111
21.687500000000 14.500000000000 3.036010742188 129 129 129
21.687500000000 14.500000000000 2.961029052734 149 149 149
21.687500000000 14.625000000000 2.889007568359 167 167 167
21.687500000000 14.625000000000 2.818023681641 162 162 162
21.687500000000 14.625000000000 2.747009277344 148 148 148
21.875000000000 14.375000000000 6.057006835938 220 220 220
21.875000000000 14.375000000000 5.983001708984 223 223 223
21.875000000000 14.375000000000 5.910003662109 221 221 221
21.812500000000 14.375000000000 5.690002441406 216 216 216
21.812500000000 14.375000000000 5.619018554688 222 222 222
21.812500000000 14.375000000000 5.548004150391 223 223 223
21.875000000000 14.250000000000 6.203002929688 185 185 185
21.875000000000 14.250000000000 6.128021240234 220 220 220
21.875000000000 14.250000000000 6.054016113281 221 221 221
21.875000000000 14.250000000000 5.981018066406 216 216 216
21.812500000000 14.250000000000 5.614013671875 217 217 217
21.812500000000 14.250000000000 5.544006347656 226 226 226
21.812500000000 14.250000000000 5.475006103516 234 234 234
21.812500000000 14.125000000000 6.051025390625 174 174 174
21.812500000000 14.125000000000 5.541015625000 225 225 225
21.812500000000 14.125000000000 5.470001220703 153 153 153
9.437500000000 7.125000000000 5.867004394531 74 74 74
9.437500000000 7.125000000000 5.780029296875 202 202 202
9.437500000000 7.125000000000 5.698028564453 159 159 159
9.437500000000 7.125000000000 5.193023681641 158 158 158
9.437500000000 7.125000000000 5.109008789063 126 126 126
9.437500000000 7.125000000000 5.781005859375 150 150 150
9.437500000000 7.125000000000 5.698028564453 157 157 157
9.437500000000 7.125000000000 5.613006591797 158 158 158
9.437500000000 7.125000000000 5.277008056641 155 155 155
9.437500000000 7.125000000000 5.193023681641 156 156 156
9.437500000000 7.125000000000 5.110015869141 150 150 150
9.437500000000 7.250000000000 5.700012207031 161 161 161
9.437500000000 7.250000000000 5.615020751953 160 160 160
9.437500000000 7.250000000000 5.530029296875 154 154 154
9.437500000000 7.250000000000 5.363006591797 159 159 159
9.562500000000 7.375000000000 5.279022216797 156 156 156
9.562500000000 7.375000000000 5.195007324219 144 144 144
9.437500000000 7.500000000000 5.617004394531 155 155 155
9.437500000000 7.500000000000 5.532012939453 156 156 156
9.437500000000 7.500000000000 5.448028564453 164 164 164
9.437500000000 7.500000000000 5.365020751953 155 155 155
9.437500000000 7.500000000000 5.281005859375 141 141 141
9.500000000000 7.625000000000 5.947021484375 20 20 20
9.500000000000 7.625000000000 5.865020751953 127 127 127
9.500000000000 7.625000000000 5.783020019531 136 136 136
9.500000000000 7.625000000000 5.698028564453 143 143 143
9.500000000000 7.625000000000 5.616027832031 149 149 149
9.500000000000 7.625000000000 5.531005859375 151 151 151
9.437500000000 7.625000000000 5.449005126953 156 156 156
9.500000000000 7.625000000000 5.365020751953 164 164 164
9.437500000000 7.625000000000 5.282012939453 168 168 168
9.500000000000 7.625000000000 5.198028564453 170 170 170
9.500000000000 7.625000000000 5.115020751953 156 156 156
9.437500000000 7.625000000000 5.032012939453 134 134 134
9.500000000000 7.625000000000 4.949005126953 130 130 130
9.500000000000 7.625000000000 4.866027832031 117 117 117
9.500000000000 7.625000000000 4.783020019531 109 109 109
9.500000000000 7.625000000000 4.701019287109 103 103 103
9.500000000000 7.625000000000 4.618011474609 97 97 97
9.500000000000 7.625000000000 4.535003662109 20 20 20
9.437500000000 7.750000000000 5.707000732422 21 21 21
9.437500000000 7.750000000000 5.621002197266 180 180 180
9.437500000000 7.750000000000 5.538024902344 162 162 162
9.437500000000 7.750000000000 5.453002929688 196 196 196
9.437500000000 7.750000000000 5.369018554688 187 187 187
9.562500000000 7.625000000000 5.114013671875 50 50 50
9.562500000000 7.625000000000 5.031005859375 76 76 76
9.562500000000 7.625000000000 4.950012207031 84 84 84
9.562500000000 7.625000000000 4.868011474609 75 75 75
9.562500000000 7.625000000000 4.787017822266 78 78 78
9.562500000000 7.625000000000 4.705017089844 101 101 101
9.562500000000 7.625000000000 4.624023437500 115 115 115
9.562500000000 7.625000000000 4.542022705078 115 115 115
9.625000000000 7.625000000000 4.461029052734 131 131 131
9.562500000000 7.625000000000 4.378021240234 112 112 112
9.562500000000 7.625000000000 4.297027587891 121 121 121
9.562500000000 7.625000000000 4.215026855469 111 111 111
9.562500000000 7.625000000000 4.132019042969 112 112 112
9.562500000000 7.625000000000 4.049011230469 121 121 121
9.562500000000 7.625000000000 3.964019775391 113 113 113
9.562500000000 7.625000000000 3.879028320313 127 127 127
9.562500000000 7.625000000000 3.792999267578 140 140 140
9.562500000000 7.625000000000 3.710021972656 135 135 135
9.562500000000 7.625000000000 3.625000000000 151 151 151
9.562500000000 7.625000000000 3.540008544922 142 142 142
9.562500000000 7.625000000000 3.456024169922 149 149 149
9.562500000000 7.625000000000 3.369018554688 149 149 149
9.562500000000 7.625000000000 3.284027099609 133 133 133
9.562500000000 7.625000000000 3.199005126953 113 113 113
9.562500000000 7.625000000000 3.113006591797 105 105 105
9.562500000000 7.625000000000 3.021026611328 112 112 112
9.625000000000 7.750000000000 2.934020996094 110 110 110
9.625000000000 7.750000000000 2.851013183594 45 45 45
9.500000000000 7.875000000000 5.704010009766 183 183 183
9.437500000000 7.875000000000 5.621002197266 196 196 196
9.437500000000 7.875000000000 5.539001464844 135 135 135
9.437500000000 7.875000000000 5.456024169922 152 152 152
9.437500000000 7.875000000000 5.372009277344 182 182 182
9.437500000000 7.875000000000 5.287017822266 185 185 185
9.625000000000 7.750000000000 3.311004638672 22 22 22
9.687500000000 7.750000000000 3.227020263672 67 67 67
9.687500000000 7.750000000000 3.144012451172 69 69 69
9.687500000000 7.750000000000 3.055023193359 68 68 68
9.687500000000 7.750000000000 2.971008300781 84 84 84
9.562500000000 7.750000000000 2.865020751953 217 217 217
9.625000000000 7.750000000000 2.786010742188 159 159 159
9.625000000000 7.750000000000 2.705017089844 121 121 121
9.750000000000 7.750000000000 2.622009277344 100 100 100
9.687500000000 7.875000000000 2.529022216797 97 97 97
9.687500000000 7.875000000000 2.430999755859 125 125 125
9.687500000000 7.875000000000 2.327026367188 153 153 153
9.500000000000 8.000000000000 5.784027099609 199 199 199
9.500000000000 8.000000000000 5.703002929688 202 202 202
9.500000000000 8.000000000000 5.621002197266 159 159 159
9.437500000000 8.000000000000 5.374023437500 182 182 182
9.437500000000 8.000000000000 5.290008544922 158 158 158
9.500000000000 8.000000000000 5.206024169922 149 149 149
9.562500000000 8.000000000000 5.861022949219 199 199 199
9.562500000000 8.000000000000 5.781005859375 193 193 193
9.500000000000 8.000000000000 5.701019287109 172 172 172
9.437500000000 8.125000000000 5.290008544922 177 177 177
9.437500000000 8.125000000000 5.207000732422 155 155 155
9.437500000000 8.125000000000 5.123016357422 125 125 125
9.562500000000 8.250000000000 5.778015136719 131 131 131
9.500000000000 7.000000000000 5.172027587891 134 134 134
9.500000000000 7.000000000000 5.675018310547 140 140 140
9.500000000000 7.000000000000 5.759002685547 92 92 92
9.500000000000 7.125000000000 5.093017578125 165 165 165
9.500000000000 7.125000000000 5.177001953125 173 173 173
9.500000000000 7.125000000000 5.260009765625 160 160 160
9.500000000000 7.125000000000 5.593017578125 118 118 118
9.500000000000 7.125000000000 5.678009033203 145 145 145
9.500000000000 7.125000000000 5.764007568359 157 157 157
9.500000000000 7.250000000000 5.180023193359 165 165 165
9.500000000000 7.250000000000 5.263000488281 170 170 170
9.500000000000 7.250000000000 5.346008300781 169 169 169
9.500000000000 7.250000000000 5.513000488281 35 35 35
9.500000000000 7.250000000000 5.598999023438 162 162 162
9.500000000000 7.250000000000 5.684020996094 163 163 163
9.500000000000 7.250000000000 5.768005371094 71 71 71
9.500000000000 7.375000000000 5.265014648438 170 170 170
9.500000000000 7.375000000000 5.348999023438 173 173 173
9.500000000000 7.375000000000 5.433013916016 167 167 167
9.500000000000 7.375000000000 5.516021728516 170 170 170
9.500000000000 7.375000000000 5.601013183594 163 163 163
9.500000000000 7.375000000000 5.684020996094 125 125 125
9.687500000000 7.625000000000 4.206024169922 57 57 57
9.625000000000 7.625000000000 4.287017822266 68 68 68
9.625000000000 7.625000000000 4.368011474609 73 73 73
9.625000000000 7.625000000000 4.449005126953 67 67 67
9.625000000000 7.625000000000 4.530029296875 62 62 62
9.625000000000 7.625000000000 4.611999511719 66 66 66
9.625000000000 7.625000000000 4.692016601563 63 63 63
9.625000000000 7.625000000000 4.773010253906 63 63 63
9.625000000000 7.625000000000 4.855010986328 67 67 67
9.625000000000 7.625000000000 4.936004638672 66 66 66
9.625000000000 7.500000000000 5.018005371094 72 72 72
9.625000000000 7.500000000000 5.098999023438 68 68 68
9.625000000000 7.500000000000 5.180999755859 78 78 78
9.562500000000 7.625000000000 5.264007568359 77 77 77
9.500000000000 7.625000000000 5.348999023438 147 147 147
9.500000000000 7.625000000000 5.432006835938 139 139 139
9.500000000000 7.625000000000 5.515014648438 133 133 133
9.562500000000 7.625000000000 5.595001220703 158 158 158
9.562500000000 7.625000000000 5.677001953125 89 89 89
9.562500000000 7.625000000000 5.759002685547 95 95 95
9.562500000000 7.625000000000 5.845001220703 102 102 102
9.562500000000 7.625000000000 5.928009033203 42 42 42
9.687500000000 7.875000000000 2.339019775391 104 104 104
9.750000000000 7.875000000000 2.436004638672 92 92 92
9.687500000000 7.875000000000 2.524017333984 98 98 98
9.687500000000 7.875000000000 2.608001708984 98 98 98
9.687500000000 7.875000000000 2.687011718750 111 111 111
9.687500000000 7.875000000000 2.771026611328 122 122 122
9.562500000000 7.750000000000 2.853027343750 123 123 123
9.562500000000 7.750000000000 2.941009521484 132 132 132
9.562500000000 7.750000000000 3.027008056641 131 131 131
9.562500000000 7.750000000000 3.110015869141 118 118 118
9.562500000000 7.750000000000 3.196014404297 127 127 127
9.562500000000 7.750000000000 3.278015136719 132 132 132
9.562500000000 7.750000000000 3.364013671875 129 129 129
9.562500000000 7.750000000000 3.446014404297 140 140 140
9.562500000000 7.750000000000 3.532012939453 134 134 134
9.562500000000 7.750000000000 3.614013671875 137 137 137
9.562500000000 7.750000000000 3.699005126953 148 148 148
9.562500000000 7.750000000000 3.781005859375 146 146 146
9.562500000000 7.750000000000 3.863006591797 153 153 153
9.562500000000 7.750000000000 3.945007324219 149 149 149
9.562500000000 7.750000000000 4.029022216797 147 147 147
9.562500000000 7.750000000000 4.111022949219 130 130 130
9.562500000000 7.750000000000 4.194000244141 124 124 124
9.562500000000 7.750000000000 4.277008056641 125 125 125
9.500000000000 7.625000000000 4.359008789063 125 125 125
9.500000000000 7.625000000000 4.441009521484 125 125 125
9.500000000000 7.625000000000 4.524017333984 121 121 121
9.500000000000 7.625000000000 4.607025146484 109 109 109
9.500000000000 7.750000000000 4.689025878906 115 115 115
9.500000000000 7.750000000000 4.771026611328 116 116 116
9.500000000000 7.750000000000 4.854003906250 106 106 106
9.500000000000 7.750000000000 4.937011718750 111 111 111
9.500000000000 7.750000000000 5.020019531250 111 111 111
9.500000000000 7.625000000000 5.103027343750 101 101 101
9.500000000000 7.750000000000 5.185028076172 103 103 103
9.500000000000 7.750000000000 5.269012451172 107 107 107
9.500000000000 7.625000000000 5.352020263672 163 163 163
9.500000000000 7.625000000000 5.436004638672 150 150 150
9.500000000000 7.625000000000 5.520019531250 135 135 135
9.500000000000 7.625000000000 5.605010986328 145 145 145
9.500000000000 7.625000000000 5.689025878906 93 93 93
9.500000000000 7.625000000000 5.774017333984 94 94 94
9.500000000000 7.625000000000 5.859008789063 78 78 78
9.500000000000 7.750000000000 5.270019531250 118 118 118
9.500000000000 7.750000000000 5.354003906250 195 195 195
9.500000000000 7.750000000000 5.438018798828 200 200 200
9.500000000000 7.750000000000 5.523010253906 153 153 153
9.500000000000 7.750000000000 5.605010986328 134 134 134
9.500000000000 7.750000000000 5.688018798828 137 137 137
9.437500000000 7.875000000000 5.190002441406 39 39 39
9.437500000000 7.875000000000 5.273010253906 201 201 201
9.437500000000 7.875000000000 5.357025146484 201 201 201
9.437500000000 7.875000000000 5.441009521484 86 86 86
9.500000000000 8.000000000000 5.606018066406 169 169 169
9.500000000000 8.000000000000 5.687011718750 197 197 197
9.562500000000 8.000000000000 5.768005371094 194 194 194
9.562500000000 8.000000000000 5.848999023438 42 42 42
9.500000000000 8.125000000000 5.191009521484 167 167 167
9.500000000000 8.125000000000 5.275024414063 200 200 200
9.500000000000 8.125000000000 5.359008789063 146 146 146
9.500000000000 8.000000000000 5.687011718750 114 114 114
9.562500000000 8.125000000000 5.767028808594 198 198 198
9.625000000000 8.125000000000 5.846008300781 136 136 136
9.500000000000 8.125000000000 5.110015869141 75 75 75
9.500000000000 8.125000000000 5.193023681641 153 153 153
9.500000000000 8.125000000000 5.277008056641 176 176 176
9.437500000000 7.125000000000 5.031005859375 69 69 69
9.437500000000 7.125000000000 5.103027343750 233 233 233
9.437500000000 7.125000000000 5.175018310547 243 243 243
9.437500000000 7.125000000000 5.248016357422 47 47 47
9.437500000000 7.000000000000 5.614013671875 145 145 145
9.437500000000 7.000000000000 5.690002441406 221 221 221
9.437500000000 7.000000000000 5.764007568359 213 213 213
9.437500000000 7.000000000000 5.839019775391 204 204 204
9.437500000000 7.125000000000 5.105010986328 249 249 249
9.500000000000 7.125000000000 5.177001953125 239 239 239
9.500000000000 7.125000000000 5.250000000000 238 238 238
9.500000000000 7.125000000000 5.322021484375 150 150 150
9.437500000000 7.125000000000 5.542999267578 125 125 125
9.437500000000 7.125000000000 5.617004394531 220 220 220
9.437500000000 7.125000000000 5.691009521484 223 223 223
9.437500000000 7.125000000000 5.765014648438 213 213 213
9.500000000000 7.250000000000 5.180023193359 234 234 234
9.500000000000 7.250000000000 5.252014160156 234 234 234
9.500000000000 7.250000000000 5.325012207031 233 233 233
9.437500000000 7.250000000000 5.400024414063 198 198 198
9.437500000000 7.250000000000 5.473022460938 69 69 69
9.500000000000 7.250000000000 5.545013427734 226 226 226
9.437500000000 7.250000000000 5.620025634766 224 224 224
9.500000000000 7.250000000000 5.694000244141 215 215 215
9.500000000000 7.375000000000 5.254028320313 203 203 203
9.500000000000 7.375000000000 5.328002929688 228 228 228
9.500000000000 7.375000000000 5.401000976563 223 223 223
9.500000000000 7.375000000000 5.473999023438 226 226 226
9.500000000000 7.375000000000 5.547027587891 227 227 227
9.500000000000 7.375000000000 5.621002197266 219 219 219
9.562500000000 7.625000000000 4.105010986328 24 24 24
9.562500000000 7.625000000000 4.177001953125 84 84 84
9.562500000000 7.625000000000 4.248016357422 105 105 105
9.500000000000 7.625000000000 4.320007324219 115 115 115
9.500000000000 7.625000000000 4.390014648438 151 151 151
9.500000000000 7.625000000000 4.462005615234 121 121 121
9.500000000000 7.625000000000 4.534027099609 139 139 139
9.500000000000 7.625000000000 4.605010986328 133 133 133
9.500000000000 7.625000000000 4.677001953125 152 152 152
9.500000000000 7.625000000000 4.749023437500 179 179 179
9.500000000000 7.625000000000 4.820007324219 178 178 178
9.500000000000 7.625000000000 4.892028808594 176 176 176
9.500000000000 7.625000000000 4.964019775391 186 186 186
9.500000000000 7.625000000000 5.035003662109 180 180 180
9.500000000000 7.625000000000 5.107025146484 174 174 174
9.500000000000 7.625000000000 5.180999755859 189 189 189
9.500000000000 7.625000000000 5.253021240234 179 179 179
9.500000000000 7.625000000000 5.325012207031 177 177 177
9.625000000000 7.500000000000 5.390014648438 219 219 219
9.500000000000 7.625000000000 5.473022460938 194 194 194
9.562500000000 7.500000000000 5.537017822266 194 194 194
9.562500000000 7.625000000000 5.611999511719 124 124 124
9.562500000000 7.500000000000 5.682006835938 132 132 132
9.562500000000 7.500000000000 5.757019042969 131 131 131
9.562500000000 7.625000000000 5.832000732422 117 117 117
9.500000000000 7.625000000000 5.909027099609 89 89 89
9.625000000000 7.750000000000 2.316009521484 171 171 171
9.625000000000 7.750000000000 2.399017333984 164 164 164
9.625000000000 7.750000000000 2.483001708984 159 159 159
9.625000000000 7.750000000000 2.557006835938 157 157 157
9.625000000000 7.750000000000 2.635009765625 166 166 166
9.625000000000 7.750000000000 2.711029052734 168 168 168
9.625000000000 7.750000000000 2.788024902344 150 150 150
9.625000000000 7.750000000000 2.864013671875 143 143 143
9.625000000000 7.750000000000 2.940002441406 161 161 161
9.625000000000 7.750000000000 3.022003173828 130 130 130
9.687500000000 7.750000000000 3.103027343750 120 120 120
9.625000000000 7.750000000000 3.167022705078 201 201 201
9.625000000000 7.750000000000 3.236999511719 212 212 212
9.562500000000 7.750000000000 3.309020996094 227 227 227
9.562500000000 7.750000000000 3.384002685547 239 239 239
9.562500000000 7.750000000000 3.457000732422 244 244 244
9.562500000000 7.750000000000 3.529022216797 255 255 255
9.625000000000 7.750000000000 3.605010986328 213 213 213
9.625000000000 7.750000000000 3.682006835938 165 165 165
9.625000000000 7.750000000000 3.751007080078 158 158 158
9.562500000000 7.750000000000 3.819000244141 174 174 174
9.562500000000 7.625000000000 3.891021728516 172 172 172
9.562500000000 7.625000000000 3.963012695313 171 171 171
9.562500000000 7.625000000000 4.036010742188 170 170 170
9.562500000000 7.625000000000 4.106018066406 164 164 164
9.562500000000 7.625000000000 4.178009033203 166 166 166
9.562500000000 7.625000000000 4.250000000000 159 159 159
9.500000000000 7.625000000000 4.321014404297 142 142 142
9.500000000000 7.625000000000 4.392028808594 146 146 146
9.500000000000 7.625000000000 4.464019775391 65 65 65
9.500000000000 7.625000000000 5.330017089844 247 247 247
9.500000000000 7.625000000000 5.403015136719 230 230 230
9.437500000000 7.625000000000 5.478027343750 224 224 224
9.437500000000 7.625000000000 5.553009033203 255 255 255
9.437500000000 7.625000000000 5.626007080078 224 224 224
9.687500000000 7.875000000000 2.327026367188 145 145 145
9.562500000000 7.875000000000 2.380004882813 187 187 187
9.500000000000 7.750000000000 5.258026123047 255 255 255
9.437500000000 7.875000000000 5.332000732422 220 220 220
9.437500000000 7.875000000000 5.405029296875 208 208 208
9.437500000000 7.875000000000 5.478027343750 108 108 108
9.437500000000 7.875000000000 5.553009033203 236 236 236
9.500000000000 7.750000000000 5.623016357422 207 207 207
9.500000000000 7.750000000000 5.693023681641 220 220 220
9.500000000000 7.750000000000 5.767028808594 144 144 144
9.437500000000 8.000000000000 5.187011718750 255 255 255
9.437500000000 8.000000000000 5.260009765625 255 255 255
9.437500000000 8.000000000000 5.333007812500 192 192 192
9.437500000000 8.000000000000 5.407012939453 181 181 181
9.500000000000 8.000000000000 5.621002197266 217 217 217
9.500000000000 8.000000000000 5.692016601563 204 204 204
9.500000000000 8.000000000000 5.763000488281 202 202 202
9.625000000000 8.000000000000 5.833007812500 211 211 211
9.437500000000 8.125000000000 5.115020751953 243 243 243
9.437500000000 8.125000000000 5.189025878906 255 255 255
9.437500000000 8.125000000000 5.262023925781 200 200 200
9.437500000000 8.125000000000 5.335021972656 204 204 204
9.562500000000 8.000000000000 5.690002441406 201 201 201
9.562500000000 8.000000000000 5.759002685547 217 217 217
9.562500000000 8.000000000000 5.832000732422 228 228 228
9.625000000000 8.125000000000 5.900024414063 181 181 181
9.437500000000 8.125000000000 5.263000488281 193 193 193
9.437500000000 8.250000000000 5.217010498047 252 252 252
9.437500000000 8.250000000000 5.290008544922 218 218 218
9.437500000000 8.125000000000 5.140014648438 247 247 247
9.437500000000 8.125000000000 5.213012695313 255 255 255
9.437500000000 8.125000000000 5.286010742188 203 203 203
9.500000000000 8.125000000000 5.359008789063 216 216 216
9.500000000000 8.000000000000 5.646026611328 158 158 158
9.562500000000 8.000000000000 5.716003417969 197 197 197
9.562500000000 8.000000000000 5.787017822266 217 217 217
9.562500000000 8.000000000000 5.858001708984 223 223 223
9.437500000000 7.875000000000 5.210021972656 241 241 241
9.437500000000 7.875000000000 5.284027099609 201 201 201
9.437500000000 7.875000000000 5.356018066406 203 203 203
9.437500000000 7.875000000000 5.430023193359 218 218 218
9.437500000000 7.875000000000 5.575012207031 218 218 218
9.437500000000 7.875000000000 5.647003173828 206 206 206
9.437500000000 7.875000000000 5.717010498047 222 222 222
9.437500000000 7.875000000000 5.787017822266 208 208 208
9.687500000000 7.875000000000 2.509002685547 138 138 138
9.562500000000 7.750000000000 2.580017089844 139 139 139
9.562500000000 7.750000000000 2.656005859375 157 157 157
9.562500000000 7.875000000000 2.723999023438 171 171 171
9.562500000000 7.875000000000 2.805023193359 163 163 163
9.562500000000 7.875000000000 2.881011962891 159 159 159
9.562500000000 7.875000000000 2.957000732422 178 178 178
9.562500000000 7.875000000000 3.032012939453 139 139 139
9.562500000000 7.875000000000 3.108001708984 128 128 128
9.562500000000 7.875000000000 3.182006835938 116 116 116
9.562500000000 7.875000000000 3.257019042969 87 87 87
9.562500000000 7.875000000000 3.326019287109 26 26 26
9.437500000000 7.750000000000 5.282012939453 238 238 238
9.437500000000 7.750000000000 5.355010986328 211 211 211
9.437500000000 7.750000000000 5.429016113281 197 197 197
9.437500000000 7.750000000000 5.504028320313 255 255 255
9.437500000000 7.750000000000 5.576019287109 232 232 232
9.437500000000 7.750000000000 5.649017333984 221 221 221
9.437500000000 7.750000000000 5.723022460938 73 73 73
9.562500000000 7.625000000000 3.182006835938 15 15 15
9.562500000000 7.625000000000 3.254028320313 69 69 69
9.562500000000 7.625000000000 3.329010009766 91 91 91
9.562500000000 7.625000000000 3.403015136719 105 105 105
9.562500000000 7.625000000000 3.475006103516 111 111 111
9.562500000000 7.625000000000 3.551025390625 117 117 117
9.562500000000 7.625000000000 3.621002197266 147 147 147
9.562500000000 7.625000000000 3.693023681641 154 154 154
9.562500000000 7.625000000000 3.766021728516 174 174 174
9.562500000000 7.625000000000 3.839019775391 186 186 186
9.562500000000 7.625000000000 3.912017822266 190 190 190
9.562500000000 7.625000000000 3.984008789063 185 185 185
9.562500000000 7.625000000000 4.055999755859 194 194 194
9.562500000000 7.625000000000 4.127014160156 215 215 215
9.562500000000 7.625000000000 4.198028564453 255 255 255
9.562500000000 7.625000000000 4.270019531250 199 199 199
9.562500000000 7.625000000000 4.341003417969 255 255 255
9.562500000000 7.625000000000 4.413024902344 255 255 255
9.562500000000 7.625000000000 4.485015869141 255 255 255
9.562500000000 7.625000000000 4.555999755859 255 255 255
9.562500000000 7.625000000000 4.628021240234 255 255 255
9.562500000000 7.625000000000 4.700012207031 141 141 141
9.562500000000 7.625000000000 4.771026611328 134 134 134
9.562500000000 7.625000000000 4.842010498047 108 108 108
9.562500000000 7.625000000000 4.914001464844 97 97 97
9.562500000000 7.625000000000 4.986022949219 105 105 105
9.562500000000 7.625000000000 5.059020996094 119 119 119
9.562500000000 7.625000000000 5.130004882813 118 118 118
9.562500000000 7.625000000000 5.204010009766 131 131 131
9.562500000000 7.625000000000 5.276000976563 165 165 165
9.562500000000 7.625000000000 5.345001220703 160 160 160
9.562500000000 7.625000000000 5.415008544922 206 206 206
9.437500000000 7.625000000000 5.495025634766 180 180 180
9.562500000000 7.625000000000 5.560028076172 218 218 218
9.437500000000 7.625000000000 5.647003173828 182 182 182
9.437500000000 7.625000000000 5.723022460938 166 166 166
9.437500000000 7.625000000000 5.798004150391 155 155 155
9.437500000000 7.625000000000 5.873016357422 158 158 158
9.437500000000 7.500000000000 5.281005859375 213 213 213
9.437500000000 7.500000000000 5.354003906250 226 226 226
9.437500000000 7.500000000000 5.428009033203 232 232 232
9.437500000000 7.500000000000 5.502014160156 235 235 235
9.437500000000 7.500000000000 5.576019287109 226 226 226
9.437500000000 7.500000000000 5.648010253906 115 115 115
9.437500000000 7.250000000000 5.208007812500 241 241 241
9.437500000000 7.250000000000 5.280029296875 233 233 233
9.437500000000 7.250000000000 5.355010986328 232 232 232
9.437500000000 7.250000000000 5.425018310547 122 122 122
9.437500000000 7.250000000000 5.500000000000 225 225 225
9.437500000000 7.250000000000 5.574005126953 223 223 223
9.437500000000 7.250000000000 5.649017333984 220 220 220
9.437500000000 7.250000000000 5.723022460938 73 73 73
9.437500000000 7.250000000000 5.063018798828 43 43 43
9.437500000000 7.125000000000 5.135009765625 251 251 251
9.437500000000 7.125000000000 5.208007812500 244 244 244
9.437500000000 7.125000000000 5.280029296875 233 233 233
9.437500000000 7.125000000000 5.574005126953 215 215 215
9.437500000000 7.125000000000 5.649017333984 219 219 219
9.437500000000 7.125000000000 5.723022460938 218 218 218
9.437500000000 7.125000000000 5.060028076172 189 189 189
9.437500000000 7.125000000000 5.132019042969 251 251 251
9.437500000000 7.125000000000 5.206024169922 241 241 241
9.437500000000 7.000000000000 5.647003173828 217 217 217
9.437500000000 7.000000000000 5.722015380859 220 220 220
9.437500000000 7.000000000000 5.796020507813 215 215 215
9.437500000000 8.250000000000 5.197021484375 140 140 140
9.437500000000 8.250000000000 5.281005859375 166 166 166
9.437500000000 8.125000000000 5.196014404297 169 169 169
9.437500000000 8.125000000000 5.280029296875 203 203 203
9.437500000000 8.125000000000 5.364013671875 135 135 135
9.500000000000 8.125000000000 5.691009521484 119 119 119
9.562500000000 8.125000000000 5.772003173828 200 200 200
9.562500000000 8.125000000000 5.854003906250 130 130 130
9.437500000000 8.000000000000 5.195007324219 26 26 26
9.437500000000 8.000000000000 5.278015136719 200 200 200
9.437500000000 7.875000000000 5.361999511719 201 201 201
9.437500000000 7.875000000000 5.446014404297 88 88 88
9.500000000000 8.000000000000 5.611022949219 185 185 185
9.500000000000 8.000000000000 5.694000244141 188 188 188
9.562500000000 8.000000000000 5.773010253906 190 190 190
9.437500000000 7.875000000000 5.277008056641 90 90 90
9.437500000000 7.750000000000 5.361022949219 202 202 202
9.437500000000 7.750000000000 5.445007324219 197 197 197
9.437500000000 7.750000000000 5.530029296875 169 169 169
9.437500000000 7.750000000000 5.611999511719 139 139 139
9.500000000000 7.750000000000 5.693023681641 129 129 129
9.687500000000 7.875000000000 2.344024658203 74 74 74
9.687500000000 7.875000000000 2.440002441406 78 78 78
9.687500000000 7.875000000000 2.526000976563 96 96 96
9.687500000000 7.875000000000 2.617004394531 103 103 103
9.687500000000 7.875000000000 2.706024169922 106 106 106
9.687500000000 7.875000000000 2.786010742188 99 99 99
9.687500000000 7.875000000000 2.873016357422 105 105 105
9.562500000000 7.750000000000 2.955017089844 106 106 106
9.562500000000 7.750000000000 3.042999267578 102 102 102
9.562500000000 7.750000000000 3.123016357422 106 106 106
9.562500000000 7.750000000000 3.207000732422 113 113 113
9.562500000000 7.750000000000 3.294006347656 112 112 112
9.562500000000 7.750000000000 3.375000000000 108 108 108
9.562500000000 7.750000000000 3.458007812500 117 117 117
9.562500000000 7.750000000000 3.542022705078 125 125 125
9.562500000000 7.750000000000 3.623016357422 130 130 130
9.562500000000 7.750000000000 3.705017089844 136 136 136
9.562500000000 7.750000000000 3.789001464844 133 133 133
9.562500000000 7.750000000000 3.871002197266 131 131 131
9.562500000000 7.750000000000 3.953002929688 139 139 139
9.562500000000 7.750000000000 4.036010742188 137 137 137
9.500000000000 7.750000000000 4.118011474609 136 136 136
9.500000000000 7.750000000000 4.201019287109 138 138 138
9.500000000000 7.750000000000 4.282012939453 140 140 140
9.500000000000 7.750000000000 4.366027832031 140 140 140
9.500000000000 7.750000000000 4.448028564453 143 143 143
9.500000000000 7.750000000000 4.530029296875 146 146 146
9.500000000000 7.750000000000 4.611999511719 136 136 136
9.500000000000 7.750000000000 4.695007324219 137 137 137
9.500000000000 7.750000000000 4.777008056641 144 144 144
9.500000000000 7.750000000000 4.860015869141 141 141 141
9.500000000000 7.625000000000 4.942016601563 149 149 149
9.500000000000 7.750000000000 5.025024414063 143 143 143
9.500000000000 7.625000000000 5.108001708984 145 145 145
9.500000000000 7.625000000000 5.191009521484 155 155 155
9.500000000000 7.625000000000 5.274017333984 153 153 153
9.500000000000 7.625000000000 5.357025146484 145 145 145
9.500000000000 7.625000000000 5.441009521484 151 151 151
9.500000000000 7.625000000000 5.525024414063 145 145 145
9.500000000000 7.625000000000 5.611022949219 150 150 150
9.500000000000 7.625000000000 5.695007324219 161 161 161
9.500000000000 7.625000000000 5.779022216797 155 155 155
9.437500000000 7.625000000000 5.864013671875 136 136 136
9.500000000000 7.500000000000 5.274017333984 97 97 97
9.500000000000 7.500000000000 5.358001708984 174 174 174
9.500000000000 7.500000000000 5.441009521484 159 159 159
9.500000000000 7.500000000000 5.524017333984 158 158 158
9.437500000000 7.500000000000 5.610015869141 157 157 157
9.500000000000 7.375000000000 5.189025878906 142 142 142
9.500000000000 7.375000000000 5.273010253906 173 173 173
9.500000000000 7.375000000000 5.356018066406 174 174 174
9.500000000000 7.375000000000 5.523010253906 152 152 152
9.500000000000 7.375000000000 5.608001708984 155 155 155
9.500000000000 7.375000000000 5.691009521484 154 154 154
9.437500000000 7.250000000000 5.105010986328 160 160 160
9.437500000000 7.250000000000 5.188018798828 173 173 173
9.437500000000 7.250000000000 5.271026611328 174 174 174
9.437500000000 7.250000000000 5.606018066406 159 159 159
9.437500000000 7.250000000000 5.691009521484 155 155 155
9.437500000000 7.250000000000 5.777008056641 139 139 139
9.437500000000 7.125000000000 5.103027343750 154 154 154
9.437500000000 7.125000000000 5.186004638672 175 175 175
9.437500000000 7.125000000000 5.689025878906 161 161 161
9.437500000000 7.125000000000 5.775024414063 202 202 202
9.437500000000 7.125000000000 5.859008789063 61 61 61
9.562500000000 8.125000000000 5.881011962891 162 162 162
9.562500000000 8.125000000000 5.799011230469 207 207 207
9.562500000000 8.125000000000 5.719024658203 138 138 138
9.437500000000 8.250000000000 5.310028076172 99 99 99
9.437500000000 8.250000000000 5.227020263672 150 150 150
9.437500000000 8.250000000000 5.143005371094 73 73 73
9.562500000000 8.000000000000 5.885009765625 13 13 13
9.562500000000 8.000000000000 5.801025390625 206 206 206
9.562500000000 8.000000000000 5.718017578125 195 195 195
9.500000000000 8.000000000000 5.637023925781 133 133 133
9.500000000000 8.125000000000 5.389007568359 53 53 53
9.437500000000 8.125000000000 5.307006835938 191 191 191
9.437500000000 8.125000000000 5.223022460938 151 151 151
9.437500000000 8.125000000000 5.140014648438 19 19 19
9.437500000000 7.875000000000 5.721008300781 182 182 182
9.437500000000 7.875000000000 5.639007568359 196 196 196
9.437500000000 7.875000000000 5.555999755859 131 131 131
9.437500000000 7.875000000000 5.389007568359 204 204 204
9.437500000000 7.875000000000 5.305023193359 189 189 189
9.375000000000 7.875000000000 5.223022460938 87 87 87
9.687500000000 7.875000000000 3.077026367188 65 65 65
9.687500000000 7.875000000000 2.986999511719 72 72 72
9.687500000000 7.875000000000 2.807006835938 90 90 90
9.687500000000 7.875000000000 2.713012695313 176 176 176
9.687500000000 7.875000000000 2.638000488281 105 105 105
9.687500000000 7.875000000000 2.549011230469 98 98 98
9.687500000000 7.875000000000 2.450012207031 115 115 115
9.687500000000 7.875000000000 2.350006103516 138 138 138
9.437500000000 7.750000000000 5.639007568359 185 185 185
9.437500000000 7.750000000000 5.557006835938 177 177 177
9.437500000000 7.750000000000 5.472015380859 194 194 194
9.437500000000 7.750000000000 5.387023925781 196 196 196
9.437500000000 7.750000000000 5.303009033203 122 122 122
9.562500000000 7.625000000000 4.804016113281 66 66 66
9.562500000000 7.625000000000 4.723022460938 73 73 73
9.562500000000 7.625000000000 4.640014648438 82 82 82
9.562500000000 7.625000000000 4.559020996094 84 84 84
9.562500000000 7.625000000000 4.477020263672 96 96 96
9.562500000000 7.625000000000 4.396026611328 106 106 106
9.625000000000 7.750000000000 4.314025878906 132 132 132
9.625000000000 7.750000000000 4.232025146484 120 120 120
9.625000000000 7.750000000000 4.149017333984 111 111 111
9.625000000000 7.750000000000 4.067016601563 112 112 112
9.625000000000 7.750000000000 3.984008789063 119 119 119
9.625000000000 7.750000000000 3.902008056641 111 111 111
9.625000000000 7.750000000000 3.815002441406 112 112 112
9.562500000000 7.750000000000 3.728027343750 135 135 135
9.562500000000 7.750000000000 3.644012451172 139 139 139
9.562500000000 7.750000000000 3.558013916016 137 137 137
9.562500000000 7.750000000000 3.472015380859 145 145 145
9.562500000000 7.750000000000 3.388000488281 150 150 150
9.562500000000 7.750000000000 3.300018310547 153 153 153
9.562500000000 7.750000000000 3.214019775391 129 129 129
9.562500000000 7.750000000000 3.131011962891 116 116 116
9.562500000000 7.750000000000 3.040008544922 128 128 128
9.562500000000 7.750000000000 2.952026367188 113 113 113
9.562500000000 7.750000000000 2.868011474609 53 53 53
9.500000000000 7.625000000000 5.880004882813 130 130 130
9.500000000000 7.625000000000 5.797027587891 129 129 129
9.500000000000 7.625000000000 5.713012695313 119 119 119
9.500000000000 7.625000000000 5.631011962891 124 124 124
9.437500000000 7.625000000000 5.549011230469 142 142 142
9.437500000000 7.625000000000 5.467010498047 151 151 151
9.437500000000 7.625000000000 5.384002685547 164 164 164
9.437500000000 7.625000000000 5.300018310547 157 157 157
9.437500000000 7.625000000000 5.217010498047 166 166 166
9.437500000000 7.625000000000 5.134002685547 169 169 169
9.437500000000 7.625000000000 5.050018310547 173 173 173
9.437500000000 7.625000000000 4.968017578125 165 165 165
9.437500000000 7.625000000000 4.884002685547 135 135 135
9.437500000000 7.625000000000 4.802001953125 124 124 124
9.437500000000 7.625000000000 4.719024658203 111 111 111
9.437500000000 7.625000000000 4.636016845703 103 103 103
9.437500000000 7.625000000000 4.553009033203 95 95 95
9.437500000000 7.625000000000 4.470001220703 12 12 12
9.437500000000 7.500000000000 5.639007568359 157 157 157
9.437500000000 7.500000000000 5.553009033203 160 160 160
9.437500000000 7.500000000000 5.468017578125 158 158 158
9.437500000000 7.500000000000 5.385009765625 160 160 160
9.437500000000 7.500000000000 5.301025390625 158 158 158
9.437500000000 7.250000000000 5.719024658203 144 144 144
9.437500000000 7.250000000000 5.636016845703 163 163 163
9.437500000000 7.250000000000 5.551025390625 161 161 161
9.437500000000 7.250000000000 5.383026123047 157 157 157
9.437500000000 7.250000000000 5.299011230469 158 158 158
9.437500000000 7.250000000000 5.215026855469 161 161 161
9.437500000000 7.125000000000 5.801025390625 121 121 121
9.437500000000 7.250000000000 5.718017578125 158 158 158
9.437500000000 7.125000000000 5.632019042969 159 159 159
9.437500000000 7.125000000000 5.296020507813 149 149 149
9.437500000000 7.125000000000 5.212005615234 163 163 163
9.437500000000 7.125000000000 5.128021240234 165 165 165
9.437500000000 7.125000000000 5.800018310547 200 200 200
9.437500000000 7.125000000000 5.715026855469 157 157 157
9.437500000000 7.125000000000 5.210021972656 141 141 141
9.437500000000 7.125000000000 5.126007080078 93 93 93
