23.773410797119 25.495147705078 61.463001251221 186 186 186
23.749437332153 25.437429428101 61.398002624512 195 195 195
23.749437332153 25.437429428101 61.337001800537 218 218 218
23.773410797119 25.495147705078 61.277999877930 43 43 43
23.749437332153 25.437429428101 60.853000640869 182 182 182
23.749437332153 25.437429428101 60.792999267578 178 178 178
23.773410797119 25.495147705078 60.735000610352 181 181 181
23.783182144165 25.355735778809 61.416000366211 185 185 185
23.783182144165 25.355735778809 61.355998992920 184 184 184
23.783182144165 25.355735778809 61.292999267578 189 189 189
23.783182144165 25.355735778809 61.230003356934 189 189 189
23.783182144165 25.355735778809 60.985000610352 136 136 136
23.783182144165 25.355735778809 60.923999786377 181 181 181
23.783182144165 25.355735778809 60.864002227783 179 179 179
23.783182144165 25.355735778809 60.803001403809 185 185 185
23.783182144165 25.355735778809 60.744003295898 151 151 151
23.816928863525 25.274044036865 60.579002380371 102 102 102
23.816928863525 25.274044036865 60.518001556396 102 102 102
23.898620605469 25.307788848877 60.457000732422 108 108 108
23.840902328491 25.331762313843 60.395999908447 53 53 53
23.850673675537 25.192350387573 61.769001007080 79 79 79
23.792955398560 25.216323852539 61.309001922607 181 181 181
23.792955398560 25.216323852539 61.246002197266 185 185 185
23.792955398560 25.216323852539 61.181999206543 184 184 184
23.792955398560 25.216323852539 61.120002746582 135 135 135
23.792955398560 25.216323852539 61.056999206543 176 176 176
23.792955398560 25.216323852539 60.995002746582 186 186 186
23.792955398560 25.216323852539 60.934001922607 186 186 186
23.792955398560 25.216323852539 60.874000549316 187 187 187
23.884420394897 25.110658645630 60.713001251221 21 21 21
23.884420394897 25.110658645630 60.648002624512 89 89 89
23.884420394897 25.110658645630 60.587001800537 115 115 115
23.802726745605 25.076911926270 60.519001007080 110 110 110
23.802726745605 25.076911926270 60.458999633789 93 93 93
23.908393859863 25.168376922607 60.401000976563 111 111 111
23.802726745605 25.076911926270 60.336002349854 48 48 48
23.826700210571 25.134632110596 60.275001525879 48 48 48
23.908393859863 25.168376922607 60.215999603271 45 45 45
23.639341354370 25.009420394897 61.881999969482 44 44 44
23.605596542358 25.091112136841 61.783000946045 129 129 129
23.802726745605 25.076911926270 61.782001495361 119 119 119
23.639341354370 25.009420394897 61.683002471924 138 138 138
23.721035003662 25.043165206909 61.631999969482 100 100 100
23.802726745605 25.076911926270 61.261001586914 171 171 171
23.802726745605 25.076911926270 61.199001312256 183 183 183
23.802726745605 25.076911926270 61.132999420166 179 179 179
23.697061538696 24.985446929932 61.069999694824 183 183 183
23.697061538696 24.985446929932 61.006999969482 187 187 187
23.697061538696 24.985446929932 60.944000244141 184 184 184
23.870218276978 24.913526535034 60.657001495361 174 174 174
23.870218276978 24.913526535034 60.593002319336 161 161 161
23.870218276978 24.913526535034 60.531002044678 102 102 102
23.870218276978 24.913526535034 60.466999053955 106 106 106
23.860446929932 25.052938461304 60.401000976563 120 120 120
23.870218276978 24.913526535034 60.344001770020 93 93 93
23.870218276978 24.913526535034 60.282001495361 98 98 98
23.894191741943 24.971244812012 60.219001770020 162 162 162
23.836473464966 24.995218276978 60.157001495361 130 130 130
23.894191741943 24.971244812012 60.096000671387 127 127 127
23.870218276978 24.913526535034 60.034000396729 98 98 98
23.639341354370 25.009420394897 61.867000579834 144 144 144
23.591394424438 24.893981933594 61.798000335693 122 122 122
23.697061538696 24.985446929932 61.748001098633 137 137 137
23.639341354370 25.009420394897 61.672000885010 171 171 171
23.673088073730 24.927726745605 61.628002166748 88 88 88
23.697061538696 24.985446929932 61.556999206543 173 173 173
23.697061538696 24.985446929932 61.491001129150 175 175 175
23.697061538696 24.985446929932 61.426002502441 176 176 176
23.697061538696 24.985446929932 61.364002227783 181 181 181
23.697061538696 24.985446929932 61.298999786377 185 185 185
23.697061538696 24.985446929932 61.239002227783 187 187 187
23.697061538696 24.985446929932 61.176002502441 192 192 192
23.697061538696 24.985446929932 61.114002227783 195 195 195
23.697061538696 24.985446929932 61.053001403809 203 203 203
23.697061538696 24.985446929932 60.990001678467 200 200 200
23.697061538696 24.985446929932 60.930999755859 201 201 201
23.697061538696 24.985446929932 60.870002746582 208 208 208
23.697061538696 24.985446929932 60.809001922607 208 208 208
23.697061538696 24.985446929932 60.749000549316 211 211 211
23.697061538696 24.985446929932 60.688999176025 210 210 210
23.697061538696 24.985446929932 60.629001617432 211 211 211
23.673088073730 24.927726745605 60.569999694824 214 214 214
23.697061538696 24.985446929932 60.509002685547 213 213 213
23.673088073730 24.927726745605 60.450000762939 216 216 216
23.673088073730 24.927726745605 60.391002655029 213 213 213
23.673088073730 24.927726745605 60.332000732422 214 214 214
23.673088073730 24.927726745605 60.271999359131 213 213 213
23.673088073730 24.927726745605 60.213001251221 211 211 211
23.673088073730 24.927726745605 60.153999328613 212 212 212
23.673088073730 24.927726745605 60.094001770020 233 233 233
23.673088073730 24.927726745605 60.034999847412 209 209 209
23.673088073730 24.927726745605 59.976001739502 189 189 189
23.673088073730 24.927726745605 59.916000366211 183 183 183
23.673088073730 24.927726745605 59.857002258301 177 177 177
23.673088073730 24.927726745605 59.797000885010 171 171 171
23.673088073730 24.927726745605 59.737003326416 161 161 161
23.673088073730 24.927726745605 59.676002502441 114 114 114
23.543447494507 24.778543472290 61.805000305176 29 29 29
23.716606140137 24.706623077393 61.801002502441 102 102 102
23.798297882080 24.740367889404 61.359001159668 74 74 74
23.716606140137 24.706623077393 61.291000366211 174 174 174
23.716606140137 24.706623077393 61.227001190186 180 180 180
23.716606140137 24.706623077393 61.163002014160 216 216 216
23.798297882080 24.740367889404 61.100002288818 154 154 154
23.798297882080 24.740367889404 61.037002563477 205 205 205
23.798297882080 24.740367889404 60.973999023438 201 201 201
23.798297882080 24.740367889404 60.910999298096 201 201 201
24.005203247070 24.586755752563 60.676002502441 93 93 93
24.005203247070 24.586755752563 60.610000610352 93 93 93
23.913736343384 24.692420959473 60.544002532959 92 92 92
23.913736343384 24.692420959473 60.480998992920 92 92 92
23.913736343384 24.692420959473 60.416999816895 111 111 111
23.913736343384 24.692420959473 60.353000640869 94 94 94
23.913736343384 24.692420959473 60.288002014160 89 89 89
23.913736343384 24.692420959473 60.223999023438 14 14 14
23.601167678833 24.754570007324 58.818000793457 26 26 26
23.601167678833 24.754570007324 58.495002746582 97 97 97
23.601167678833 24.754570007324 58.431999206543 106 106 106
23.601167678833 24.754570007324 58.365001678467 118 118 118
23.601167678833 24.754570007324 58.294002532959 148 148 148
23.601167678833 24.754570007324 58.244003295898 147 147 147
23.601167678833 24.754570007324 58.167999267578 141 141 141
23.784097671509 24.543237686157 61.441001892090 151 151 151
23.784097671509 24.543237686157 61.375999450684 172 172 172
23.784097671509 24.543237686157 61.308002471924 209 209 209
23.784097671509 24.543237686157 61.241001129150 190 190 190
23.784097671509 24.543237686157 60.988002777100 181 181 181
23.784097671509 24.543237686157 60.924999237061 192 192 192
23.784097671509 24.543237686157 60.860000610352 220 220 220
23.784097671509 24.543237686157 60.795001983643 173 173 173
23.793869018555 24.403823852539 61.527000427246 169 169 169
23.793869018555 24.403823852539 61.458000183105 172 172 172
23.793869018555 24.403823852539 61.391002655029 215 215 215
23.793869018555 24.403823852539 61.320999145508 174 174 174
23.851589202881 24.379850387573 60.935001373291 73 73 73
23.851589202881 24.379850387573 60.872001647949 201 201 201
23.851589202881 24.379850387573 60.808002471924 176 176 176
23.851589202881 24.379850387573 60.743000030518 171 171 171
23.763637542725 25.634559631348 61.338001251221 121 121 121
23.725463867188 25.379709243774 60.734001159668 255 255 255
23.725463867188 25.379709243774 60.801002502441 255 255 255
23.725463867188 25.379709243774 60.870002746582 255 255 255
23.725463867188 25.379709243774 61.280002593994 178 178 178
23.725463867188 25.379709243774 61.348999023438 209 209 209
23.725463867188 25.379709243774 61.421001434326 224 224 224
23.725463867188 25.379709243774 61.487003326416 207 207 207
23.783182144165 25.355735778809 60.740001678467 170 170 170
23.783182144165 25.355735778809 60.806999206543 253 253 253
23.783182144165 25.355735778809 60.875999450684 255 255 255
23.783182144165 25.355735778809 60.944999694824 255 255 255
23.725463867188 25.379709243774 61.218002319336 189 189 189
23.783182144165 25.355735778809 61.290000915527 218 218 218
23.783182144165 25.355735778809 61.361000061035 222 222 222
23.783182144165 25.355735778809 61.430000305176 209 209 209
23.874647140503 25.250070571899 60.402999877930 121 121 121
23.874647140503 25.250070571899 60.472000122070 111 111 111
23.874647140503 25.250070571899 60.541999816895 103 103 103
23.874647140503 25.250070571899 60.613002777100 115 115 115
23.735235214233 25.240297317505 60.812999725342 178 178 178
23.735235214233 25.240297317505 60.881999969482 255 255 255
23.735235214233 25.240297317505 60.951999664307 255 255 255
23.735235214233 25.240297317505 61.020999908447 250 250 250
23.735235214233 25.240297317505 61.158000946045 193 193 193
23.735235214233 25.240297317505 61.230003356934 210 210 210
23.735235214233 25.240297317505 61.301002502441 217 217 217
23.735235214233 25.240297317505 61.371002197266 207 207 207
23.860446929932 25.052938461304 60.193000793457 108 108 108
23.860446929932 25.052938461304 60.263000488281 199 199 199
23.860446929932 25.052938461304 60.333000183105 189 189 189
23.908393859863 25.168376922607 60.403999328613 111 111 111
23.860446929932 25.052938461304 60.472999572754 113 113 113
23.860446929932 25.052938461304 60.544002532959 114 114 114
23.908393859863 25.168376922607 60.617000579834 116 116 116
23.908393859863 25.168376922607 60.687999725342 109 109 109
23.802726745605 25.076911926270 60.887001037598 189 189 189
23.802726745605 25.076911926270 60.958999633789 255 255 255
23.802726745605 25.076911926270 61.027999877930 243 243 243
23.802726745605 25.076911926270 61.097999572754 232 232 232
23.802726745605 25.076911926270 61.169002532959 214 214 214
23.802726745605 25.076911926270 61.240001678467 218 218 218
23.802726745605 25.076911926270 61.310001373291 203 203 203
23.687288284302 25.124858856201 61.736000061035 43 43 43
23.802726745605 25.076911926270 61.826999664307 112 112 112
23.605596542358 25.091112136841 61.843002319336 54 54 54
23.860446929932 25.052938461304 60.054000854492 86 86 86
23.918165206909 25.028964996338 60.122001647949 199 199 199
23.894191741943 24.971244812012 60.193000793457 169 169 169
23.894191741943 24.971244812012 60.263999938965 133 133 133
23.697061538696 24.985446929932 60.333999633789 209 209 209
23.754779815674 24.961473464966 60.403999328613 170 170 170
23.754779815674 24.961473464966 60.473999023438 181 181 181
23.894191741943 24.971244812012 60.549999237061 163 163 163
23.860446929932 25.052938461304 60.618000030518 111 111 111
23.860446929932 25.052938461304 60.686000823975 110 110 110
23.639341354370 25.009420394897 60.745002746582 57 57 57
23.639341354370 25.009420394897 60.812999725342 67 67 67
23.639341354370 25.009420394897 60.881999969482 81 81 81
23.754779815674 24.961473464966 60.962001800537 194 194 194
23.754779815674 24.961473464966 61.032001495361 201 201 201
23.754779815674 24.961473464966 61.102001190186 196 196 196
23.697061538696 24.985446929932 61.171001434326 194 194 194
23.697061538696 24.985446929932 61.236000061035 154 154 154
23.639341354370 25.009420394897 61.299999237061 133 133 133
23.639341354370 25.009420394897 61.370002746582 146 146 146
23.639341354370 25.009420394897 61.442001342773 153 153 153
23.639341354370 25.009420394897 61.512001037598 154 154 154
23.639341354370 25.009420394897 61.583999633789 156 156 156
23.639341354370 25.009420394897 61.649002075195 137 137 137
23.591394424438 24.893981933594 61.713001251221 139 139 139
23.639341354370 25.009420394897 61.795001983643 107 107 107
23.591394424438 24.893981933594 61.852001190186 129 129 129
23.649114608765 24.870008468628 58.866001129150 168 168 168
23.649114608765 24.870008468628 58.936000823975 178 178 178
23.649114608765 24.870008468628 59.011001586914 183 183 183
23.649114608765 24.870008468628 59.083000183105 183 183 183
23.649114608765 24.870008468628 59.155002593994 186 186 186
23.649114608765 24.870008468628 59.225002288818 192 192 192
23.649114608765 24.870008468628 59.297000885010 194 194 194
23.649114608765 24.870008468628 59.366001129150 193 193 193
23.649114608765 24.870008468628 59.437000274658 196 196 196
23.649114608765 24.870008468628 59.506000518799 197 197 197
23.649114608765 24.870008468628 59.576999664307 196 196 196
23.649114608765 24.870008468628 59.645999908447 198 198 198
23.649114608765 24.870008468628 59.714000701904 200 200 200
23.649114608765 24.870008468628 59.784000396729 201 201 201
23.649114608765 24.870008468628 59.853000640869 198 198 198
23.649114608765 24.870008468628 59.921001434326 197 197 197
23.649114608765 24.870008468628 59.990001678467 197 197 197
23.649114608765 24.870008468628 60.059001922607 193 193 193
23.649114608765 24.870008468628 60.128002166748 194 194 194
23.649114608765 24.870008468628 60.195999145508 200 200 200
23.649114608765 24.870008468628 60.264999389648 182 182 182
23.706832885742 24.846035003662 60.333999633789 172 172 172
23.706832885742 24.846035003662 60.402999877930 170 170 170
23.706832885742 24.846035003662 60.472000122070 166 166 166
23.706832885742 24.846035003662 60.542999267578 178 178 178
23.706832885742 24.846035003662 60.613002777100 180 180 180
23.706832885742 24.846035003662 60.683002471924 170 170 170
23.706832885742 24.846035003662 60.752002716064 143 143 143
23.706832885742 24.846035003662 60.822002410889 139 139 139
23.706832885742 24.846035003662 60.893001556396 133 133 133
23.706832885742 24.846035003662 60.971000671387 212 212 212
23.706832885742 24.846035003662 61.041999816895 203 203 203
23.706832885742 24.846035003662 61.114002227783 216 216 216
23.706832885742 24.846035003662 61.186000823975 224 224 224
23.706832885742 24.846035003662 61.257999420166 216 216 216
23.706832885742 24.846035003662 61.326000213623 83 83 83
23.706832885742 24.846035003662 61.395000457764 71 71 71
23.706832885742 24.846035003662 61.468002319336 160 160 160
23.706832885742 24.846035003662 61.531002044678 140 140 140
23.706832885742 24.846035003662 61.607002258301 116 116 116
23.706832885742 24.846035003662 61.670001983643 122 122 122
23.706832885742 24.846035003662 61.750999450684 111 111 111
23.788526535034 24.879779815674 61.858001708984 115 115 115
23.625141143799 24.812288284302 61.888000488281 81 81 81
23.879991531372 24.774114608765 60.119003295898 118 118 118
23.879991531372 24.774114608765 60.192001342773 105 105 105
23.879991531372 24.774114608765 60.264999389648 106 106 106
23.879991531372 24.774114608765 60.338001251221 121 121 121
23.879991531372 24.774114608765 60.409999847412 109 109 109
23.879991531372 24.774114608765 60.482002258301 106 106 106
23.879991531372 24.774114608765 60.554000854492 115 115 115
23.937709808350 24.750141143799 60.630001068115 107 107 107
23.879991531372 24.774114608765 60.701999664307 108 108 108
23.822271347046 24.798088073730 60.912002563477 255 255 255
23.716606140137 24.706623077393 60.982002258301 208 208 208
23.716606140137 24.706623077393 61.053001403809 204 204 204
23.716606140137 24.706623077393 61.125000000000 233 233 233
23.716606140137 24.706623077393 61.197002410889 223 223 223
23.716606140137 24.706623077393 61.271999359131 239 239 239
23.716606140137 24.706623077393 61.343002319336 194 194 194
23.822271347046 24.798088073730 61.801002502441 28 28 28
23.913736343384 24.692420959473 60.264999389648 61 61 61
23.913736343384 24.692420959473 60.339000701904 114 114 114
23.913736343384 24.692420959473 60.412002563477 111 111 111
23.913736343384 24.692420959473 60.486000061035 112 112 112
23.913736343384 24.692420959473 60.560001373291 108 108 108
23.913736343384 24.692420959473 60.632999420166 108 108 108
23.913736343384 24.692420959473 60.708999633789 89 89 89
23.750350952148 24.624929428101 60.845001220703 254 254 254
23.774324417114 24.682649612427 60.916999816895 209 209 209
23.750350952148 24.624929428101 60.990001678467 226 226 226
23.750350952148 24.624929428101 61.062999725342 255 255 255
23.774324417114 24.682649612427 61.207000732422 228 228 228
23.774324417114 24.682649612427 61.278999328613 215 215 215
23.774324417114 24.682649612427 61.355003356934 230 230 230
23.750350952148 24.624929428101 61.431999206543 165 165 165
24.005203247070 24.586755752563 60.487003326416 22 22 22
24.005203247070 24.586755752563 60.561000823975 57 57 57
23.841815948486 24.519264221191 60.778999328613 255 255 255
23.841815948486 24.519264221191 60.850002288818 255 255 255
23.841815948486 24.519264221191 60.923999786377 219 219 219
23.841815948486 24.519264221191 60.999000549316 255 255 255
23.841815948486 24.519264221191 61.289001464844 217 217 217
23.841815948486 24.519264221191 61.365001678467 233 233 233
23.841815948486 24.519264221191 61.437999725342 222 222 222
23.841815948486 24.519264221191 61.512001037598 23 23 23
23.851589202881 24.379850387573 60.708000183105 162 162 162
23.851589202881 24.379850387573 60.783000946045 255 255 255
23.851589202881 24.379850387573 60.855998992920 247 247 247
23.851589202881 24.379850387573 60.930999755859 255 255 255
23.851589202881 24.379850387573 61.373001098633 222 222 222
23.851589202881 24.379850387573 61.449001312256 228 228 228
23.851589202881 24.379850387573 61.523002624512 202 202 202
23.885335922241 24.298158645630 60.862003326416 137 137 137
23.749437332153 25.437429428101 61.516002655029 45 45 45
23.749437332153 25.437429428101 61.447002410889 136 136 136
23.773410797119 25.495147705078 61.379001617432 182 182 182
23.773410797119 25.495147705078 61.310001373291 133 133 133
23.773410797119 25.495147705078 60.900001525879 57 57 57
23.773410797119 25.495147705078 60.832000732422 123 123 123
23.749437332153 25.437429428101 60.763999938965 117 117 117
23.773410797119 25.495147705078 60.698001861572 79 79 79
23.898620605469 25.307788848877 60.575000762939 74 74 74
23.898620605469 25.307788848877 60.505001068115 76 76 76
23.898620605469 25.307788848877 60.435001373291 24 24 24
23.792955398560 25.216323852539 61.399002075195 119 119 119
23.792955398560 25.216323852539 61.327999114990 129 129 129
23.792955398560 25.216323852539 61.261001586914 133 133 133
23.792955398560 25.216323852539 61.187999725342 116 116 116
23.792955398560 25.216323852539 60.978000640869 121 121 121
23.792955398560 25.216323852539 60.912002563477 125 125 125
23.792955398560 25.216323852539 60.843002319336 123 123 123
23.792955398560 25.216323852539 60.770999908447 47 47 47
23.860446929932 25.052938461304 60.651000976563 77 77 77
23.884420394897 25.110658645630 60.577999114990 87 87 87
23.802726745605 25.076911926270 60.506000518799 92 92 92
23.908393859863 25.168376922607 60.437000274658 92 92 92
23.850673675537 25.192350387573 60.366001129150 41 41 41
23.826700210571 25.134632110596 60.296001434326 21 21 21
23.908393859863 25.168376922607 60.226001739502 34 34 34
23.884420394897 25.110658645630 60.155002593994 56 56 56
23.802726745605 25.076911926270 61.840000152588 123 123 123
23.927938461304 24.889553070068 61.826999664307 110 110 110
23.802726745605 25.076911926270 61.701999664307 93 93 93
23.802726745605 25.076911926270 61.275001525879 127 127 127
23.802726745605 25.076911926270 61.204002380371 126 126 126
23.802726745605 25.076911926270 61.131000518799 119 119 119
23.802726745605 25.076911926270 61.062000274658 130 130 130
23.802726745605 25.076911926270 60.991001129150 133 133 133
23.802726745605 25.076911926270 60.920001983643 109 109 109
23.961683273315 24.807859420776 60.658000946045 120 120 120
23.961683273315 24.807859420776 60.586002349854 82 82 82
23.927938461304 24.889553070068 60.509002685547 99 99 99
23.860446929932 25.052938461304 60.436000823975 142 142 142
23.836473464966 24.995218276978 60.366001129150 131 131 131
23.927938461304 24.889553070068 60.296001434326 65 65 65
23.836473464966 24.995218276978 60.226001739502 74 74 74
23.870218276978 24.913526535034 60.155002593994 72 72 72
23.927938461304 24.889553070068 60.082000732422 77 77 77
23.639341354370 25.009420394897 61.895000457764 133 133 133
23.605596542358 25.091112136841 61.798999786377 123 123 123
23.639341354370 25.009420394897 61.749000549316 109 109 109
23.639341354370 25.009420394897 61.673999786377 157 157 157
23.697061538696 24.985446929932 61.619003295898 130 130 130
23.639341354370 25.009420394897 61.542999267578 179 179 179
23.639341354370 25.009420394897 61.472999572754 179 179 179
23.639341354370 25.009420394897 61.403999328613 178 178 178
23.639341354370 25.009420394897 61.332000732422 170 170 170
23.639341354370 25.009420394897 61.262001037598 172 172 172
23.697061538696 24.985446929932 61.193000793457 183 183 183
23.697061538696 24.985446929932 61.124000549316 173 173 173
23.697061538696 24.985446929932 61.055000305176 166 166 166
23.697061538696 24.985446929932 60.985000610352 165 165 165
23.697061538696 24.985446929932 60.916000366211 161 161 161
23.697061538696 24.985446929932 60.845001220703 159 159 159
23.697061538696 24.985446929932 60.777999877930 156 156 156
23.673088073730 24.927726745605 60.708999633789 159 159 159
23.673088073730 24.927726745605 60.639999389648 160 160 160
23.673088073730 24.927726745605 60.570999145508 164 164 164
23.673088073730 24.927726745605 60.502002716064 170 170 170
23.649114608765 24.870008468628 60.434001922607 185 185 185
23.649114608765 24.870008468628 60.364002227783 174 174 174
23.649114608765 24.870008468628 60.295001983643 171 171 171
23.649114608765 24.870008468628 60.226001739502 174 174 174
23.754779815674 24.961473464966 60.156002044678 174 174 174
23.754779815674 24.961473464966 60.087001800537 172 172 172
23.754779815674 24.961473464966 60.017002105713 167 167 167
23.812500000000 24.937500000000 59.945999145508 173 173 173
23.812500000000 24.937500000000 59.877002716064 174 174 174
23.754779815674 24.961473464966 59.806999206543 170 170 170
23.812500000000 24.937500000000 59.736000061035 170 170 170
23.812500000000 24.937500000000 59.666000366211 171 171 171
23.812500000000 24.937500000000 59.596000671387 169 169 169
23.812500000000 24.937500000000 59.525001525879 170 170 170
23.812500000000 24.937500000000 59.452999114990 168 168 168
23.788526535034 24.879779815674 59.381000518799 167 167 167
23.812500000000 24.937500000000 59.311000823975 166 166 166
23.788526535034 24.879779815674 59.237003326416 163 163 163
23.788526535034 24.879779815674 59.164001464844 151 151 151
23.788526535034 24.879779815674 59.094001770020 138 138 138
23.788526535034 24.879779815674 59.019001007080 128 128 128
23.788526535034 24.879779815674 58.948001861572 120 120 120
23.812500000000 24.937500000000 58.875999450684 111 111 111
23.812500000000 24.937500000000 58.802001953125 98 98 98
23.788526535034 24.879779815674 58.726001739502 94 94 94
23.788526535034 24.879779815674 58.645999908447 110 110 110
23.788526535034 24.879779815674 58.569000244141 108 108 108
23.812500000000 24.937500000000 58.506000518799 111 111 111
23.764553070068 24.822061538696 58.400001525879 216 216 216
23.788526535034 24.879779815674 58.340999603271 90 90 90
23.673088073730 24.927726745605 58.289001464844 107 107 107
23.533676147461 24.917955398560 61.798000335693 114 114 114
23.716606140137 24.706623077393 61.801002502441 84 84 84
23.591394424438 24.893981933594 61.676002502441 77 77 77
23.750350952148 24.624929428101 61.381999969482 109 109 109
23.750350952148 24.624929428101 61.309001922607 113 113 113
23.750350952148 24.624929428101 61.235000610352 165 165 165
23.750350952148 24.624929428101 61.163002014160 24 24 24
23.784097671509 24.543237686157 61.020999908447 118 118 118
23.784097671509 24.543237686157 60.949001312256 149 149 149
23.865789413452 24.576982498169 60.877002716064 169 169 169
23.865789413452 24.576982498169 60.805000305176 103 103 103
23.706832885742 24.846035003662 60.362003326416 43 43 43
23.706832885742 24.846035003662 60.294002532959 50 50 50
23.706832885742 24.846035003662 60.225002288818 59 59 59
23.706832885742 24.846035003662 60.157001495361 77 77 77
23.706832885742 24.846035003662 60.089000701904 76 76 76
23.706832885742 24.846035003662 60.020000457764 87 87 87
23.591394424438 24.893981933594 59.951999664307 91 91 91
23.706832885742 24.846035003662 59.882999420166 105 105 105
23.706832885742 24.846035003662 59.815002441406 99 99 99
23.591394424438 24.893981933594 59.747001647949 113 113 113
23.706832885742 24.846035003662 59.677001953125 124 124 124
23.706832885742 24.846035003662 59.607002258301 131 131 131
23.706832885742 24.846035003662 59.537002563477 130 130 130
23.706832885742 24.846035003662 59.469001770020 135 135 135
23.706832885742 24.846035003662 59.398002624512 140 140 140
23.706832885742 24.846035003662 59.327999114990 146 146 146
23.706832885742 24.846035003662 59.257999420166 154 154 154
23.706832885742 24.846035003662 59.186000823975 159 159 159
23.706832885742 24.846035003662 59.115001678467 156 156 156
23.706832885742 24.846035003662 59.042999267578 156 156 156
23.706832885742 24.846035003662 58.971000671387 162 162 162
23.706832885742 24.846035003662 58.900001525879 162 162 162
23.706832885742 24.846035003662 58.827999114990 161 161 161
23.706832885742 24.846035003662 58.753002166748 162 162 162
23.706832885742 24.846035003662 58.681999206543 165 165 165
23.706832885742 24.846035003662 58.605003356934 162 162 162
23.706832885742 24.846035003662 58.530002593994 167 167 167
23.706832885742 24.846035003662 58.459999084473 168 168 168
23.591394424438 24.893981933594 58.419002532959 169 169 169
23.851589202881 24.379850387573 61.477001190186 111 111 111
23.851589202881 24.379850387573 61.403999328613 177 177 177
23.851589202881 24.379850387573 61.326000213623 99 99 99
23.909309387207 24.355876922607 60.888999938965 74 74 74
23.909309387207 24.355876922607 60.815002441406 117 117 117
23.783182144165 25.355735778809 61.435001373291 95 95 95
23.783182144165 25.355735778809 61.369003295898 132 132 132
23.783182144165 25.355735778809 61.299999237061 149 149 149
23.783182144165 25.355735778809 61.230003356934 127 127 127
23.783182144165 25.355735778809 60.954002380371 74 74 74
23.783182144165 25.355735778809 60.885002136230 124 124 124
23.783182144165 25.355735778809 60.816001892090 121 121 121
23.783182144165 25.355735778809 60.749000549316 120 120 120
23.850673675537 25.192350387573 60.627002716064 75 75 75
23.850673675537 25.192350387573 60.555999755859 86 86 86
23.850673675537 25.192350387573 60.485000610352 97 97 97
23.850673675537 25.192350387573 60.415000915527 94 94 94
23.850673675537 25.192350387573 60.345001220703 87 87 87
23.850673675537 25.192350387573 60.275001525879 48 48 48
24.023832321167 25.120429992676 60.202999114990 65 65 65
23.768981933594 25.158605575562 61.820999145508 95 95 95
23.927938461304 24.889553070068 61.805000305176 101 101 101
23.802726745605 25.076911926270 61.687000274658 59 59 59
23.802726745605 25.076911926270 61.250000000000 131 131 131
23.802726745605 25.076911926270 61.180999755859 135 135 135
23.802726745605 25.076911926270 61.109001159668 119 119 119
23.802726745605 25.076911926270 61.038002014160 131 131 131
23.802726745605 25.076911926270 60.968002319336 129 129 129
23.802726745605 25.076911926270 60.898002624512 120 120 120
23.927938461304 24.889553070068 60.708999633789 24 24 24
23.927938461304 24.889553070068 60.636001586914 63 63 63
23.927938461304 24.889553070068 60.563999176025 69 69 69
23.927938461304 24.889553070068 60.490001678467 86 86 86
23.836473464966 24.995218276978 60.416999816895 105 105 105
23.836473464966 24.995218276978 60.346000671387 100 100 100
23.870218276978 24.913526535034 60.276000976563 73 73 73
23.836473464966 24.995218276978 60.205001831055 143 143 143
23.927938461304 24.889553070068 60.132999420166 83 83 83
23.870218276978 24.913526535034 60.062999725342 108 108 108
23.639341354370 25.009420394897 61.873001098633 138 138 138
23.629570007324 25.148832321167 61.775001525879 118 118 118
23.639341354370 25.009420394897 61.730003356934 107 107 107
23.639341354370 25.009420394897 61.652999877930 154 154 154
23.639341354370 25.009420394897 61.597000122070 149 149 149
23.639341354370 25.009420394897 61.523002624512 177 177 177
23.639341354370 25.009420394897 61.452999114990 178 178 178
23.639341354370 25.009420394897 61.382999420166 173 173 173
23.639341354370 25.009420394897 61.311000823975 172 172 172
23.639341354370 25.009420394897 61.243000030518 177 177 177
23.639341354370 25.009420394897 61.173000335693 188 188 188
23.639341354370 25.009420394897 61.103000640869 171 171 171
23.639341354370 25.009420394897 61.033000946045 167 167 167
23.697061538696 24.985446929932 60.964000701904 166 166 166
23.697061538696 24.985446929932 60.895999908447 161 161 161
23.697061538696 24.985446929932 60.826000213623 161 161 161
23.697061538696 24.985446929932 60.757999420166 161 161 161
23.697061538696 24.985446929932 60.688999176025 152 152 152
23.697061538696 24.985446929932 60.620002746582 161 161 161
23.673088073730 24.927726745605 60.552001953125 163 163 163
23.673088073730 24.927726745605 60.483001708984 174 174 174
23.673088073730 24.927726745605 60.414001464844 179 179 179
23.673088073730 24.927726745605 60.345001220703 170 170 170
23.673088073730 24.927726745605 60.276000976563 168 168 168
23.673088073730 24.927726745605 60.207000732422 168 168 168
23.649114608765 24.870008468628 60.137001037598 169 169 169
23.649114608765 24.870008468628 60.068000793457 169 169 169
23.706832885742 24.846035003662 59.998001098633 162 162 162
23.706832885742 24.846035003662 59.928001403809 166 166 166
23.706832885742 24.846035003662 59.858001708984 166 166 166
23.706832885742 24.846035003662 59.788002014160 167 167 167
23.706832885742 24.846035003662 59.718002319336 166 166 166
23.706832885742 24.846035003662 59.646999359131 166 166 166
23.706832885742 24.846035003662 59.576000213623 163 163 163
23.706832885742 24.846035003662 59.505001068115 163 163 163
23.706832885742 24.846035003662 59.435001373291 163 163 163
23.706832885742 24.846035003662 59.365001678467 163 163 163
23.706832885742 24.846035003662 59.291999816895 163 163 163
23.706832885742 24.846035003662 59.221000671387 161 161 161
23.706832885742 24.846035003662 59.149002075195 158 158 158
23.706832885742 24.846035003662 59.074001312256 149 149 149
23.706832885742 24.846035003662 59.002002716064 146 146 146
23.706832885742 24.846035003662 58.928001403809 136 136 136
23.706832885742 24.846035003662 58.857002258301 121 121 121
23.706832885742 24.846035003662 58.783000946045 117 117 117
23.706832885742 24.846035003662 58.705001831055 121 121 121
23.706832885742 24.846035003662 58.629001617432 112 112 112
23.706832885742 24.846035003662 58.552001953125 116 116 116
23.706832885742 24.846035003662 58.482002258301 120 120 120
23.764553070068 24.822061538696 58.385002136230 211 211 211
23.706832885742 24.846035003662 58.324001312256 102 102 102
23.649114608765 24.870008468628 58.268001556396 119 119 119
23.673088073730 24.927726745605 58.193000793457 152 152 152
23.533676147461 24.917955398560 61.788002014160 103 103 103
23.716606140137 24.706623077393 61.774002075195 16 16 16
23.784097671509 24.543237686157 61.444999694824 45 45 45
23.784097671509 24.543237686157 61.369003295898 115 115 115
23.784097671509 24.543237686157 61.295001983643 154 154 154
23.784097671509 24.543237686157 61.216999053955 135 135 135
23.784097671509 24.543237686157 61.004001617432 35 35 35
23.841815948486 24.519264221191 60.935001373291 152 152 152
23.841815948486 24.519264221191 60.861000061035 150 150 150
23.841815948486 24.519264221191 60.790000915527 139 139 139
23.625141143799 24.812288284302 59.380001068115 23 23 23
23.625141143799 24.812288284302 59.311000823975 32 32 32
23.625141143799 24.812288284302 59.240001678467 43 43 43
23.625141143799 24.812288284302 59.169002532959 55 55 55
23.649114608765 24.870008468628 59.102001190186 63 63 63
23.625141143799 24.812288284302 59.028999328613 72 72 72
23.625141143799 24.812288284302 58.954002380371 81 81 81
23.625141143799 24.812288284302 58.886001586914 84 84 84
23.625141143799 24.812288284302 58.810001373291 87 87 87
23.625141143799 24.812288284302 58.736000061035 95 95 95
23.625141143799 24.812288284302 58.663002014160 107 107 107
23.625141143799 24.812288284302 58.589000701904 111 111 111
23.601167678833 24.754570007324 58.500000000000 202 202 202
23.601167678833 24.754570007324 58.429000854492 194 194 194
23.601167678833 24.754570007324 58.359001159668 176 176 176
23.649114608765 24.870008468628 58.299999237061 141 141 141
23.909309387207 24.355876922607 61.388999938965 78 78 78
23.715690612793 25.519121170044 60.768001556396 49 49 49
23.715690612793 25.519121170044 60.833999633789 236 236 236
23.715690612793 25.519121170044 61.311000823975 180 180 180
23.715690612793 25.519121170044 61.378002166748 193 193 193
23.783182144165 25.355735778809 60.707000732422 244 244 244
23.783182144165 25.355735778809 60.774002075195 255 255 255
23.783182144165 25.355735778809 60.843002319336 255 255 255
23.783182144165 25.355735778809 60.909999847412 255 255 255
23.783182144165 25.355735778809 61.253002166748 211 211 211
23.783182144165 25.355735778809 61.322002410889 208 208 208
23.783182144165 25.355735778809 61.395000457764 215 215 215
23.783182144165 25.355735778809 61.463001251221 192 192 192
23.898620605469 25.307788848877 60.444000244141 165 165 165
23.840902328491 25.331762313843 60.513000488281 101 101 101
23.898620605469 25.307788848877 60.583999633789 55 55 55
23.735235214233 25.240297317505 60.780002593994 196 196 196
23.735235214233 25.240297317505 60.851001739502 255 255 255
23.735235214233 25.240297317505 60.920001983643 255 255 255
23.735235214233 25.240297317505 60.987003326416 251 251 251
23.735235214233 25.240297317505 61.195999145508 211 211 211
23.735235214233 25.240297317505 61.266002655029 208 208 208
23.735235214233 25.240297317505 61.337001800537 215 215 215
23.735235214233 25.240297317505 61.412002563477 43 43 43
23.802726745605 25.076911926270 60.164001464844 27 27 27
23.802726745605 25.076911926270 60.234001159668 195 195 195
23.802726745605 25.076911926270 60.304000854492 192 192 192
23.860446929932 25.052938461304 60.375000000000 104 104 104
23.860446929932 25.052938461304 60.444000244141 106 106 106
23.860446929932 25.052938461304 60.514999389648 116 116 116
23.908393859863 25.168376922607 60.587001800537 109 109 109
23.908393859863 25.168376922607 60.659000396729 112 112 112
23.802726745605 25.076911926270 60.860000610352 147 147 147
23.802726745605 25.076911926270 60.928001403809 250 250 250
23.687288284302 25.124858856201 60.997001647949 236 236 236
23.802726745605 25.076911926270 61.069000244141 239 239 239
23.802726745605 25.076911926270 61.138000488281 218 218 218
23.802726745605 25.076911926270 61.208999633789 212 212 212
23.687288284302 25.124858856201 61.278999328613 207 207 207
23.605596542358 25.091112136841 61.684001922607 24 24 24
23.802726745605 25.076911926270 61.797000885010 101 101 101
23.523902893066 25.057367324829 61.805000305176 78 78 78
23.754779815674 24.961473464966 60.025001525879 92 92 92
23.836473464966 24.995218276978 60.093002319336 143 143 143
23.836473464966 24.995218276978 60.164001464844 153 153 153
23.754779815674 24.961473464966 60.235000610352 117 117 117
23.697061538696 24.985446929932 60.304000854492 198 198 198
23.697061538696 24.985446929932 60.374000549316 129 129 129
23.697061538696 24.985446929932 60.443000793457 142 142 142
23.754779815674 24.961473464966 60.513000488281 182 182 182
23.697061538696 24.985446929932 60.579002380371 125 125 125
23.697061538696 24.985446929932 60.646999359131 133 133 133
23.697061538696 24.985446929932 60.713001251221 123 123 123
23.697061538696 24.985446929932 60.783000946045 132 132 132
23.697061538696 24.985446929932 60.853000640869 139 139 139
23.697061538696 24.985446929932 60.923000335693 152 152 152
23.697061538696 24.985446929932 60.993000030518 164 164 164
23.697061538696 24.985446929932 61.061000823975 167 167 167
23.697061538696 24.985446929932 61.130001068115 165 165 165
23.697061538696 24.985446929932 61.200000762939 167 167 167
23.697061538696 24.985446929932 61.270999908447 175 175 175
23.697061538696 24.985446929932 61.340999603271 182 182 182
23.697061538696 24.985446929932 61.409999847412 182 182 182
23.697061538696 24.985446929932 61.482002258301 182 182 182
23.697061538696 24.985446929932 61.553001403809 180 180 180
23.697061538696 24.985446929932 61.622001647949 119 119 119
23.591394424438 24.893981933594 61.691001892090 137 137 137
23.697061538696 24.985446929932 61.764999389648 115 115 115
23.475955963135 24.941928863525 61.815002441406 119 119 119
23.625141143799 24.812288284302 58.831001281738 178 178 178
23.625141143799 24.812288284302 58.905002593994 180 180 180
23.625141143799 24.812288284302 58.975002288818 180 180 180
23.625141143799 24.812288284302 59.048999786377 176 176 176
23.625141143799 24.812288284302 59.119003295898 172 172 172
23.625141143799 24.812288284302 59.188999176025 169 169 169
23.601167678833 24.754570007324 59.260002136230 165 165 165
23.601167678833 24.754570007324 59.331001281738 156 156 156
23.706832885742 24.846035003662 59.399002075195 157 157 157
23.706832885742 24.846035003662 59.468002319336 166 166 166
23.706832885742 24.846035003662 59.538002014160 160 160 160
23.706832885742 24.846035003662 59.608001708984 151 151 151
23.706832885742 24.846035003662 59.678001403809 145 145 145
23.706832885742 24.846035003662 59.747001647949 141 141 141
23.706832885742 24.846035003662 59.817001342773 155 155 155
23.706832885742 24.846035003662 59.888000488281 135 135 135
23.706832885742 24.846035003662 59.955001831055 164 164 164
23.706832885742 24.846035003662 60.024002075195 185 185 185
23.706832885742 24.846035003662 60.095001220703 205 205 205
23.706832885742 24.846035003662 60.165000915527 255 255 255
23.706832885742 24.846035003662 60.236000061035 179 179 179
23.706832885742 24.846035003662 60.305999755859 191 191 191
23.706832885742 24.846035003662 60.377002716064 180 180 180
23.764553070068 24.822061538696 60.449001312256 166 166 166
23.764553070068 24.822061538696 60.519001007080 177 177 177
23.961683273315 24.807859420776 60.597000122070 153 153 153
23.961683273315 24.807859420776 60.671001434326 153 153 153
23.764553070068 24.822061538696 60.949001312256 255 255 255
23.764553070068 24.822061538696 61.020999908447 255 255 255
23.706832885742 24.846035003662 61.089000701904 245 245 245
23.764553070068 24.822061538696 61.163002014160 236 236 236
23.706832885742 24.846035003662 61.234001159668 225 225 225
23.706832885742 24.846035003662 61.657001495361 26 26 26
23.903964996338 24.831832885742 61.778999328613 71 71 71
23.706832885742 24.846035003662 61.822002410889 103 103 103
23.937709808350 24.750141143799 60.164001464844 72 72 72
23.937709808350 24.750141143799 60.237003326416 114 114 114
23.937709808350 24.750141143799 60.310001373291 112 112 112
23.937709808350 24.750141143799 60.382999420166 106 106 106
23.937709808350 24.750141143799 60.456001281738 110 110 110
23.832044601440 24.658676147461 60.527999877930 111 111 111
23.937709808350 24.750141143799 60.604000091553 108 108 108
23.937709808350 24.750141143799 60.678001403809 112 112 112
23.774324417114 24.682649612427 60.886001586914 255 255 255
23.774324417114 24.682649612427 60.959999084473 255 255 255
23.774324417114 24.682649612427 61.031002044678 244 244 244
23.774324417114 24.682649612427 61.105998992920 23 23 23
23.774324417114 24.682649612427 61.173999786377 222 222 222
23.774324417114 24.682649612427 61.248001098633 230 230 230
23.774324417114 24.682649612427 61.322002410889 229 229 229
23.774324417114 24.682649612427 61.396999359131 45 45 45
24.005203247070 24.586755752563 60.458000183105 86 86 86
23.841815948486 24.519264221191 60.532001495361 89 89 89
24.005203247070 24.586755752563 60.608001708984 29 29 29
23.784097671509 24.543237686157 60.749000549316 131 131 131
23.784097671509 24.543237686157 60.822002410889 255 255 255
23.784097671509 24.543237686157 60.895999908447 255 255 255
23.784097671509 24.543237686157 60.968002319336 255 255 255
23.784097671509 24.543237686157 61.259002685547 214 214 214
23.784097671509 24.543237686157 61.333999633789 230 230 230
23.784097671509 24.543237686157 61.409000396729 222 222 222
23.784097671509 24.543237686157 61.486000061035 31 31 31
23.851589202881 24.379850387573 60.680000305176 100 100 100
23.851589202881 24.379850387573 60.755001068115 255 255 255
23.851589202881 24.379850387573 60.827999114990 252 252 252
23.851589202881 24.379850387573 60.902999877930 255 255 255
23.851589202881 24.379850387573 61.347000122070 222 222 222
23.851589202881 24.379850387573 61.420001983643 217 217 217
23.851589202881 24.379850387573 61.496002197266 197 197 197
23.725463867188 25.379709243774 61.444999694824 187 187 187
23.725463867188 25.379709243774 61.384002685547 186 186 186
23.725463867188 25.379709243774 61.324001312256 214 214 214
23.725463867188 25.379709243774 61.260002136230 185 185 185
23.725463867188 25.379709243774 60.895999908447 167 167 167
23.725463867188 25.379709243774 60.834999084473 177 177 177
23.725463867188 25.379709243774 60.776000976563 178 178 178
23.725463867188 25.379709243774 60.716999053955 178 178 178
23.725463867188 25.379709243774 60.656002044678 83 83 83
23.735235214233 25.240297317505 61.344001770020 183 183 183
23.735235214233 25.240297317505 61.281002044678 179 179 179
23.735235214233 25.240297317505 61.216999053955 180 180 180
23.735235214233 25.240297317505 61.153999328613 178 178 178
23.735235214233 25.240297317505 61.030002593994 22 22 22
23.735235214233 25.240297317505 60.968002319336 177 177 177
23.735235214233 25.240297317505 60.908000946045 176 176 176
23.735235214233 25.240297317505 60.848999023438 181 181 181
23.735235214233 25.240297317505 60.788002014160 168 168 168
23.850673675537 25.192350387573 60.625000000000 98 98 98
23.850673675537 25.192350387573 60.562000274658 102 102 102
23.850673675537 25.192350387573 60.500999450684 118 118 118
23.850673675537 25.192350387573 60.438999176025 118 118 118
23.850673675537 25.192350387573 60.378002166748 124 124 124
23.850673675537 25.192350387573 60.315002441406 92 92 92
23.850673675537 25.192350387573 60.256000518799 86 86 86
23.629570007324 25.148832321167 61.769001007080 129 129 129
23.894191741943 24.971244812012 61.798000335693 123 123 123
23.745008468628 25.100885391235 61.667999267578 116 116 116
23.721035003662 25.043165206909 61.234001159668 182 182 182
23.802726745605 25.076911926270 61.172000885010 178 178 178
23.721035003662 25.043165206909 61.105998992920 176 176 176
23.721035003662 25.043165206909 61.045001983643 182 182 182
23.721035003662 25.043165206909 60.983001708984 184 184 184
23.721035003662 25.043165206909 60.917999267578 178 178 178
23.918165206909 25.028964996338 60.697002410889 39 39 39
23.894191741943 24.971244812012 60.631999969482 95 95 95
23.894191741943 24.971244812012 60.569000244141 186 186 186
23.894191741943 24.971244812012 60.506000518799 160 160 160
23.894191741943 24.971244812012 60.443000793457 126 126 126
23.894191741943 24.971244812012 60.381000518799 135 135 135
23.894191741943 24.971244812012 60.319999694824 102 102 102
23.894191741943 24.971244812012 60.257999420166 105 105 105
23.918165206909 25.028964996338 60.194999694824 168 168 168
23.894191741943 24.971244812012 60.135002136230 163 163 163
23.894191741943 24.971244812012 60.073001861572 173 173 173
23.894191741943 24.971244812012 60.012001037598 53 53 53
23.591394424438 24.893981933594 61.843002319336 141 141 141
23.673088073730 24.927726745605 61.795001983643 124 124 124
23.697061538696 24.985446929932 61.721000671387 132 132 132
23.591394424438 24.893981933594 61.646999359131 161 161 161
23.673088073730 24.927726745605 61.609001159668 91 91 91
23.673088073730 24.927726745605 61.534000396729 161 161 161
23.673088073730 24.927726745605 61.468002319336 163 163 163
23.697061538696 24.985446929932 61.402999877930 164 164 164
23.697061538696 24.985446929932 61.340000152588 171 171 171
23.697061538696 24.985446929932 61.276000976563 171 171 171
23.697061538696 24.985446929932 61.214000701904 177 177 177
23.697061538696 24.985446929932 61.152000427246 175 175 175
23.673088073730 24.927726745605 61.090000152588 182 182 182
23.673088073730 24.927726745605 61.028999328613 190 190 190
23.673088073730 24.927726745605 60.966999053955 195 195 195
23.697061538696 24.985446929932 60.906002044678 191 191 191
23.697061538696 24.985446929932 60.845001220703 200 200 200
23.697061538696 24.985446929932 60.784999847412 202 202 202
23.673088073730 24.927726745605 60.726001739502 204 204 204
23.673088073730 24.927726745605 60.665000915527 206 206 206
23.673088073730 24.927726745605 60.605998992920 210 210 210
23.673088073730 24.927726745605 60.545001983643 213 213 213
23.673088073730 24.927726745605 60.486000061035 219 219 219
23.673088073730 24.927726745605 60.427001953125 224 224 224
23.673088073730 24.927726745605 60.368000030518 225 225 225
23.673088073730 24.927726745605 60.308002471924 230 230 230
23.673088073730 24.927726745605 60.249000549316 236 236 236
23.673088073730 24.927726745605 60.188999176025 238 238 238
23.673088073730 24.927726745605 60.130001068115 252 252 252
23.673088073730 24.927726745605 60.070999145508 255 255 255
23.673088073730 24.927726745605 60.012001037598 241 241 241
23.673088073730 24.927726745605 59.951999664307 225 225 225
23.673088073730 24.927726745605 59.893001556396 217 217 217
23.673088073730 24.927726745605 59.833999633789 213 213 213
23.673088073730 24.927726745605 59.774002075195 194 194 194
23.673088073730 24.927726745605 59.715999603271 187 187 187
23.649114608765 24.870008468628 59.290000915527 135 135 135
23.649114608765 24.870008468628 59.229000091553 130 130 130
23.649114608765 24.870008468628 59.167999267578 124 124 124
23.649114608765 24.870008468628 59.107002258301 116 116 116
23.706832885742 24.846035003662 58.444999694824 131 131 131
23.649114608765 24.870008468628 59.652999877930 181 181 181
23.649114608765 24.870008468628 59.593002319336 178 178 178
23.649114608765 24.870008468628 59.532001495361 172 172 172
23.649114608765 24.870008468628 59.472000122070 158 158 158
23.706832885742 24.846035003662 59.348999023438 143 143 143
23.706832885742 24.846035003662 59.040000915527 109 109 109
23.649114608765 24.870008468628 58.983001708984 114 114 114
23.706832885742 24.846035003662 58.916000366211 112 112 112
23.706832885742 24.846035003662 58.846000671387 113 113 113
23.706832885742 24.846035003662 58.377002716064 135 135 135
23.706832885742 24.846035003662 58.309001922607 139 139 139
23.706832885742 24.846035003662 58.181999206543 179 179 179
23.706832885742 24.846035003662 58.123001098633 191 191 191
23.716606140137 24.706623077393 61.767002105713 42 42 42
23.774324417114 24.682649612427 61.334999084473 172 172 172
23.774324417114 24.682649612427 61.270999908447 172 172 172
23.774324417114 24.682649612427 61.205001831055 207 207 207
23.774324417114 24.682649612427 61.139999389648 175 175 175
23.774324417114 24.682649612427 61.016002655029 192 192 192
23.774324417114 24.682649612427 60.951999664307 192 192 192
23.774324417114 24.682649612427 60.888999938965 200 200 200
23.832044601440 24.658676147461 60.826000213623 150 150 150
23.947483062744 24.610729217529 60.651000976563 44 44 44
23.947483062744 24.610729217529 60.587001800537 90 90 90
23.947483062744 24.610729217529 60.520999908447 89 89 89
23.947483062744 24.610729217529 60.457000732422 97 97 97
23.947483062744 24.610729217529 60.392002105713 99 99 99
23.947483062744 24.610729217529 60.327999114990 51 51 51
23.841815948486 24.519264221191 61.488002777100 51 51 51
23.841815948486 24.519264221191 61.423000335693 170 170 170
23.841815948486 24.519264221191 61.355003356934 169 169 169
23.841815948486 24.519264221191 61.289001464844 182 182 182
23.817842483521 24.461544036865 60.903999328613 201 201 201
23.817842483521 24.461544036865 60.840000152588 184 184 184
23.817842483521 24.461544036865 60.776000976563 214 214 214
23.817842483521 24.461544036865 60.711002349854 112 112 112
23.803642272949 24.264411926270 61.371002197266 71 71 71
23.769895553589 24.346105575562 61.422000885010 131 131 131
23.475955963135 24.941928863525 61.806999206543 109 109 109
23.716606140137 24.706623077393 61.812000274658 80 80 80
23.591394424438 24.893981933594 61.688999176025 65 65 65
23.750350952148 24.624929428101 61.396999359131 109 109 109
23.750350952148 24.624929428101 61.324001312256 118 118 118
23.750350952148 24.624929428101 61.248001098633 159 159 159
23.750350952148 24.624929428101 61.174999237061 36 36 36
23.784097671509 24.543237686157 61.035999298096 104 104 104
23.784097671509 24.543237686157 60.965000152588 153 153 153
23.784097671509 24.543237686157 60.894001007080 160 160 160
23.784097671509 24.543237686157 60.819999694824 106 106 106
23.591394424438 24.893981933594 60.444999694824 36 36 36
23.591394424438 24.893981933594 60.377002716064 52 52 52
23.591394424438 24.893981933594 60.309001922607 59 59 59
23.591394424438 24.893981933594 60.240001678467 76 76 76
23.591394424438 24.893981933594 60.172000885010 87 87 87
23.591394424438 24.893981933594 60.104000091553 93 93 93
23.591394424438 24.893981933594 60.034999847412 105 105 105
23.591394424438 24.893981933594 59.966999053955 108 108 108
23.591394424438 24.893981933594 59.898002624512 120 120 120
23.591394424438 24.893981933594 59.830001831055 127 127 127
23.591394424438 24.893981933594 59.761001586914 136 136 136
23.591394424438 24.893981933594 59.693000793457 138 138 138
23.591394424438 24.893981933594 59.623001098633 149 149 149
23.591394424438 24.893981933594 59.553001403809 148 148 148
23.649114608765 24.870008468628 59.483001708984 160 160 160
23.591394424438 24.893981933594 59.414001464844 161 161 161
23.591394424438 24.893981933594 59.344001770020 158 158 158
23.591394424438 24.893981933594 59.273002624512 163 163 163
23.591394424438 24.893981933594 59.204002380371 165 165 165
23.649114608765 24.870008468628 59.131000518799 165 165 165
23.591394424438 24.893981933594 59.061000823975 170 170 170
23.649114608765 24.870008468628 58.988002777100 169 169 169
23.591394424438 24.893981933594 58.916999816895 167 167 167
23.706832885742 24.846035003662 58.841999053955 165 165 165
23.591394424438 24.893981933594 58.770999908447 166 166 166
23.706832885742 24.846035003662 58.695999145508 164 164 164
23.706832885742 24.846035003662 58.623001098633 163 163 163
23.706832885742 24.846035003662 58.547000885010 165 165 165
23.591394424438 24.893981933594 58.476001739502 162 162 162
23.591394424438 24.893981933594 58.423000335693 163 163 163
23.639341354370 25.009420394897 61.913002014160 106 106 106
23.605596542358 25.091112136841 61.816001892090 133 133 133
23.639341354370 25.009420394897 61.766002655029 106 106 106
23.639341354370 25.009420394897 61.691001892090 140 140 140
23.673088073730 24.927726745605 61.650001525879 97 97 97
23.697061538696 24.985446929932 61.567001342773 144 144 144
23.697061538696 24.985446929932 61.497001647949 145 145 145
23.697061538696 24.985446929932 61.426002502441 148 148 148
23.673088073730 24.927726745605 61.357002258301 158 158 158
23.673088073730 24.927726745605 61.284999847412 157 157 157
23.673088073730 24.927726745605 61.215000152588 158 158 158
23.754779815674 24.961473464966 61.145999908447 161 161 161
23.754779815674 24.961473464966 61.076000213623 163 163 163
23.754779815674 24.961473464966 61.005001068115 164 164 164
23.754779815674 24.961473464966 60.936000823975 169 169 169
23.754779815674 24.961473464966 60.866001129150 171 171 171
23.754779815674 24.961473464966 60.795001983643 172 172 172
23.754779815674 24.961473464966 60.725002288818 179 179 179
23.754779815674 24.961473464966 60.656002044678 177 177 177
23.754779815674 24.961473464966 60.586002349854 173 173 173
23.754779815674 24.961473464966 60.516002655029 165 165 165
23.754779815674 24.961473464966 60.447002410889 173 173 173
23.754779815674 24.961473464966 60.377002716064 165 165 165
23.754779815674 24.961473464966 60.306999206543 140 140 140
23.754779815674 24.961473464966 60.237003326416 135 135 135
23.754779815674 24.961473464966 60.167999267578 131 131 131
23.754779815674 24.961473464966 60.098999023438 112 112 112
23.754779815674 24.961473464966 60.028999328613 97 97 97
23.754779815674 24.961473464966 59.958000183105 94 94 94
23.754779815674 24.961473464966 59.888999938965 86 86 86
23.754779815674 24.961473464966 59.819000244141 82 82 82
23.754779815674 24.961473464966 59.748001098633 43 43 43
23.754779815674 24.961473464966 58.533000946045 94 94 94
23.754779815674 24.961473464966 58.463001251221 106 106 106
23.860446929932 25.052938461304 61.805999755859 96 96 96
23.792955398560 25.216323852539 61.345001220703 129 129 129
23.792955398560 25.216323852539 61.275001525879 131 131 131
23.792955398560 25.216323852539 61.202999114990 124 124 124
23.792955398560 25.216323852539 61.137001037598 66 66 66
23.792955398560 25.216323852539 61.062000274658 105 105 105
23.792955398560 25.216323852539 60.994003295898 128 128 128
23.792955398560 25.216323852539 60.926002502441 126 126 126
23.792955398560 25.216323852539 60.855003356934 104 104 104
23.870218276978 24.913526535034 60.665000915527 120 120 120
23.894191741943 24.971244812012 60.590999603271 154 154 154
23.860446929932 25.052938461304 60.517002105713 77 77 77
23.860446929932 25.052938461304 60.447002410889 89 89 89
23.918165206909 25.028964996338 60.377002716064 136 136 136
23.918165206909 25.028964996338 60.306999206543 68 68 68
23.918165206909 25.028964996338 60.166000366211 76 76 76
23.918165206909 25.028964996338 60.095001220703 70 70 70
23.749437332153 25.437429428101 61.525001525879 46 46 46
23.725463867188 25.379709243774 61.461002349854 133 133 133
23.725463867188 25.379709243774 61.388999938965 175 175 175
23.725463867188 25.379709243774 61.322002410889 148 148 148
23.725463867188 25.379709243774 60.912002563477 81 81 81
23.725463867188 25.379709243774 60.843002319336 118 118 118
23.725463867188 25.379709243774 60.776000976563 122 122 122
23.725463867188 25.379709243774 60.709999084473 81 81 81
23.816928863525 25.274044036865 60.586002349854 70 70 70
23.816928863525 25.274044036865 60.516002655029 74 74 74
23.816928863525 25.274044036865 60.445999145508 29 29 29
23.851589202881 24.379850387573 61.548999786377 49 49 49
23.851589202881 24.379850387573 61.486000061035 171 171 171
23.851589202881 24.379850387573 61.417999267578 184 184 184
23.851589202881 24.379850387573 61.351001739502 180 180 180
23.851589202881 24.379850387573 60.898002624512 175 175 175
23.851589202881 24.379850387573 60.833000183105 200 200 200
23.851589202881 24.379850387573 60.768001556396 170 170 170
23.851589202881 24.379850387573 60.701999664307 59 59 59
23.784097671509 24.543237686157 61.395999908447 170 170 170
23.784097671509 24.543237686157 61.330001831055 169 169 169
23.784097671509 24.543237686157 61.263999938965 214 214 214
23.784097671509 24.543237686157 61.198001861572 145 145 145
23.784097671509 24.543237686157 61.010002136230 190 190 190
23.784097671509 24.543237686157 60.947002410889 204 204 204
23.784097671509 24.543237686157 60.881000518799 195 195 195
23.784097671509 24.543237686157 60.819000244141 152 152 152
24.005203247070 24.586755752563 60.574001312256 48 48 48
24.005203247070 24.586755752563 60.509002685547 58 58 58
23.533676147461 24.917955398560 61.808002471924 108 108 108
23.822271347046 24.798088073730 61.845001220703 121 121 121
23.591394424438 24.893981933594 61.708000183105 125 125 125
23.706832885742 24.846035003662 61.653999328613 114 114 114
23.706832885742 24.846035003662 61.605003356934 36 36 36
23.706832885742 24.846035003662 61.535999298096 153 153 153
23.706832885742 24.846035003662 61.477001190186 62 62 62
23.740579605103 24.764341354370 61.305000305176 147 147 147
23.706832885742 24.846035003662 61.239002227783 169 169 169
23.706832885742 24.846035003662 61.171001434326 168 168 168
23.706832885742 24.846035003662 61.108001708984 167 167 167
23.706832885742 24.846035003662 61.041999816895 171 171 171
23.706832885742 24.846035003662 60.980998992920 184 184 184
23.706832885742 24.846035003662 60.909000396729 145 145 145
23.591394424438 24.893981933594 60.836002349854 105 105 105
23.591394424438 24.893981933594 60.775001525879 118 118 118
23.706832885742 24.846035003662 60.715999603271 129 129 129
23.591394424438 24.893981933594 60.655002593994 142 142 142
23.591394424438 24.893981933594 60.595001220703 152 152 152
23.591394424438 24.893981933594 60.534000396729 155 155 155
23.591394424438 24.893981933594 60.473999023438 162 162 162
23.591394424438 24.893981933594 60.414001464844 167 167 167
23.591394424438 24.893981933594 60.355003356934 172 172 172
23.591394424438 24.893981933594 60.295001983643 179 179 179
23.591394424438 24.893981933594 60.235000610352 187 187 187
23.591394424438 24.893981933594 60.176002502441 197 197 197
23.591394424438 24.893981933594 60.117000579834 229 229 229
23.591394424438 24.893981933594 60.058002471924 221 221 221
23.591394424438 24.893981933594 59.998001098633 220 220 220
23.591394424438 24.893981933594 59.938999176025 219 219 219
23.591394424438 24.893981933594 59.879001617432 220 220 220
23.591394424438 24.893981933594 59.819999694824 220 220 220
23.591394424438 24.893981933594 59.760002136230 216 216 216
23.591394424438 24.893981933594 59.701000213623 217 217 217
23.591394424438 24.893981933594 59.641002655029 215 215 215
23.591394424438 24.893981933594 59.582000732422 215 215 215
23.591394424438 24.893981933594 59.521999359131 211 211 211
23.591394424438 24.893981933594 59.462001800537 210 210 210
23.591394424438 24.893981933594 59.400001525879 207 207 207
23.591394424438 24.893981933594 59.340999603271 205 205 205
23.591394424438 24.893981933594 59.280002593994 199 199 199
23.591394424438 24.893981933594 59.220001220703 196 196 196
23.591394424438 24.893981933594 59.158000946045 189 189 189
23.591394424438 24.893981933594 59.097000122070 184 184 184
23.591394424438 24.893981933594 59.035999298096 184 184 184
23.591394424438 24.893981933594 58.972999572754 174 174 174
23.706832885742 24.846035003662 58.909000396729 173 173 173
23.706832885742 24.846035003662 58.506000518799 125 125 125
23.706832885742 24.846035003662 58.837001800537 121 121 121
23.639341354370 25.009420394897 61.902999877930 46 46 46
23.605596542358 25.091112136841 61.801002502441 127 127 127
23.639341354370 25.009420394897 61.788002014160 114 114 114
23.639341354370 25.009420394897 61.702999114990 125 125 125
23.639341354370 25.009420394897 61.649002075195 129 129 129
23.754779815674 24.961473464966 61.605003356934 44 44 44
23.754779815674 24.961473464966 61.544002532959 31 31 31
23.754779815674 24.961473464966 61.285999298096 55 55 55
23.754779815674 24.961473464966 61.222999572754 179 179 179
23.754779815674 24.961473464966 61.158000946045 176 176 176
23.754779815674 24.961473464966 61.096000671387 176 176 176
23.754779815674 24.961473464966 61.033000946045 181 181 181
23.754779815674 24.961473464966 60.971000671387 176 176 176
23.927938461304 24.889553070068 60.680000305176 137 137 137
23.927938461304 24.889553070068 60.617000579834 121 121 121
23.870218276978 24.913526535034 60.554000854492 84 84 84
23.836473464966 24.995218276978 60.488002777100 104 104 104
23.860446929932 25.052938461304 60.422000885010 117 117 117
23.870218276978 24.913526535034 60.365001678467 103 103 103
23.870218276978 24.913526535034 60.305000305176 92 92 92
23.870218276978 24.913526535034 60.242000579834 123 123 123
23.836473464966 24.995218276978 60.180000305176 128 128 128
23.836473464966 24.995218276978 60.118000030518 104 104 104
23.870218276978 24.913526535034 60.056999206543 131 131 131
23.735235214233 25.240297317505 61.388000488281 103 103 103
23.735235214233 25.240297317505 61.329002380371 181 181 181
23.735235214233 25.240297317505 61.264999389648 182 182 182
23.735235214233 25.240297317505 61.201000213623 183 183 183
23.735235214233 25.240297317505 61.014999389648 177 177 177
23.735235214233 25.240297317505 60.955001831055 175 175 175
23.735235214233 25.240297317505 60.894001007080 179 179 179
23.735235214233 25.240297317505 60.833000183105 173 173 173
23.850673675537 25.192350387573 60.670001983643 93 93 93
23.850673675537 25.192350387573 60.608001708984 94 94 94
23.850673675537 25.192350387573 60.546001434326 114 114 114
23.850673675537 25.192350387573 60.484001159668 126 126 126
23.850673675537 25.192350387573 60.423000335693 115 115 115
23.826700210571 25.134632110596 60.360000610352 77 77 77
23.826700210571 25.134632110596 60.298999786377 55 55 55
23.850673675537 25.192350387573 60.239002227783 24 24 24
23.783182144165 25.355735778809 61.494003295898 144 144 144
23.783182144165 25.355735778809 61.431999206543 182 182 182
23.725463867188 25.379709243774 61.367000579834 204 204 204
23.783182144165 25.355735778809 61.306999206543 212 212 212
23.725463867188 25.379709243774 60.940002441406 126 126 126
23.725463867188 25.379709243774 60.880001068115 178 178 178
23.783182144165 25.355735778809 60.822002410889 176 176 176
23.783182144165 25.355735778809 60.762001037598 179 179 179
23.725463867188 25.379709243774 60.701999664307 148 148 148
23.851589202881 24.379850387573 60.722999572754 181 181 181
23.851589202881 24.379850387573 60.797000885010 255 255 255
23.851589202881 24.379850387573 60.871002197266 210 210 210
23.851589202881 24.379850387573 60.947002410889 255 255 255
23.851589202881 24.379850387573 61.391002655029 222 222 222
23.851589202881 24.379850387573 61.465999603271 227 227 227
23.851589202881 24.379850387573 61.547000885010 182 182 182
24.005203247070 24.586755752563 60.499000549316 78 78 78
24.005203247070 24.586755752563 60.573001861572 81 81 81
23.784097671509 24.543237686157 60.788002014160 203 203 203
23.784097671509 24.543237686157 60.863002777100 255 255 255
23.784097671509 24.543237686157 60.937000274658 255 255 255
23.784097671509 24.543237686157 61.009002685547 255 255 255
23.784097671509 24.543237686157 61.299999237061 204 204 204
23.784097671509 24.543237686157 61.375999450684 230 230 230
23.784097671509 24.543237686157 61.451000213623 221 221 221
23.937709808350 24.750141143799 60.202999114990 94 94 94
23.937709808350 24.750141143799 60.276000976563 112 112 112
23.937709808350 24.750141143799 60.350002288818 113 113 113
23.937709808350 24.750141143799 60.423000335693 112 112 112
23.832044601440 24.658676147461 60.495002746582 107 107 107
23.832044601440 24.658676147461 60.568000793457 113 113 113
23.937709808350 24.750141143799 60.644001007080 106 106 106
23.937709808350 24.750141143799 60.718002319336 110 110 110
23.856018066406 24.716394424438 60.857002258301 23 23 23
23.774324417114 24.682649612427 60.927001953125 255 255 255
23.774324417114 24.682649612427 61.000999450684 255 255 255
23.774324417114 24.682649612427 61.073001861572 249 249 249
23.774324417114 24.682649612427 61.139999389648 112 112 112
23.774324417114 24.682649612427 61.215000152588 200 200 200
23.774324417114 24.682649612427 61.291000366211 234 234 234
23.774324417114 24.682649612427 61.363002777100 233 233 233
23.625141143799 24.812288284302 58.873001098633 185 185 185
23.625141143799 24.812288284302 58.945999145508 186 186 186
23.625141143799 24.812288284302 59.018001556396 183 183 183
23.625141143799 24.812288284302 59.088001251221 182 182 182
23.625141143799 24.812288284302 59.159000396729 186 186 186
23.625141143799 24.812288284302 59.234001159668 181 181 181
23.625141143799 24.812288284302 59.303001403809 178 178 178
23.625141143799 24.812288284302 59.373001098633 176 176 176
23.625141143799 24.812288284302 59.442001342773 175 175 175
23.625141143799 24.812288284302 59.512001037598 173 173 173
23.625141143799 24.812288284302 59.582000732422 166 166 166
23.625141143799 24.812288284302 59.652000427246 164 164 164
23.625141143799 24.812288284302 59.722000122070 157 157 157
23.706832885742 24.846035003662 59.789001464844 180 180 180
23.706832885742 24.846035003662 59.859001159668 187 187 187
23.706832885742 24.846035003662 59.930000305176 171 171 171
23.706832885742 24.846035003662 59.999000549316 170 170 170
23.706832885742 24.846035003662 60.068000793457 178 178 178
23.706832885742 24.846035003662 60.138000488281 188 188 188
23.706832885742 24.846035003662 60.207000732422 233 233 233
23.706832885742 24.846035003662 60.277999877930 186 186 186
23.706832885742 24.846035003662 60.347999572754 189 189 189
23.706832885742 24.846035003662 60.417999267578 166 166 166
23.706832885742 24.846035003662 60.490001678467 182 182 182
23.706832885742 24.846035003662 60.561000823975 172 172 172
23.706832885742 24.846035003662 60.631999969482 183 183 183
23.764553070068 24.822061538696 60.705001831055 189 189 189
23.706832885742 24.846035003662 60.771999359131 123 123 123
23.706832885742 24.846035003662 60.841999053955 46 46 46
23.764553070068 24.822061538696 60.990001678467 251 251 251
23.764553070068 24.822061538696 61.062000274658 234 234 234
23.706832885742 24.846035003662 61.131999969482 246 246 246
23.706832885742 24.846035003662 61.206001281738 243 243 243
23.706832885742 24.846035003662 61.276000976563 223 223 223
23.706832885742 24.846035003662 61.546001434326 98 98 98
23.625141143799 24.812288284302 61.688999176025 106 106 106
23.764553070068 24.822061538696 61.806999206543 102 102 102
23.706832885742 24.846035003662 61.865001678467 109 109 109
23.754779815674 24.961473464966 60.069999694824 56 56 56
23.918165206909 25.028964996338 60.138000488281 181 181 181
23.918165206909 25.028964996338 60.208999633789 114 114 114
23.918165206909 25.028964996338 60.280002593994 153 153 153
23.639341354370 25.009420394897 60.348999023438 194 194 194
23.860446929932 25.052938461304 60.421001434326 170 170 170
23.860446929932 25.052938461304 60.491001129150 200 200 200
23.918165206909 25.028964996338 60.565002441406 106 106 106
23.918165206909 25.028964996338 60.637001037598 107 107 107
23.918165206909 25.028964996338 60.709999084473 110 110 110
23.754779815674 24.961473464966 60.980003356934 212 212 212
23.754779815674 24.961473464966 61.053001403809 229 229 229
23.754779815674 24.961473464966 61.122001647949 219 219 219
23.754779815674 24.961473464966 61.193000793457 202 202 202
23.754779815674 24.961473464966 61.263999938965 195 195 195
23.639341354370 25.009420394897 61.317001342773 57 57 57
23.639341354370 25.009420394897 61.385002136230 63 63 63
23.639341354370 25.009420394897 61.455001831055 77 77 77
23.639341354370 25.009420394897 61.527999877930 82 82 82
23.639341354370 25.009420394897 61.601001739502 94 94 94
23.533676147461 24.917955398560 61.664001464844 134 134 134
23.557649612427 24.975673675537 61.728000640869 127 127 127
23.639341354370 25.009420394897 61.815002441406 103 103 103
23.557649612427 24.975673675537 61.867000579834 126 126 126
23.792955398560 25.216323852539 60.281002044678 91 91 91
23.826700210571 25.134632110596 60.350002288818 184 184 184
23.826700210571 25.134632110596 60.421001434326 114 114 114
23.850673675537 25.192350387573 60.492000579834 166 166 166
23.850673675537 25.192350387573 60.562000274658 104 104 104
23.850673675537 25.192350387573 60.634002685547 108 108 108
23.826700210571 25.134632110596 60.702999114990 82 82 82
23.792955398560 25.216323852539 60.902999877930 239 239 239
23.792955398560 25.216323852539 60.972999572754 245 245 245
23.792955398560 25.216323852539 61.042999267578 254 254 254
23.792955398560 25.216323852539 61.114002227783 177 177 177
23.792955398560 25.216323852539 61.183002471924 211 211 211
23.792955398560 25.216323852539 61.253002166748 207 207 207
23.792955398560 25.216323852539 61.325000762939 207 207 207
23.629570007324 25.148832321167 61.802001953125 78 78 78
23.725463867188 25.379709243774 60.759002685547 119 119 119
23.725463867188 25.379709243774 60.827999114990 255 255 255
23.725463867188 25.379709243774 60.895999908447 255 255 255
23.783182144165 25.355735778809 60.965999603271 255 255 255
23.725463867188 25.379709243774 61.241001129150 212 212 212
23.725463867188 25.379709243774 61.312000274658 210 210 210
23.725463867188 25.379709243774 61.381999969482 221 221 221
23.725463867188 25.379709243774 61.452999114990 199 199 199
23.749437332153 25.437429428101 60.752002716064 237 237 237
23.749437332153 25.437429428101 60.819999694824 255 255 255
23.749437332153 25.437429428101 60.888000488281 255 255 255
23.749437332153 25.437429428101 61.298999786377 120 120 120
23.749437332153 25.437429428101 61.368000030518 208 208 208
23.749437332153 25.437429428101 61.436000823975 214 214 214
23.749437332153 25.437429428101 61.505001068115 196 196 196
23.793869018555 24.403823852539 61.535999298096 76 76 76
23.793869018555 24.403823852539 61.469001770020 169 169 169
23.793869018555 24.403823852539 61.400001525879 171 171 171
23.793869018555 24.403823852539 61.333000183105 169 169 169
23.851589202881 24.379850387573 60.948001861572 137 137 137
23.851589202881 24.379850387573 60.881999969482 209 209 209
23.851589202881 24.379850387573 60.817001342773 182 182 182
23.851589202881 24.379850387573 60.753002166748 179 179 179
23.784097671509 24.543237686157 61.381000518799 171 171 171
23.784097671509 24.543237686157 61.316001892090 169 169 169
23.784097671509 24.543237686157 61.250999450684 213 213 213
23.784097671509 24.543237686157 61.185001373291 126 126 126
23.784097671509 24.543237686157 60.998001098633 208 208 208
23.784097671509 24.543237686157 60.933002471924 194 194 194
23.784097671509 24.543237686157 60.869003295898 203 203 203
23.784097671509 24.543237686157 60.805999755859 133 133 133
23.899536132813 24.495290756226 60.562000274658 52 52 52
23.899536132813 24.495290756226 60.497001647949 51 51 51
23.625141143799 24.812288284302 61.830001831055 39 39 39
23.716606140137 24.706623077393 61.823001861572 105 105 105
23.625141143799 24.812288284302 61.700000762939 58 58 58
23.716606140137 24.706623077393 61.298000335693 170 170 170
23.716606140137 24.706623077393 61.234001159668 174 174 174
23.716606140137 24.706623077393 61.171001434326 171 171 171
23.716606140137 24.706623077393 61.105003356934 173 173 173
23.716606140137 24.706623077393 61.042999267578 208 208 208
23.716606140137 24.706623077393 60.980998992920 208 208 208
23.716606140137 24.706623077393 60.919002532959 172 172 172
23.913736343384 24.692420959473 60.686000823975 92 92 92
23.937709808350 24.750141143799 60.619003295898 99 99 99
23.832044601440 24.658676147461 60.549999237061 90 90 90
23.856018066406 24.716394424438 60.486000061035 71 71 71
23.832044601440 24.658676147461 60.423999786377 95 95 95
23.706832885742 24.846035003662 60.348999023438 171 171 171
23.716606140137 24.706623077393 60.291000366211 96 96 96
23.740579605103 24.764341354370 60.228000640869 96 96 96
23.706832885742 24.846035003662 60.166999816895 93 93 93
23.625141143799 24.812288284302 60.105998992920 80 80 80
23.625141143799 24.812288284302 60.047000885010 92 92 92
23.625141143799 24.812288284302 59.987003326416 100 100 100
23.625141143799 24.812288284302 59.928001403809 114 114 114
23.625141143799 24.812288284302 59.868000030518 129 129 129
23.625141143799 24.812288284302 59.808002471924 140 140 140
23.625141143799 24.812288284302 59.749000549316 145 145 145
23.625141143799 24.812288284302 59.688999176025 156 156 156
23.625141143799 24.812288284302 59.630001068115 162 162 162
23.625141143799 24.812288284302 59.569999694824 164 164 164
23.625141143799 24.812288284302 59.511001586914 170 170 170
23.625141143799 24.812288284302 59.450000762939 172 172 172
23.625141143799 24.812288284302 59.389999389648 174 174 174
23.625141143799 24.812288284302 59.329002380371 177 177 177
23.625141143799 24.812288284302 59.269001007080 181 181 181
23.625141143799 24.812288284302 59.208000183105 185 185 185
23.625141143799 24.812288284302 59.146999359131 184 184 184
23.625141143799 24.812288284302 59.087001800537 183 183 183
23.625141143799 24.812288284302 59.025001525879 185 185 185
23.625141143799 24.812288284302 58.962001800537 186 186 186
23.625141143799 24.812288284302 58.900001525879 187 187 187
23.543447494507 24.778543472290 58.533000946045 187 187 187
23.625141143799 24.812288284302 58.831001281738 146 146 146
23.639341354370 25.009420394897 61.880001068115 80 80 80
23.557649612427 24.975673675537 61.805000305176 105 105 105
23.639341354370 25.009420394897 61.757999420166 122 122 122
23.533676147461 24.917955398560 61.680999755859 161 161 161
23.697061538696 24.985446929932 61.631000518799 107 107 107
23.697061538696 24.985446929932 61.568000793457 168 168 168
23.697061538696 24.985446929932 61.504001617432 171 171 171
23.697061538696 24.985446929932 61.442001342773 166 166 166
23.697061538696 24.985446929932 61.377002716064 160 160 160
23.697061538696 24.985446929932 61.317001342773 161 161 161
23.697061538696 24.985446929932 61.256000518799 157 157 157
23.697061538696 24.985446929932 61.192001342773 157 157 157
23.697061538696 24.985446929932 61.132999420166 155 155 155
23.697061538696 24.985446929932 61.070999145508 153 153 153
23.697061538696 24.985446929932 61.011001586914 160 160 160
23.673088073730 24.927726745605 60.951000213623 160 160 160
23.673088073730 24.927726745605 60.892002105713 156 156 156
23.673088073730 24.927726745605 60.832000732422 162 162 162
23.673088073730 24.927726745605 60.771999359131 161 161 161
23.649114608765 24.870008468628 60.712001800537 163 163 163
23.649114608765 24.870008468628 60.651000976563 169 169 169
23.649114608765 24.870008468628 60.590999603271 176 176 176
23.649114608765 24.870008468628 60.530002593994 182 182 182
23.649114608765 24.870008468628 60.469001770020 186 186 186
23.649114608765 24.870008468628 60.409000396729 183 183 183
23.649114608765 24.870008468628 60.347999572754 173 173 173
23.649114608765 24.870008468628 60.288002014160 178 178 178
23.649114608765 24.870008468628 60.227001190186 181 181 181
23.649114608765 24.870008468628 60.166999816895 177 177 177
23.754779815674 24.961473464966 60.107002258301 191 191 191
23.649114608765 24.870008468628 60.046001434326 133 133 133
23.649114608765 24.870008468628 59.986000061035 166 166 166
23.649114608765 24.870008468628 59.926002502441 147 147 147
23.649114608765 24.870008468628 59.865001678467 107 107 107
23.649114608765 24.870008468628 59.805000305176 52 52 52
23.918165206909 25.028964996338 61.819999694824 111 111 111
23.721035003662 25.043165206909 61.264999389648 186 186 186
23.721035003662 25.043165206909 61.201999664307 178 178 178
23.721035003662 25.043165206909 61.139999389648 183 183 183
23.745008468628 25.100885391235 61.076000213623 183 183 183
23.721035003662 25.043165206909 61.013999938965 178 178 178
23.721035003662 25.043165206909 60.952999114990 182 182 182
23.721035003662 25.043165206909 60.891002655029 146 146 146
23.894191741943 24.971244812012 60.665000915527 86 86 86
23.894191741943 24.971244812012 60.602001190186 106 106 106
23.802726745605 25.076911926270 60.534000396729 105 105 105
23.802726745605 25.076911926270 60.472000122070 105 105 105
23.918165206909 25.028964996338 60.413002014160 86 86 86
23.918165206909 25.028964996338 60.351001739502 129 129 129
23.802726745605 25.076911926270 60.289001464844 112 112 112
23.802726745605 25.076911926270 60.227001190186 36 36 36
23.918165206909 25.028964996338 60.166999816895 110 110 110
23.918165206909 25.028964996338 60.105998992920 104 104 104
23.735235214233 25.240297317505 61.375000000000 182 182 182
23.735235214233 25.240297317505 61.311000823975 181 181 181
23.735235214233 25.240297317505 61.246002197266 184 184 184
23.735235214233 25.240297317505 61.186000823975 185 185 185
23.735235214233 25.240297317505 60.999000549316 176 176 176
23.735235214233 25.240297317505 60.937000274658 175 175 175
23.735235214233 25.240297317505 60.878002166748 181 181 181
23.735235214233 25.240297317505 60.817001342773 178 178 178
23.850673675537 25.192350387573 60.653999328613 97 97 97
23.850673675537 25.192350387573 60.593002319336 97 97 97
23.850673675537 25.192350387573 60.531002044678 115 115 115
23.850673675537 25.192350387573 60.470001220703 115 115 115
23.850673675537 25.192350387573 60.408000946045 116 116 116
23.826700210571 25.134632110596 60.346000671387 86 86 86
23.783182144165 25.355735778809 61.480998992920 168 168 168
23.783182144165 25.355735778809 61.416000366211 185 185 185
23.783182144165 25.355735778809 61.353000640869 213 213 213
23.783182144165 25.355735778809 61.290000915527 205 205 205
23.783182144165 25.355735778809 60.926002502441 166 166 166
23.783182144165 25.355735778809 60.866001129150 177 177 177
23.783182144165 25.355735778809 60.805999755859 177 177 177
23.783182144165 25.355735778809 60.747001647949 180 180 180
23.783182144165 25.355735778809 60.687999725342 73 73 73
23.715690612793 25.519121170044 61.334999084473 82 82 82
23.861362457275 24.240438461304 60.874000549316 255 255 255
23.803642272949 24.264411926270 61.395999908447 184 184 184
23.851589202881 24.379850387573 60.719001770020 125 125 125
23.851589202881 24.379850387573 60.794002532959 255 255 255
23.851589202881 24.379850387573 60.868000030518 255 255 255
23.851589202881 24.379850387573 60.941001892090 255 255 255
23.851589202881 24.379850387573 61.308002471924 191 191 191
23.851589202881 24.379850387573 61.382999420166 216 216 216
23.851589202881 24.379850387573 61.462001800537 234 234 234
23.851589202881 24.379850387573 61.534999847412 209 209 209
24.005203247070 24.586755752563 60.424999237061 69 69 69
24.005203247070 24.586755752563 60.499000549316 104 104 104
23.899536132813 24.495290756226 60.573001861572 102 102 102
24.005203247070 24.586755752563 60.648002624512 67 67 67
23.841815948486 24.519264221191 60.789001464844 181 181 181
23.841815948486 24.519264221191 60.863002777100 255 255 255
23.841815948486 24.519264221191 60.935001373291 255 255 255
23.784097671509 24.543237686157 61.009002685547 255 255 255
23.784097671509 24.543237686157 61.225002288818 176 176 176
23.784097671509 24.543237686157 61.301002502441 194 194 194
23.784097671509 24.543237686157 61.375000000000 231 231 231
23.784097671509 24.543237686157 61.449001312256 219 219 219
23.913736343384 24.692420959473 60.204002380371 101 101 101
23.913736343384 24.692420959473 60.277000427246 112 112 112
23.913736343384 24.692420959473 60.351001739502 106 106 106
23.913736343384 24.692420959473 60.423999786377 108 108 108
23.913736343384 24.692420959473 60.497001647949 141 141 141
23.832044601440 24.658676147461 60.569999694824 102 102 102
23.913736343384 24.692420959473 60.645000457764 100 100 100
23.913736343384 24.692420959473 60.719001770020 102 102 102
23.774324417114 24.682649612427 60.857002258301 162 162 162
23.774324417114 24.682649612427 60.928001403809 220 220 220
23.774324417114 24.682649612427 61.000999450684 255 255 255
23.774324417114 24.682649612427 61.073001861572 255 255 255
23.774324417114 24.682649612427 61.144001007080 136 136 136
23.774324417114 24.682649612427 61.215999603271 196 196 196
23.774324417114 24.682649612427 61.291999816895 236 236 236
23.774324417114 24.682649612427 61.363002777100 223 223 223
23.658885955811 24.730596542358 58.858001708984 138 138 138
23.658885955811 24.730596542358 58.931999206543 133 133 133
23.658885955811 24.730596542358 59.003002166748 126 126 126
23.740579605103 24.764341354370 59.072002410889 120 120 120
23.740579605103 24.764341354370 59.145999908447 117 117 117
23.740579605103 24.764341354370 59.216999053955 119 119 119
23.740579605103 24.764341354370 59.285999298096 114 114 114
23.740579605103 24.764341354370 59.354000091553 122 122 122
23.740579605103 24.764341354370 59.423000335693 144 144 144
23.740579605103 24.764341354370 59.495002746582 145 145 145
23.740579605103 24.764341354370 59.569000244141 125 125 125
23.740579605103 24.764341354370 59.641002655029 70 70 70
23.879991531372 24.774114608765 60.061000823975 103 103 103
23.879991531372 24.774114608765 60.132999420166 113 113 113
23.879991531372 24.774114608765 60.205001831055 175 175 175
23.879991531372 24.774114608765 60.277999877930 107 107 107
23.740579605103 24.764341354370 60.347999572754 216 216 216
23.716606140137 24.706623077393 60.420001983643 147 147 147
23.822271347046 24.798088073730 60.492000579834 196 196 196
23.879991531372 24.774114608765 60.568000793457 156 156 156
23.879991531372 24.774114608765 60.641002655029 155 155 155
23.937709808350 24.750141143799 60.714000701904 103 103 103
23.822271347046 24.798088073730 60.923000335693 90 90 90
23.716606140137 24.706623077393 60.992000579834 224 224 224
23.716606140137 24.706623077393 61.065002441406 255 255 255
23.716606140137 24.706623077393 61.137001037598 255 255 255
23.740579605103 24.764341354370 61.208000183105 233 233 233
23.740579605103 24.764341354370 61.278999328613 216 216 216
23.740579605103 24.764341354370 61.706001281738 51 51 51
23.822271347046 24.798088073730 61.818000793457 96 96 96
23.740579605103 24.764341354370 61.855003356934 38 38 38
23.649114608765 24.870008468628 59.093002319336 27 27 27
23.649114608765 24.870008468628 59.164001464844 43 43 43
23.591394424438 24.893981933594 59.237003326416 57 57 57
23.649114608765 24.870008468628 59.306999206543 73 73 73
23.591394424438 24.893981933594 59.379001617432 80 80 80
23.591394424438 24.893981933594 59.449001312256 90 90 90
23.649114608765 24.870008468628 59.517002105713 102 102 102
23.591394424438 24.893981933594 59.588001251221 99 99 99
23.591394424438 24.893981933594 59.657001495361 108 108 108
23.591394424438 24.893981933594 59.727001190186 120 120 120
23.591394424438 24.893981933594 59.796001434326 128 128 128
23.591394424438 24.893981933594 59.865001678467 132 132 132
23.649114608765 24.870008468628 59.933002471924 147 147 147
23.649114608765 24.870008468628 60.002002716064 161 161 161
23.649114608765 24.870008468628 60.070999145508 178 178 178
23.591394424438 24.893981933594 60.139999389648 187 187 187
23.591394424438 24.893981933594 60.208000183105 205 205 205
23.591394424438 24.893981933594 60.277000427246 195 195 195
23.591394424438 24.893981933594 60.345001220703 193 193 193
23.591394424438 24.893981933594 60.413002014160 193 193 193
23.591394424438 24.893981933594 60.482002258301 193 193 193
23.591394424438 24.893981933594 60.551002502441 194 194 194
23.591394424438 24.893981933594 60.619003295898 195 195 195
23.591394424438 24.893981933594 60.687999725342 193 193 193
23.591394424438 24.893981933594 60.756999969482 192 192 192
23.591394424438 24.893981933594 60.826000213623 192 192 192
23.591394424438 24.893981933594 60.895000457764 191 191 191
23.591394424438 24.893981933594 60.965000152588 191 191 191
23.591394424438 24.893981933594 61.034000396729 191 191 191
23.591394424438 24.893981933594 61.104000091553 187 187 187
23.591394424438 24.893981933594 61.174999237061 189 189 189
23.591394424438 24.893981933594 61.244003295898 187 187 187
23.649114608765 24.870008468628 61.316001892090 184 184 184
23.649114608765 24.870008468628 61.388999938965 182 182 182
23.649114608765 24.870008468628 61.458999633789 179 179 179
23.649114608765 24.870008468628 61.530002593994 174 174 174
23.649114608765 24.870008468628 61.602001190186 176 176 176
23.591394424438 24.893981933594 61.669002532959 154 154 154
23.591394424438 24.893981933594 61.734001159668 125 125 125
23.649114608765 24.870008468628 61.820999145508 115 115 115
23.591394424438 24.893981933594 61.877002716064 72 72 72
23.918165206909 25.028964996338 60.134002685547 101 101 101
23.918165206909 25.028964996338 60.205001831055 167 167 167
23.802726745605 25.076911926270 60.276000976563 157 157 157
23.918165206909 25.028964996338 60.347000122070 137 137 137
23.918165206909 25.028964996338 60.416999816895 100 100 100
23.802726745605 25.076911926270 60.487003326416 107 107 107
23.918165206909 25.028964996338 60.558002471924 111 111 111
23.918165206909 25.028964996338 60.631999969482 109 109 109
23.918165206909 25.028964996338 60.702999114990 104 104 104
23.697061538696 24.985446929932 60.975002288818 239 239 239
23.697061538696 24.985446929932 61.044002532959 239 239 239
23.697061538696 24.985446929932 61.114002227783 223 223 223
23.697061538696 24.985446929932 61.186000823975 203 203 203
23.697061538696 24.985446929932 61.257999420166 205 205 205
23.639341354370 25.009420394897 61.659000396729 89 89 89
23.639341354370 25.009420394897 61.726001739502 116 116 116
23.802726745605 25.076911926270 61.846000671387 108 108 108
23.557649612427 24.975673675537 61.863002777100 36 36 36
23.826700210571 25.134632110596 60.344001770020 153 153 153
23.850673675537 25.192350387573 60.415000915527 113 113 113
23.850673675537 25.192350387573 60.485000610352 107 107 107
23.850673675537 25.192350387573 60.555999755859 107 107 107
23.850673675537 25.192350387573 60.625999450684 104 104 104
23.792955398560 25.216323852539 60.898002624512 255 255 255
23.792955398560 25.216323852539 60.965999603271 245 245 245
23.792955398560 25.216323852539 61.035999298096 244 244 244
23.792955398560 25.216323852539 61.174999237061 210 210 210
23.792955398560 25.216323852539 61.245002746582 204 204 204
23.792955398560 25.216323852539 61.318000793457 205 205 205
23.687288284302 25.124858856201 61.384002685547 88 88 88
23.735235214233 25.240297317505 60.820999145508 255 255 255
23.735235214233 25.240297317505 60.888999938965 250 250 250
23.735235214233 25.240297317505 60.958000183105 249 249 249
23.759208679199 25.298017501831 61.025001525879 121 121 121
23.759208679199 25.298017501831 61.234001159668 210 210 210
23.759208679199 25.298017501831 61.304000854492 207 207 207
23.759208679199 25.298017501831 61.374000549316 213 213 213
23.792955398560 25.216323852539 61.450000762939 182 182 182
23.783182144165 25.355735778809 60.747001647949 255 255 255
23.783182144165 25.355735778809 60.813999176025 255 255 255
23.783182144165 25.355735778809 60.881000518799 255 255 255
23.667743682861 25.403682708740 60.947002410889 134 134 134
23.783182144165 25.355735778809 61.291999816895 207 207 207
23.783182144165 25.355735778809 61.362003326416 202 202 202
23.783182144165 25.355735778809 61.431999206543 214 214 214
23.783182144165 25.355735778809 61.500000000000 201 201 201
23.715690612793 25.519121170044 60.875999450684 111 111 111
23.715690612793 25.519121170044 61.351001739502 189 189 189
23.715690612793 25.519121170044 61.421001434326 43 43 43
23.851589202881 24.379850387573 61.480998992920 111 111 111
23.851589202881 24.379850387573 61.407001495361 178 178 178
23.793869018555 24.403823852539 61.327999114990 93 93 93
23.909309387207 24.355876922607 60.891002655029 74 74 74
23.885335922241 24.298158645630 60.818000793457 107 107 107
23.577194213867 24.696849822998 58.149002075195 218 218 218
23.591394424438 24.893981933594 61.830001831055 90 90 90
23.716606140137 24.706623077393 61.804000854492 67 67 67
23.591394424438 24.893981933594 61.676002502441 67 67 67
23.750350952148 24.624929428101 61.385002136230 107 107 107
23.750350952148 24.624929428101 61.311000823975 103 103 103
23.750350952148 24.624929428101 61.237003326416 164 164 164
23.750350952148 24.624929428101 61.160999298096 25 25 25
23.784097671509 24.543237686157 61.021999359131 131 131 131
23.784097671509 24.543237686157 60.951000213623 143 143 143
23.784097671509 24.543237686157 60.880001068115 163 163 163
23.784097671509 24.543237686157 60.805999755859 87 87 87
23.591394424438 24.893981933594 60.568000793457 18 18 18
23.591394424438 24.893981933594 60.500000000000 37 37 37
23.649114608765 24.870008468628 60.431999206543 53 53 53
23.591394424438 24.893981933594 60.363002777100 72 72 72
23.591394424438 24.893981933594 60.295001983643 83 83 83
23.649114608765 24.870008468628 60.227001190186 94 94 94
23.591394424438 24.893981933594 60.158000946045 93 93 93
23.591394424438 24.893981933594 60.090000152588 98 98 98
23.591394424438 24.893981933594 60.020999908447 114 114 114
23.591394424438 24.893981933594 59.952999114990 120 120 120
23.649114608765 24.870008468628 59.884002685547 130 130 130
23.591394424438 24.893981933594 59.816001892090 134 134 134
23.591394424438 24.893981933594 59.746002197266 138 138 138
23.649114608765 24.870008468628 59.677001953125 153 153 153
23.649114608765 24.870008468628 59.608001708984 156 156 156
23.649114608765 24.870008468628 59.538002014160 157 157 157
23.649114608765 24.870008468628 59.468002319336 161 161 161
23.591394424438 24.893981933594 59.399002075195 162 162 162
23.649114608765 24.870008468628 59.326999664307 166 166 166
23.649114608765 24.870008468628 59.257999420166 166 166 166
23.649114608765 24.870008468628 59.187000274658 168 168 168
23.591394424438 24.893981933594 59.117000579834 168 168 168
23.649114608765 24.870008468628 59.044002532959 170 170 170
23.649114608765 24.870008468628 58.972000122070 174 174 174
23.649114608765 24.870008468628 58.899002075195 168 168 168
23.649114608765 24.870008468628 58.826999664307 166 166 166
23.649114608765 24.870008468628 58.753002166748 166 166 166
23.649114608765 24.870008468628 58.680000305176 166 166 166
23.649114608765 24.870008468628 58.605998992920 163 163 163
23.591394424438 24.893981933594 58.548000335693 171 171 171
23.591394424438 24.893981933594 58.475002288818 170 170 170
23.639341354370 25.009420394897 61.898002624512 80 80 80
23.605596542358 25.091112136841 61.799999237061 67 67 67
23.639341354370 25.009420394897 61.752002716064 104 104 104
23.639341354370 25.009420394897 61.676002502441 158 158 158
23.697061538696 24.985446929932 61.622001647949 134 134 134
23.697061538696 24.985446929932 61.548000335693 171 171 171
23.639341354370 25.009420394897 61.473999023438 168 168 168
23.697061538696 24.985446929932 61.407001495361 167 167 167
23.697061538696 24.985446929932 61.336002349854 163 163 163
23.697061538696 24.985446929932 61.264999389648 160 160 160
23.697061538696 24.985446929932 61.194999694824 167 167 167
23.697061538696 24.985446929932 61.125999450684 163 163 163
23.697061538696 24.985446929932 61.056999206543 152 152 152
23.697061538696 24.985446929932 60.987003326416 153 153 153
23.673088073730 24.927726745605 60.917999267578 152 152 152
23.673088073730 24.927726745605 60.850002288818 156 156 156
23.673088073730 24.927726745605 60.780002593994 161 161 161
23.673088073730 24.927726745605 60.711002349854 163 163 163
23.649114608765 24.870008468628 60.643001556396 171 171 171
23.649114608765 24.870008468628 60.573001861572 175 175 175
23.706832885742 24.846035003662 60.504001617432 177 177 177
23.706832885742 24.846035003662 60.434001922607 190 190 190
23.706832885742 24.846035003662 60.365001678467 182 182 182
23.706832885742 24.846035003662 60.295001983643 180 180 180
23.706832885742 24.846035003662 60.226001739502 179 179 179
23.706832885742 24.846035003662 60.156002044678 178 178 178
23.706832885742 24.846035003662 60.086002349854 170 170 170
23.706832885742 24.846035003662 60.016002655029 177 177 177
23.706832885742 24.846035003662 59.945999145508 179 179 179
23.706832885742 24.846035003662 59.875999450684 171 171 171
23.706832885742 24.846035003662 59.805000305176 170 170 170
23.706832885742 24.846035003662 59.735000610352 157 157 157
23.706832885742 24.846035003662 59.664001464844 146 146 146
23.706832885742 24.846035003662 59.593002319336 135 135 135
23.706832885742 24.846035003662 59.523002624512 123 123 123
23.706832885742 24.846035003662 59.451000213623 112 112 112
23.706832885742 24.846035003662 59.380001068115 109 109 109
23.706832885742 24.846035003662 59.309001922607 101 101 101
23.706832885742 24.846035003662 59.238002777100 92 92 92
23.706832885742 24.846035003662 59.166999816895 93 93 93
23.706832885742 24.846035003662 59.094001770020 91 91 91
23.706832885742 24.846035003662 59.020000457764 87 87 87
23.706832885742 24.846035003662 58.947002410889 65 65 65
23.706832885742 24.846035003662 58.872001647949 32 32 32
23.697061538696 24.985446929932 58.444999694824 112 112 112
23.687288284302 25.124858856201 61.841999053955 37 37 37
23.870218276978 24.913526535034 61.830001831055 105 105 105
23.721035003662 25.043165206909 61.708999633789 78 78 78
23.721035003662 25.043165206909 61.275001525879 135 135 135
23.721035003662 25.043165206909 61.202999114990 130 130 130
23.721035003662 25.043165206909 61.131999969482 107 107 107
23.721035003662 25.043165206909 61.062000274658 129 129 129
23.745008468628 25.100885391235 60.990001678467 128 128 128
23.745008468628 25.100885391235 60.921001434326 116 116 116
23.961683273315 24.807859420776 60.730998992920 23 23 23
23.927938461304 24.889553070068 60.657001495361 63 63 63
23.961683273315 24.807859420776 60.586002349854 70 70 70
23.870218276978 24.913526535034 60.512001037598 94 94 94
23.836473464966 24.995218276978 60.437999725342 110 110 110
23.812500000000 24.937500000000 60.367000579834 100 100 100
23.870218276978 24.913526535034 60.296001434326 70 70 70
23.836473464966 24.995218276978 60.226001739502 105 105 105
23.870218276978 24.913526535034 60.153999328613 83 83 83
23.870218276978 24.913526535034 60.083000183105 106 106 106
23.759208679199 25.298017501831 61.396999359131 143 143 143
23.759208679199 25.298017501831 61.327999114990 138 138 138
23.759208679199 25.298017501831 61.256999969482 128 128 128
23.735235214233 25.240297317505 61.193000793457 40 40 40
23.759208679199 25.298017501831 60.979000091553 101 101 101
23.759208679199 25.298017501831 60.910999298096 118 118 118
23.759208679199 25.298017501831 60.841999053955 125 125 125
23.759208679199 25.298017501831 60.771999359131 101 101 101
23.860446929932 25.052938461304 60.652000427246 67 67 67
23.860446929932 25.052938461304 60.580001831055 90 90 90
23.860446929932 25.052938461304 60.507999420166 98 98 98
23.860446929932 25.052938461304 60.438999176025 93 93 93
23.802726745605 25.076911926270 60.368000030518 67 67 67
23.826700210571 25.134632110596 60.298000335693 42 42 42
23.884420394897 25.110658645630 60.227001190186 67 67 67
23.749437332153 25.437429428101 61.451999664307 92 92 92
23.773410797119 25.495147705078 61.381000518799 162 162 162
23.749437332153 25.437429428101 61.316001892090 19 19 19
23.715690612793 25.519121170044 60.833999633789 92 92 92
23.932367324829 25.226097106934 60.513999938965 37 37 37
