23.048976898193 21.463626861572 26.887001037598 146 146 146
23.007591247559 21.385528564453 26.346000671387 130 130 130
23.104047775269 21.284397125244 27.029001235962 75 75 75
23.104047775269 21.284397125244 26.951000213623 222 222 222
23.104047775269 21.284397125244 26.873001098633 215 215 215
23.104047775269 21.284397125244 26.798000335693 166 166 166
23.062664031982 21.206298828125 26.415000915527 189 189 189
23.062664031982 21.206298828125 26.340000152588 191 191 191
23.062664031982 21.206298828125 26.265001296997 182 182 182
23.099376678467 21.086811065674 26.942001342773 157 157 157
23.081020355225 21.146553039551 26.861999511719 187 187 187
23.081020355225 21.146553039551 26.786001205444 189 189 189
23.099376678467 21.086811065674 26.711999893188 135 135 135
23.081020355225 21.146553039551 26.557001113892 59 59 59
23.081020355225 21.146553039551 26.482999801636 193 193 193
23.021278381348 21.128196716309 26.406999588013 195 195 195
23.081020355225 21.146553039551 26.333999633789 188 188 188
23.136093139648 20.967323303223 27.416999816895 77 77 77
23.016605377197 20.930606842041 26.853000640869 182 182 182
23.016605377197 20.930606842041 26.774999618530 184 184 184
23.016605377197 20.930606842041 26.701000213623 185 185 185
23.016605377197 20.930606842041 26.625999450684 165 165 165
23.016605377197 20.930606842041 26.548999786377 190 190 190
23.016605377197 20.930606842041 26.475000381470 193 193 193
23.016605377197 20.930606842041 26.402999877930 172 172 172
23.177478790283 21.045425415039 26.123001098633 77 77 77
23.177478790283 21.045425415039 26.048000335693 93 93 93
23.177478790283 21.045425415039 25.972000122070 95 95 95
23.177478790283 21.045425415039 25.899000167847 94 94 94
23.177478790283 21.045425415039 25.824001312256 95 95 95
23.136093139648 20.967323303223 25.749000549316 39 39 39
22.975219726563 20.852508544922 27.511001586914 67 67 67
23.113063812256 20.829479217529 27.470003128052 115 115 115
22.993579864502 20.792766571045 27.353002548218 98 98 98
22.993579864502 20.792766571045 27.267999649048 119 119 119
22.915477752686 20.834152221680 27.177999496460 167 167 167
22.915477752686 20.834152221680 27.106000900269 171 171 171
22.915477752686 20.834152221680 27.030000686646 176 176 176
22.915477752686 20.834152221680 26.956001281738 174 174 174
22.915477752686 20.834152221680 26.881000518799 170 170 170
22.874092102051 20.756050109863 26.805999755859 168 168 168
22.874092102051 20.756050109863 26.734001159668 167 167 167
22.915477752686 20.834152221680 26.663000106812 163 163 163
22.874092102051 20.756050109863 26.588001251221 164 164 164
22.874092102051 20.756050109863 26.517000198364 161 161 161
22.915477752686 20.834152221680 26.446001052856 161 161 161
22.915477752686 20.834152221680 26.375000000000 161 161 161
22.874092102051 20.756050109863 26.302999496460 162 162 162
22.874092102051 20.756050109863 26.231000900269 161 161 161
22.874092102051 20.756050109863 26.159000396729 156 156 156
22.933834075928 20.774406433105 26.090999603271 158 158 158
22.874092102051 20.756050109863 26.019001007080 155 155 155
22.874092102051 20.756050109863 25.949001312256 158 158 158
22.915477752686 20.834152221680 25.880001068115 152 152 152
22.933834075928 20.774406433105 25.809000015259 153 153 153
22.874092102051 20.756050109863 25.738000869751 154 154 154
22.874092102051 20.756050109863 25.668001174927 143 143 143
22.933834075928 20.774406433105 25.599000930786 137 137 137
22.933834075928 20.774406433105 25.528999328613 138 138 138
22.933834075928 20.774406433105 25.459001541138 143 143 143
22.874092102051 20.756050109863 25.388999938965 130 130 130
22.933834075928 20.774406433105 25.319000244141 126 126 126
22.874092102051 20.756050109863 25.249000549316 120 120 120
22.874092102051 20.756050109863 25.179000854492 114 114 114
22.874092102051 20.756050109863 25.109001159668 118 118 118
22.874092102051 20.756050109863 25.038999557495 110 110 110
22.874092102051 20.756050109863 24.969001770020 94 94 94
22.874092102051 20.756050109863 24.898000717163 97 97 97
22.874092102051 20.756050109863 24.828001022339 90 90 90
22.874092102051 20.756050109863 24.758001327515 94 94 94
22.933834075928 20.774406433105 24.685001373291 81 81 81
22.874092102051 20.756050109863 24.614000320435 80 80 80
22.933834075928 20.774406433105 24.542999267578 77 77 77
23.030292510986 20.673278808594 27.506000518799 84 84 84
23.071678161621 20.751377105713 27.452001571655 113 113 113
23.030292510986 20.673278808594 27.350002288818 92 92 92
23.030292510986 20.673278808594 27.288999557495 125 125 125
23.030292510986 20.673278808594 26.756999969482 182 182 182
23.030292510986 20.673278808594 26.682001113892 179 179 179
23.030292510986 20.673278808594 26.610000610352 181 181 181
23.030292510986 20.673278808594 26.536001205444 184 184 184
23.030292510986 20.673278808594 26.464000701904 35 35 35
23.030292510986 20.673278808594 26.388000488281 25 25 25
23.030292510986 20.673278808594 26.315999984741 49 49 49
23.030292510986 20.673278808594 26.243999481201 65 65 65
23.030292510986 20.673278808594 26.173999786377 84 84 84
23.090034484863 20.691635131836 26.104000091553 125 125 125
23.090034484863 20.691635131836 26.031999588013 135 135 135
23.030292510986 20.673278808594 25.957000732422 161 161 161
23.030292510986 20.673278808594 25.888000488281 145 145 145
23.030292510986 20.673278808594 25.815000534058 177 177 177
23.030292510986 20.673278808594 25.745000839233 157 157 157
23.030292510986 20.673278808594 25.673999786377 158 158 158
23.030292510986 20.673278808594 25.602001190186 161 161 161
23.030292510986 20.673278808594 25.531000137329 167 167 167
23.030292510986 20.673278808594 25.460000991821 178 178 178
23.030292510986 20.673278808594 25.388999938965 178 178 178
23.030292510986 20.673278808594 25.318000793457 177 177 177
23.030292510986 20.673278808594 25.247001647949 174 174 174
23.030292510986 20.673278808594 25.176000595093 174 174 174
23.030292510986 20.673278808594 25.105001449585 175 175 175
23.030292510986 20.673278808594 25.034000396729 173 173 173
23.030292510986 20.673278808594 24.962001800537 174 174 174
23.030292510986 20.673278808594 24.891000747681 174 174 174
23.030292510986 20.673278808594 24.820001602173 172 172 172
23.030292510986 20.673278808594 24.747001647949 175 175 175
23.030292510986 20.673278808594 24.676000595093 179 179 179
23.030292510986 20.673278808594 24.603000640869 179 179 179
22.988906860352 20.595176696777 24.531999588013 181 181 181
22.988906860352 20.595176696777 24.093000411987 167 167 167
22.988906860352 20.595176696777 24.019001007080 167 167 167
22.988906860352 20.595176696777 23.943000793457 167 167 167
22.988906860352 20.595176696777 23.868000030518 166 166 166
23.090034484863 20.691635131836 23.781000137329 211 211 211
23.126750946045 20.572147369385 27.456003189087 77 77 77
23.287620544434 20.686965942383 27.427001953125 112 112 112
22.988906860352 20.595176696777 26.892000198364 49 49 49
23.048650741577 20.613536834717 26.821001052856 188 188 188
23.048650741577 20.613536834717 26.749000549316 195 195 195
23.048650741577 20.613536834717 26.676000595093 190 190 190
23.048650741577 20.613536834717 26.604000091553 188 188 188
23.048650741577 20.613536834717 26.531000137329 196 196 196
23.048650741577 20.613536834717 26.458999633789 199 199 199
23.186492919922 20.590507507324 26.114000320435 99 99 99
23.186492919922 20.590507507324 26.041000366211 97 97 97
23.126750946045 20.572147369385 25.964000701904 92 92 92
23.126750946045 20.572147369385 25.892999649048 93 93 93
23.126750946045 20.572147369385 25.822999954224 165 165 165
23.186492919922 20.590507507324 25.750999450684 91 91 91
23.186492919922 20.590507507324 25.677999496460 94 94 94
23.186492919922 20.590507507324 25.606000900269 103 103 103
23.246238708496 20.608863830566 25.534000396729 94 94 94
22.984235763550 20.397590637207 26.961999893188 161 161 161
23.043979644775 20.415946960449 26.890001296997 192 192 192
23.043979644775 20.415946960449 26.815999984741 206 206 206
22.984235763550 20.397590637207 26.742000579834 185 185 185
23.043979644775 20.415946960449 26.527000427246 196 196 196
23.043979644775 20.415946960449 26.454999923706 193 193 193
23.043979644775 20.415946960449 26.385000228882 205 205 205
23.204853057861 20.530765533447 26.111999511719 90 90 90
23.204853057861 20.530765533447 26.041000366211 96 96 96
23.204853057861 20.530765533447 25.968999862671 106 106 106
23.204853057861 20.530765533447 25.897001266479 106 106 106
23.204853057861 20.530765533447 25.825000762939 105 105 105
23.204853057861 20.530765533447 25.753000259399 74 74 74
23.002593994141 20.337848663330 27.027999877930 183 183 183
23.002593994141 20.337848663330 26.954999923706 199 199 199
23.002593994141 20.337848663330 26.883001327515 224 224 224
23.002593994141 20.337848663330 26.811000823975 139 139 139
23.002593994141 20.337848663330 26.450000762939 191 191 191
23.002593994141 20.337848663330 26.378000259399 192 192 192
23.002593994141 20.337848663330 26.308000564575 193 193 193
23.057666778564 20.158618927002 26.944999694824 83 83 83
23.057666778564 20.158618927002 26.375000000000 180 180 180
23.062664031982 21.206298828125 26.259000778198 114 114 114
23.062664031982 21.206298828125 26.345001220703 123 123 123
23.062664031982 21.206298828125 26.432001113892 125 125 125
23.025947570801 21.325782775879 26.873001098633 170 170 170
23.025947570801 21.325782775879 26.958999633789 186 186 186
23.025947570801 21.325782775879 27.050001144409 63 63 63
22.832706451416 20.677947998047 23.701000213623 184 184 184
22.874092102051 20.756050109863 23.758001327515 188 188 188
23.081020355225 21.146553039551 26.342000961304 73 73 73
22.979888916016 21.050094604492 26.427000045776 128 128 128
23.021278381348 21.128196716309 26.513000488281 123 123 123
22.979888916016 21.050094604492 26.596000671387 14 14 14
23.021278381348 21.128196716309 26.774000167847 113 113 113
23.021278381348 21.128196716309 26.863000869751 124 124 124
23.021278381348 21.128196716309 26.949001312256 85 85 85
22.910804748535 20.636566162109 23.679000854492 151 151 151
22.910804748535 20.636566162109 23.759000778198 162 162 162
22.910804748535 20.636566162109 23.844001770020 167 167 167
22.910804748535 20.636566162109 23.933000564575 167 167 167
22.910804748535 20.636566162109 24.019001007080 159 159 159
22.910804748535 20.636566162109 24.524000167847 191 191 191
22.910804748535 20.636566162109 24.609001159668 196 196 196
22.910804748535 20.636566162109 24.692001342773 197 197 197
22.910804748535 20.636566162109 24.773000717163 199 199 199
22.910804748535 20.636566162109 24.856000900269 201 201 201
22.910804748535 20.636566162109 24.939001083374 204 204 204
22.910804748535 20.636566162109 25.020000457764 204 204 204
22.910804748535 20.636566162109 25.102001190186 208 208 208
22.910804748535 20.636566162109 25.181999206543 211 211 211
22.910804748535 20.636566162109 25.263999938965 220 220 220
22.910804748535 20.636566162109 25.345001220703 230 230 230
22.910804748535 20.636566162109 25.426000595093 238 238 238
22.910804748535 20.636566162109 25.508001327515 211 211 211
22.910804748535 20.636566162109 25.588001251221 255 255 255
22.910804748535 20.636566162109 25.669000625610 255 255 255
22.910804748535 20.636566162109 25.750000000000 231 231 231
22.832706451416 20.677947998047 25.831001281738 210 210 210
22.832706451416 20.677947998047 25.912000656128 206 206 206
22.832706451416 20.677947998047 25.993999481201 202 202 202
22.832706451416 20.677947998047 26.075000762939 201 201 201
22.832706451416 20.677947998047 26.156999588013 200 200 200
22.832706451416 20.677947998047 26.238000869751 198 198 198
22.832706451416 20.677947998047 26.319999694824 198 198 198
22.832706451416 20.677947998047 26.402000427246 194 194 194
22.933834075928 20.774406433105 26.484001159668 192 192 192
22.933834075928 20.774406433105 26.568000793457 191 191 191
22.933834075928 20.774406433105 26.649999618530 191 191 191
22.933834075928 20.774406433105 26.735000610352 191 191 191
22.933834075928 20.774406433105 26.818000793457 186 186 186
22.933834075928 20.774406433105 26.902000427246 184 184 184
22.874092102051 20.756050109863 26.985000610352 175 175 175
22.874092102051 20.756050109863 27.071001052856 174 174 174
22.874092102051 20.756050109863 27.154001235962 168 168 168
22.874092102051 20.756050109863 27.239999771118 163 163 163
22.915477752686 20.834152221680 27.342002868652 56 56 56
23.016605377197 20.930606842041 27.467002868652 122 122 122
23.113063812256 20.829479217529 25.496000289917 17 17 17
23.172809600830 20.847839355469 25.579999923706 114 114 114
23.113063812256 20.829479217529 25.665000915527 64 64 64
23.113063812256 20.829479217529 25.750000000000 87 87 87
23.030292510986 20.673278808594 25.833000183105 119 119 119
23.030292510986 20.673278808594 25.916000366211 119 119 119
23.071678161621 20.751377105713 26.000999450684 93 93 93
23.071678161621 20.751377105713 26.083999633789 91 91 91
23.030292510986 20.673278808594 26.165000915527 75 75 75
23.030292510986 20.673278808594 26.248001098633 79 79 79
23.030292510986 20.673278808594 26.332000732422 84 84 84
23.030292510986 20.673278808594 26.413999557495 83 83 83
23.030292510986 20.673278808594 26.498001098633 108 108 108
23.030292510986 20.673278808594 26.581001281738 134 134 134
23.030292510986 20.673278808594 26.666000366211 138 138 138
23.030292510986 20.673278808594 26.752000808716 139 139 139
23.030292510986 20.673278808594 26.836999893188 95 95 95
23.030292510986 20.673278808594 26.919000625610 96 96 96
23.030292510986 20.673278808594 27.008001327515 96 96 96
23.030292510986 20.673278808594 27.093000411987 111 111 111
23.071678161621 20.751377105713 27.187000274658 150 150 150
23.053321838379 20.811122894287 27.269001007080 120 120 120
23.011936187744 20.733020782471 27.340002059937 127 127 127
23.011936187744 20.733020782471 27.440002441406 127 127 127
22.910804748535 20.636566162109 27.512001037598 89 89 89
23.126750946045 20.572147369385 23.692001342773 189 189 189
23.209522247314 20.728351593018 25.497001647949 60 60 60
23.168136596680 20.650249481201 25.582000732422 65 65 65
23.168136596680 20.650249481201 25.666999816895 82 82 82
23.168136596680 20.650249481201 25.750999450684 90 90 90
23.108392715454 20.631893157959 25.835000991821 91 91 91
23.108392715454 20.631893157959 25.919000625610 66 66 66
23.067008972168 20.553791046143 26.002000808716 65 65 65
23.209522247314 20.728351593018 26.089000701904 76 76 76
23.108392715454 20.631893157959 26.173000335693 38 38 38
23.007263183594 20.535434722900 26.408000946045 70 70 70
23.048650741577 20.613536834717 26.493999481201 153 153 153
23.048650741577 20.613536834717 26.578001022339 168 168 168
23.048650741577 20.613536834717 26.659999847412 53 53 53
23.048650741577 20.613536834717 26.743000030518 153 153 153
23.048650741577 20.613536834717 26.826999664307 116 116 116
23.007263183594 20.535434722900 26.908000946045 74 74 74
23.149780273438 20.709995269775 27.290000915527 51 51 51
23.108392715454 20.631893157959 27.369001388550 101 101 101
23.191165924072 20.788093566895 27.493001937866 115 115 115
23.090034484863 20.691635131836 27.538999557495 19 19 19
23.204853057861 20.530765533447 25.668001174927 38 38 38
23.145107269287 20.512405395508 25.752000808716 75 75 75
23.145107269287 20.512405395508 25.836000442505 87 87 87
23.145107269287 20.512405395508 25.919000625610 82 82 82
23.145107269287 20.512405395508 26.002000808716 84 84 84
23.145107269287 20.512405395508 26.086000442505 70 70 70
23.145107269287 20.512405395508 26.170000076294 32 32 32
23.002593994141 20.337848663330 26.321001052856 102 102 102
23.062335968018 20.356204986572 26.404001235962 132 132 132
23.062335968018 20.356204986572 26.486999511719 169 169 169
23.062335968018 20.356204986572 26.815999984741 145 145 145
23.062335968018 20.356204986572 26.897001266479 137 137 137
23.062335968018 20.356204986572 26.982000350952 125 125 125
23.329010009766 20.765068054199 27.427001953125 18 18 18
23.282951354980 20.489379882813 26.006999969482 19 19 19
22.997924804688 20.140258789063 26.319000244141 70 70 70
22.997924804688 20.140258789063 26.399000167847 146 146 146
22.979564666748 20.200004577637 26.892000198364 91 91 91
22.997924804688 20.140258789063 26.971000671387 111 111 111
23.025947570801 21.325782775879 26.943000793457 178 178 178
23.025947570801 21.325782775879 26.856000900269 173 173 173
23.108718872070 21.481983184814 26.335000991821 144 144 144
23.104047775269 21.284397125244 27.023000717163 185 185 185
23.104047775269 21.284397125244 26.937000274658 218 218 218
23.104047775269 21.284397125244 26.847000122070 207 207 207
23.104047775269 21.284397125244 26.415000915527 225 225 225
23.104047775269 21.284397125244 26.329999923706 224 224 224
23.104047775269 21.284397125244 26.245000839233 202 202 202
23.081020355225 21.146553039551 26.927000045776 212 212 212
23.081020355225 21.146553039551 26.840000152588 214 214 214
23.081020355225 21.146553039551 26.753999710083 208 208 208
23.021278381348 21.128196716309 26.496000289917 215 215 215
23.021278381348 21.128196716309 26.409999847412 221 221 221
23.021278381348 21.128196716309 26.326000213623 219 219 219
23.218864440918 21.123523712158 25.993999481201 25 25 25
23.218864440918 21.123523712158 25.908000946045 17 17 17
23.057991027832 21.008708953857 26.920999526978 45 45 45
23.057991027832 21.008708953857 26.832000732422 215 215 215
23.057991027832 21.008708953857 26.748001098633 224 224 224
23.057991027832 21.008708953857 26.661001205444 104 104 104
23.057991027832 21.008708953857 26.575000762939 213 213 213
23.057991027832 21.008708953857 26.489999771118 220 220 220
23.057991027832 21.008708953857 26.406000137329 216 216 216
23.237220764160 21.063781738281 26.076999664307 86 86 86
23.237220764160 21.063781738281 25.991001129150 84 84 84
23.237220764160 21.063781738281 25.906000137329 90 90 90
23.237220764160 21.063781738281 25.821001052856 83 83 83
23.177478790283 21.045425415039 25.735000610352 42 42 42
23.034961700439 20.870864868164 27.513999938965 34 34 34
23.232551574707 20.866195678711 27.477003097534 138 138 138
23.034961700439 20.870864868164 27.342002868652 72 72 72
23.094707489014 20.889225006104 27.182001113892 109 109 109
23.016605377197 20.930606842041 26.824001312256 204 204 204
23.016605377197 20.930606842041 26.739000320435 219 219 219
23.016605377197 20.930606842041 26.652999877930 209 209 209
23.016605377197 20.930606842041 26.568000793457 214 214 214
23.016605377197 20.930606842041 26.486000061035 220 220 220
23.172809600830 20.847839355469 26.159999847412 66 66 66
23.172809600830 20.847839355469 26.074001312256 87 87 87
23.094707489014 20.889225006104 25.986999511719 81 81 81
23.154449462891 20.907581329346 25.902999877930 87 87 87
23.154449462891 20.907581329346 25.819999694824 138 138 138
23.154449462891 20.907581329346 25.735000610352 125 125 125
23.154449462891 20.907581329346 25.651000976563 96 96 96
23.172809600830 20.847839355469 25.565000534058 56 56 56
22.915477752686 20.834152221680 27.475002288818 101 101 101
22.975219726563 20.852508544922 27.409000396729 108 108 108
22.993579864502 20.792766571045 27.314002990723 112 112 112
22.915477752686 20.834152221680 27.215999603271 166 166 166
22.915477752686 20.834152221680 27.130001068115 165 165 165
22.915477752686 20.834152221680 27.045000076294 153 153 153
22.915477752686 20.834152221680 26.964000701904 144 144 144
22.915477752686 20.834152221680 26.881000518799 139 139 139
22.915477752686 20.834152221680 26.798999786377 128 128 128
22.993579864502 20.792766571045 26.718999862671 144 144 144
22.975219726563 20.852508544922 26.640001296997 165 165 165
22.975219726563 20.852508544922 26.558000564575 173 173 173
22.975219726563 20.852508544922 26.475999832153 165 165 165
22.975219726563 20.852508544922 26.391000747681 147 147 147
22.975219726563 20.852508544922 26.309999465942 135 135 135
22.975219726563 20.852508544922 26.229000091553 139 139 139
23.053321838379 20.811122894287 26.148000717163 153 153 153
23.053321838379 20.811122894287 26.065999984741 168 168 168
23.053321838379 20.811122894287 25.982999801636 182 182 182
23.034961700439 20.870864868164 25.899999618530 202 202 202
23.034961700439 20.870864868164 25.817001342773 215 215 215
22.975219726563 20.852508544922 25.735000610352 216 216 216
23.053321838379 20.811122894287 25.652000427246 94 94 94
23.113063812256 20.829479217529 25.569000244141 100 100 100
23.113063812256 20.829479217529 25.485000610352 84 84 84
22.952192306519 20.714664459229 27.467002868652 91 91 91
23.287620544434 20.686965942383 27.457002639771 137 137 137
23.030292510986 20.673278808594 27.318002700806 82 82 82
23.030292510986 20.673278808594 26.812999725342 165 165 165
23.030292510986 20.673278808594 26.727001190186 191 191 191
23.030292510986 20.673278808594 26.642999649048 192 192 192
23.030292510986 20.673278808594 26.559999465942 185 185 185
23.030292510986 20.673278808594 26.472000122070 128 128 128
22.952192306519 20.714664459229 26.384000778198 77 77 77
22.933834075928 20.774406433105 26.300001144409 89 89 89
22.933834075928 20.774406433105 26.218999862671 96 96 96
22.933834075928 20.774406433105 26.138000488281 116 116 116
22.952192306519 20.714664459229 26.059000015259 135 135 135
22.933834075928 20.774406433105 25.978000640869 150 150 150
22.933834075928 20.774406433105 25.897001266479 164 164 164
22.933834075928 20.774406433105 25.817001342773 178 178 178
22.933834075928 20.774406433105 25.736999511719 228 228 228
22.933834075928 20.774406433105 25.656000137329 226 226 226
22.933834075928 20.774406433105 25.576000213623 233 233 233
22.952192306519 20.714664459229 25.495000839233 247 247 247
22.933834075928 20.774406433105 25.416000366211 228 228 228
22.933834075928 20.774406433105 25.335000991821 225 225 225
22.933834075928 20.774406433105 25.255001068115 216 216 216
22.933834075928 20.774406433105 25.174999237061 201 201 201
22.933834075928 20.774406433105 25.093000411987 201 201 201
22.933834075928 20.774406433105 25.013000488281 201 201 201
22.933834075928 20.774406433105 24.931999206543 201 201 201
22.933834075928 20.774406433105 24.850000381470 196 196 196
22.933834075928 20.774406433105 24.769001007080 188 188 188
22.933834075928 20.774406433105 24.686000823975 176 176 176
22.933834075928 20.774406433105 24.604000091553 169 169 169
22.993579864502 20.792766571045 23.913999557495 141 141 141
22.952192306519 20.714664459229 23.754001617432 151 151 151
23.048650741577 20.613536834717 26.891000747681 123 123 123
23.048650741577 20.613536834717 26.805999755859 209 209 209
23.048650741577 20.613536834717 26.721000671387 203 203 203
23.048650741577 20.613536834717 26.642000198364 195 195 195
23.048650741577 20.613536834717 26.558000564575 203 203 203
23.048650741577 20.613536834717 26.475999832153 206 206 206
23.145107269287 20.512405395508 26.156000137329 88 88 88
23.204853057861 20.530765533447 26.072999954224 90 90 90
23.126750946045 20.572147369385 25.988000869751 76 76 76
23.126750946045 20.572147369385 25.905000686646 83 83 83
23.145107269287 20.512405395508 25.822999954224 125 125 125
23.145107269287 20.512405395508 25.739999771118 83 83 83
23.145107269287 20.512405395508 25.656999588013 82 82 82
23.126750946045 20.572147369385 25.575000762939 74 74 74
23.085365295410 20.494049072266 26.974000930786 29 29 29
23.025623321533 20.475692749023 26.885000228882 211 211 211
23.025623321533 20.475692749023 26.802000045776 211 211 211
23.025623321533 20.475692749023 26.718999862671 197 197 197
23.025623321533 20.475692749023 26.555999755859 205 205 205
23.025623321533 20.475692749023 26.475000381470 203 203 203
23.025623321533 20.475692749023 26.392000198364 208 208 208
23.163463592529 20.452663421631 26.072999954224 89 89 89
23.163463592529 20.452663421631 25.991001129150 85 85 85
23.204853057861 20.530765533447 25.909000396729 86 86 86
23.204853057861 20.530765533447 25.826000213623 92 92 92
23.204853057861 20.530765533447 25.743999481201 34 34 34
23.062335968018 20.356204986572 26.961999893188 210 210 210
23.062335968018 20.356204986572 26.880001068115 209 209 209
23.062335968018 20.356204986572 26.797000885010 208 208 208
23.062335968018 20.356204986572 26.551000595093 61 61 61
23.062335968018 20.356204986572 26.471000671387 194 194 194
23.062335968018 20.356204986572 26.391000747681 220 220 220
23.062335968018 20.356204986572 26.309999465942 172 172 172
22.961208343506 20.259746551514 27.040000915527 211 211 211
22.961208343506 20.259746551514 26.957000732422 208 208 208
22.961208343506 20.259746551514 26.875000000000 212 212 212
23.020950317383 20.278106689453 26.468999862671 211 211 211
23.080696105957 20.296463012695 26.388999938965 210 210 210
23.080696105957 20.296463012695 26.309000015259 227 227 227
23.057666778564 20.158618927002 26.385999679565 165 165 165
23.085689544678 21.344139099121 27.040000915527 64 64 64
23.085689544678 21.344139099121 26.951000213623 203 203 203
23.085689544678 21.344139099121 26.863000869751 196 196 196
23.025947570801 21.325782775879 26.427999496460 89 89 89
23.025947570801 21.325782775879 26.340999603271 191 191 191
23.081020355225 21.146553039551 27.030000686646 11 11 11
23.021278381348 21.128196716309 26.940000534058 207 207 207
23.021278381348 21.128196716309 26.852001190186 205 205 205
23.021278381348 21.128196716309 26.766000747681 143 143 143
23.021278381348 21.128196716309 26.503999710083 114 114 114
23.062664031982 21.206298828125 26.420999526978 222 222 222
23.062664031982 21.206298828125 26.336000442505 225 225 225
23.062664031982 21.206298828125 26.250000000000 157 157 157
23.057991027832 21.008708953857 26.930000305176 147 147 147
23.057991027832 21.008708953857 26.845001220703 216 216 216
23.057991027832 21.008708953857 26.760000228882 218 218 218
23.057991027832 21.008708953857 26.677000045776 17 17 17
23.039634704590 21.068450927734 26.586000442505 125 125 125
23.057991027832 21.008708953857 26.502000808716 217 217 217
23.039634704590 21.068450927734 26.416000366211 223 223 223
23.057991027832 21.008708953857 26.332000732422 161 161 161
23.177478790283 21.045425415039 26.086000442505 79 79 79
23.237220764160 21.063781738281 26.000000000000 86 86 86
23.177478790283 21.045425415039 25.913999557495 80 80 80
23.237220764160 21.063781738281 25.829000473022 76 76 76
23.172809600830 20.847839355469 27.481002807617 122 122 122
23.113063812256 20.829479217529 27.362001419067 37 37 37
23.113063812256 20.829479217529 27.197000503540 17 17 17
23.034961700439 20.870864868164 26.836000442505 208 208 208
23.034961700439 20.870864868164 26.752000808716 212 212 212
23.034961700439 20.870864868164 26.666000366211 205 205 205
23.034961700439 20.870864868164 26.581001281738 215 215 215
23.034961700439 20.870864868164 26.496000289917 219 219 219
23.034961700439 20.870864868164 26.412000656128 119 119 119
23.172809600830 20.847839355469 26.170000076294 41 41 41
23.172809600830 20.847839355469 26.085000991821 86 86 86
23.154449462891 20.907581329346 25.996999740601 82 82 82
23.094707489014 20.889225006104 25.912000656128 90 90 90
23.172809600830 20.847839355469 25.829000473022 96 96 96
23.154449462891 20.907581329346 25.743999481201 91 91 91
23.094707489014 20.889225006104 25.659000396729 106 106 106
23.172809600830 20.847839355469 25.574001312256 15 15 15
22.993579864502 20.792766571045 27.488002777100 99 99 99
22.993579864502 20.792766571045 27.416999816895 99 99 99
22.993579864502 20.792766571045 27.328002929688 116 116 116
22.915477752686 20.834152221680 27.225999832153 162 162 162
22.915477752686 20.834152221680 27.140001296997 158 158 158
22.915477752686 20.834152221680 27.057001113892 153 153 153
22.915477752686 20.834152221680 26.974000930786 144 144 144
22.915477752686 20.834152221680 26.891000747681 135 135 135
22.993579864502 20.792766571045 26.809999465942 129 129 129
22.993579864502 20.792766571045 26.729999542236 147 147 147
22.993579864502 20.792766571045 26.649999618530 156 156 156
22.993579864502 20.792766571045 26.568000793457 167 167 167
22.993579864502 20.792766571045 26.485000610352 157 157 157
22.993579864502 20.792766571045 26.402999877930 140 140 140
22.993579864502 20.792766571045 26.319999694824 131 131 131
22.993579864502 20.792766571045 26.238000869751 132 132 132
23.053321838379 20.811122894287 26.158000946045 145 145 145
23.071678161621 20.751377105713 26.075000762939 161 161 161
23.053321838379 20.811122894287 25.992000579834 168 168 168
23.053321838379 20.811122894287 25.909999847412 204 204 204
23.053321838379 20.811122894287 25.826999664307 209 209 209
23.053321838379 20.811122894287 25.745000839233 247 247 247
23.053321838379 20.811122894287 25.662000656128 132 132 132
23.113063812256 20.829479217529 25.578001022339 107 107 107
23.113063812256 20.829479217529 25.494001388550 93 93 93
22.910804748535 20.636566162109 27.481002807617 60 60 60
23.246238708496 20.608863830566 27.462001800537 130 130 130
22.988906860352 20.595176696777 27.328002929688 45 45 45
22.988906860352 20.595176696777 26.819999694824 184 184 184
22.988906860352 20.595176696777 26.738000869751 204 204 204
22.988906860352 20.595176696777 26.654001235962 208 208 208
22.988906860352 20.595176696777 26.571001052856 200 200 200
23.048650741577 20.613536834717 26.489000320435 184 184 184
22.910804748535 20.636566162109 26.231000900269 13 13 13
22.988906860352 20.595176696777 26.156999588013 82 82 82
22.970550537109 20.654922485352 26.072000503540 92 92 92
22.970550537109 20.654922485352 25.989999771118 104 104 104
22.970550537109 20.654922485352 25.909999847412 150 150 150
22.970550537109 20.654922485352 25.828001022339 157 157 157
22.910804748535 20.636566162109 25.746999740601 116 116 116
22.910804748535 20.636566162109 25.666000366211 121 121 121
22.910804748535 20.636566162109 25.586000442505 128 128 128
22.910804748535 20.636566162109 25.505001068115 150 150 150
22.910804748535 20.636566162109 25.424999237061 155 155 155
22.910804748535 20.636566162109 25.345001220703 158 158 158
22.910804748535 20.636566162109 25.265001296997 176 176 176
22.910804748535 20.636566162109 25.184000015259 177 177 177
22.910804748535 20.636566162109 25.104000091553 185 185 185
22.910804748535 20.636566162109 25.023000717163 190 190 190
22.910804748535 20.636566162109 24.942001342773 193 193 193
22.910804748535 20.636566162109 24.861000061035 190 190 190
22.910804748535 20.636566162109 24.778999328613 184 184 184
22.910804748535 20.636566162109 24.697999954224 179 179 179
22.910804748535 20.636566162109 24.616001129150 182 182 182
22.910804748535 20.636566162109 24.532999038696 167 167 167
22.910804748535 20.636566162109 23.946001052856 128 128 128
22.910804748535 20.636566162109 23.861000061035 118 118 118
22.814350128174 20.737693786621 23.802999496460 168 168 168
22.910804748535 20.636566162109 23.680000305176 108 108 108
23.025623321533 20.475692749023 26.898000717163 188 188 188
23.025623321533 20.475692749023 26.815999984741 205 205 205
23.025623321533 20.475692749023 26.732000350952 195 195 195
23.007263183594 20.535434722900 26.648000717163 91 91 91
23.025623321533 20.475692749023 26.568000793457 196 196 196
23.025623321533 20.475692749023 26.486000061035 190 190 190
23.025623321533 20.475692749023 26.404001235962 133 133 133
23.204853057861 20.530765533447 26.166999816895 65 65 65
23.204853057861 20.530765533447 26.083000183105 85 85 85
23.126750946045 20.572147369385 25.998001098633 83 83 83
23.204853057861 20.530765533447 25.916999816895 93 93 93
23.204853057861 20.530765533447 25.835000991821 89 89 89
23.204853057861 20.530765533447 25.752000808716 82 82 82
23.204853057861 20.530765533447 25.669000625610 80 80 80
23.062335968018 20.356204986572 26.975999832153 197 197 197
23.062335968018 20.356204986572 26.892999649048 204 204 204
23.062335968018 20.356204986572 26.809999465942 197 197 197
23.062335968018 20.356204986572 26.729999542236 12 12 12
23.062335968018 20.356204986572 26.565000534058 181 181 181
23.062335968018 20.356204986572 26.482999801636 200 200 200
23.062335968018 20.356204986572 26.401000976563 206 206 206
23.062335968018 20.356204986572 26.319999694824 64 64 64
23.122081756592 20.374561309814 26.002000808716 70 70 70
23.140438079834 20.314819335938 25.920000076294 63 63 63
22.961208343506 20.259746551514 27.051000595093 207 207 207
22.961208343506 20.259746551514 26.967000961304 207 207 207
22.961208343506 20.259746551514 26.885999679565 209 209 209
22.979564666748 20.200004577637 26.479999542236 214 214 214
22.979564666748 20.200004577637 26.399999618530 202 202 202
22.961208343506 20.259746551514 26.319000244141 221 221 221
23.016281127930 20.080516815186 26.395999908447 153 153 153
23.025947570801 21.325782775879 26.343999862671 75 75 75
23.007591247559 21.385528564453 26.871000289917 26 26 26
22.874092102051 20.756050109863 23.762001037598 208 208 208
23.021278381348 21.128196716309 26.338001251221 114 114 114
23.021278381348 21.128196716309 26.423999786377 122 122 122
23.021278381348 21.128196716309 26.509000778198 107 107 107
23.021278381348 21.128196716309 26.770000457764 87 87 87
23.021278381348 21.128196716309 26.861000061035 137 137 137
23.021278381348 21.128196716309 26.947000503540 115 115 115
22.910804748535 20.636566162109 23.677000045776 162 162 162
22.910804748535 20.636566162109 23.760000228882 169 169 169
22.910804748535 20.636566162109 23.845001220703 176 176 176
22.910804748535 20.636566162109 23.934000015259 178 178 178
22.910804748535 20.636566162109 24.017999649048 177 177 177
22.910804748535 20.636566162109 24.521999359131 186 186 186
22.910804748535 20.636566162109 24.607000350952 188 188 188
22.910804748535 20.636566162109 24.690000534058 191 191 191
22.910804748535 20.636566162109 24.770999908447 195 195 195
22.910804748535 20.636566162109 24.854000091553 194 194 194
22.910804748535 20.636566162109 24.934000015259 196 196 196
22.910804748535 20.636566162109 25.017999649048 198 198 198
22.910804748535 20.636566162109 25.098001480103 199 199 199
22.910804748535 20.636566162109 25.179000854492 200 200 200
22.910804748535 20.636566162109 25.261001586914 204 204 204
22.910804748535 20.636566162109 25.342000961304 203 203 203
22.910804748535 20.636566162109 25.423000335693 209 209 209
22.910804748535 20.636566162109 25.504001617432 200 200 200
22.910804748535 20.636566162109 25.585000991821 216 216 216
22.910804748535 20.636566162109 25.665000915527 231 231 231
22.910804748535 20.636566162109 25.746000289917 203 203 203
22.910804748535 20.636566162109 25.826999664307 196 196 196
22.910804748535 20.636566162109 25.908000946045 191 191 191
22.832706451416 20.677947998047 25.989000320435 191 191 191
22.910804748535 20.636566162109 26.071001052856 178 178 178
22.832706451416 20.677947998047 26.152000427246 172 172 172
22.832706451416 20.677947998047 26.232999801636 163 163 163
22.832706451416 20.677947998047 26.315000534058 166 166 166
22.832706451416 20.677947998047 26.397001266479 165 165 165
22.933834075928 20.774406433105 26.479000091553 153 153 153
22.832706451416 20.677947998047 26.559999465942 147 147 147
22.933834075928 20.774406433105 26.644001007080 142 142 142
22.933834075928 20.774406433105 26.725999832153 137 137 137
22.933834075928 20.774406433105 26.809999465942 128 128 128
22.933834075928 20.774406433105 26.894001007080 132 132 132
22.874092102051 20.756050109863 26.977001190186 130 130 130
22.874092102051 20.756050109863 27.059999465942 128 128 128
22.874092102051 20.756050109863 27.145999908447 125 125 125
22.874092102051 20.756050109863 27.232000350952 111 111 111
23.016605377197 20.930606842041 27.457002639771 119 119 119
23.131420135498 20.769737243652 25.494001388550 19 19 19
23.113063812256 20.829479217529 25.575000762939 107 107 107
23.090034484863 20.691635131836 25.662000656128 73 73 73
23.131420135498 20.769737243652 25.745000839233 86 86 86
22.988906860352 20.595176696777 25.828001022339 129 129 129
22.988906860352 20.595176696777 25.909999847412 118 118 118
23.090034484863 20.691635131836 25.993999481201 103 103 103
23.090034484863 20.691635131836 26.078001022339 97 97 97
23.030292510986 20.673278808594 26.159999847412 85 85 85
22.988906860352 20.595176696777 26.242000579834 83 83 83
23.030292510986 20.673278808594 26.325000762939 91 91 91
22.988906860352 20.595176696777 26.406999588013 85 85 85
22.988906860352 20.595176696777 26.491001129150 97 97 97
23.030292510986 20.673278808594 26.576000213623 126 126 126
23.030292510986 20.673278808594 26.661001205444 140 140 140
23.030292510986 20.673278808594 26.743999481201 135 135 135
23.030292510986 20.673278808594 26.829000473022 92 92 92
23.030292510986 20.673278808594 26.913000106812 86 86 86
23.030292510986 20.673278808594 27.000000000000 88 88 88
23.030292510986 20.673278808594 27.086999893188 104 104 104
23.071678161621 20.751377105713 27.182001113892 141 141 141
23.030292510986 20.673278808594 27.258001327515 115 115 115
22.970550537109 20.654922485352 27.332002639771 117 117 117
23.030292510986 20.673278808594 27.431001663208 115 115 115
22.970550537109 20.654922485352 27.498001098633 87 87 87
23.126750946045 20.572147369385 25.494001388550 38 38 38
23.126750946045 20.572147369385 25.578001022339 61 61 61
23.126750946045 20.572147369385 25.662000656128 83 83 83
23.126750946045 20.572147369385 25.746000289917 77 77 77
23.126750946045 20.572147369385 25.829999923706 120 120 120
23.126750946045 20.572147369385 25.913000106812 69 69 69
23.126750946045 20.572147369385 25.996000289917 64 64 64
23.168136596680 20.650249481201 26.083000183105 73 73 73
23.168136596680 20.650249481201 26.166999816895 56 56 56
22.984235763550 20.397590637207 26.402999877930 104 104 104
23.025623321533 20.475692749023 26.486000061035 139 139 139
23.025623321533 20.475692749023 26.569000244141 146 146 146
23.025623321533 20.475692749023 26.734001159668 139 139 139
23.025623321533 20.475692749023 26.818000793457 138 138 138
23.025623321533 20.475692749023 26.901000976563 117 117 117
23.209522247314 20.728351593018 27.384000778198 81 81 81
23.191165924072 20.788093566895 27.493001937866 115 115 115
23.365722656250 20.645580291748 25.746999740601 16 16 16
23.122081756592 20.374561309814 25.833000183105 48 48 48
23.122081756592 20.374561309814 25.916000366211 74 74 74
23.122081756592 20.374561309814 25.999000549316 71 71 71
23.122081756592 20.374561309814 26.082000732422 66 66 66
22.961208343506 20.259746551514 26.317001342773 111 111 111
23.020950317383 20.278106689453 26.399999618530 151 151 151
22.961208343506 20.259746551514 26.479999542236 108 108 108
23.020950317383 20.278106689453 26.811000823975 32 32 32
23.002593994141 20.337848663330 26.892999649048 170 170 170
22.961208343506 20.259746551514 26.972000122070 133 133 133
22.961208343506 20.259746551514 27.055000305176 85 85 85
23.361053466797 20.447990417480 26.009000778198 24 24 24
23.104047775269 21.284397125244 27.038999557495 104 104 104
23.104047775269 21.284397125244 26.964000701904 217 217 217
23.104047775269 21.284397125244 26.885000228882 214 214 214
23.104047775269 21.284397125244 26.808000564575 147 147 147
23.062664031982 21.206298828125 26.425001144409 176 176 176
23.062664031982 21.206298828125 26.350000381470 189 189 189
23.062664031982 21.206298828125 26.276000976563 188 188 188
23.062664031982 21.206298828125 26.201999664307 75 75 75
23.099376678467 21.086811065674 26.951999664307 117 117 117
23.099376678467 21.086811065674 26.873001098633 185 185 185
23.099376678467 21.086811065674 26.798000335693 184 184 184
23.099376678467 21.086811065674 26.720001220703 157 157 157
23.099376678467 21.086811065674 26.493000030518 186 186 186
23.099376678467 21.086811065674 26.418001174927 189 189 189
23.099376678467 21.086811065674 26.343999862671 182 182 182
23.016605377197 20.930606842041 27.457002639771 64 64 64
23.136093139648 20.967323303223 27.433002471924 129 129 129
23.016605377197 20.930606842041 26.861999511719 83 83 83
23.034961700439 20.870864868164 26.784000396729 181 181 181
23.034961700439 20.870864868164 26.708999633789 179 179 179
23.034961700439 20.870864868164 26.631999969482 170 170 170
23.034961700439 20.870864868164 26.558000564575 185 185 185
23.034961700439 20.870864868164 26.484001159668 185 185 185
23.034961700439 20.870864868164 26.409999847412 110 110 110
23.195835113525 20.985679626465 26.131999969482 86 86 86
23.195835113525 20.985679626465 26.057001113892 91 91 91
23.094707489014 20.889225006104 25.979999542236 89 89 89
23.094707489014 20.889225006104 25.906000137329 90 90 90
23.136093139648 20.967323303223 25.833000183105 94 94 94
23.076349258423 20.948966979980 25.756000518799 48 48 48
23.094707489014 20.889225006104 25.684999465942 34 34 34
22.952192306519 20.714664459229 27.511001586914 94 94 94
23.053321838379 20.811122894287 27.454002380371 142 142 142
22.952192306519 20.714664459229 27.353002548218 113 113 113
23.011936187744 20.733020782471 27.288000106812 123 123 123
22.952192306519 20.714664459229 27.194000244141 133 133 133
22.952192306519 20.714664459229 27.118000030518 132 132 132
22.952192306519 20.714664459229 27.041999816895 140 140 140
22.952192306519 20.714664459229 26.967000961304 143 143 143
22.952192306519 20.714664459229 26.892999649048 149 149 149
22.952192306519 20.714664459229 26.819999694824 144 144 144
22.910804748535 20.636566162109 26.745000839233 148 148 148
22.910804748535 20.636566162109 26.673000335693 152 152 152
22.910804748535 20.636566162109 26.600000381470 159 159 159
22.910804748535 20.636566162109 26.527000427246 157 157 157
22.910804748535 20.636566162109 26.454999923706 160 160 160
22.910804748535 20.636566162109 26.384000778198 162 162 162
22.910804748535 20.636566162109 26.311000823975 163 163 163
22.910804748535 20.636566162109 26.241001129150 168 168 168
22.910804748535 20.636566162109 26.170000076294 171 171 171
22.910804748535 20.636566162109 26.097999572754 175 175 175
22.910804748535 20.636566162109 26.027999877930 178 178 178
22.910804748535 20.636566162109 25.958000183105 182 182 182
22.910804748535 20.636566162109 25.887001037598 184 184 184
22.910804748535 20.636566162109 25.817001342773 197 197 197
22.910804748535 20.636566162109 25.746999740601 197 197 197
22.910804748535 20.636566162109 25.677000045776 212 212 212
22.910804748535 20.636566162109 25.607000350952 221 221 221
22.910804748535 20.636566162109 25.537000656128 241 241 241
22.910804748535 20.636566162109 25.468000411987 255 255 255
22.910804748535 20.636566162109 25.398000717163 255 255 255
22.910804748535 20.636566162109 25.328001022339 254 254 254
22.910804748535 20.636566162109 25.258001327515 241 241 241
22.910804748535 20.636566162109 25.188001632690 232 232 232
22.910804748535 20.636566162109 25.118000030518 222 222 222
22.910804748535 20.636566162109 25.048999786377 218 218 218
22.910804748535 20.636566162109 24.979000091553 217 217 217
22.910804748535 20.636566162109 24.907999038696 215 215 215
22.910804748535 20.636566162109 24.838001251221 206 206 206
22.910804748535 20.636566162109 24.767999649048 202 202 202
22.910804748535 20.636566162109 24.696001052856 199 199 199
22.910804748535 20.636566162109 24.626001358032 199 199 199
22.910804748535 20.636566162109 24.555000305176 198 198 198
22.910804748535 20.636566162109 24.121000289917 189 189 189
22.910804748535 20.636566162109 24.045999526978 182 182 182
22.910804748535 20.636566162109 23.971000671387 167 167 167
22.910804748535 20.636566162109 23.891000747681 169 169 169
22.910804748535 20.636566162109 23.817001342773 150 150 150
22.910804748535 20.636566162109 23.740001678467 132 132 132
22.832706451416 20.677947998047 23.693000793457 171 171 171
23.168136596680 20.650249481201 27.489002227783 119 119 119
23.287620544434 20.686965942383 27.440002441406 142 142 142
23.168136596680 20.650249481201 27.314002990723 11 11 11
23.048650741577 20.613536834717 26.831001281738 179 179 179
23.048650741577 20.613536834717 26.756000518799 183 183 183
23.048650741577 20.613536834717 26.684000015259 189 189 189
23.048650741577 20.613536834717 26.614000320435 188 188 188
23.048650741577 20.613536834717 26.540000915527 180 180 180
23.048650741577 20.613536834717 26.465999603271 181 181 181
23.186492919922 20.590507507324 26.121000289917 87 87 87
23.186492919922 20.590507507324 26.048000335693 93 93 93
23.126750946045 20.572147369385 25.971000671387 89 89 89
23.168136596680 20.650249481201 25.901000976563 91 91 91
23.168136596680 20.650249481201 25.828001022339 108 108 108
23.168136596680 20.650249481201 25.756000518799 97 97 97
23.186492919922 20.590507507324 25.683000564575 93 93 93
23.186492919922 20.590507507324 25.611000061035 94 94 94
23.186492919922 20.590507507324 25.538999557495 91 91 91
23.043979644775 20.415946960449 26.965999603271 155 155 155
23.043979644775 20.415946960449 26.891000747681 186 186 186
23.043979644775 20.415946960449 26.819000244141 203 203 203
23.043979644775 20.415946960449 26.746999740601 181 181 181
23.043979644775 20.415946960449 26.530000686646 192 192 192
23.043979644775 20.415946960449 26.457000732422 187 187 187
23.043979644775 20.415946960449 26.385999679565 196 196 196
23.163463592529 20.452663421631 26.114999771118 96 96 96
23.163463592529 20.452663421631 26.043001174927 89 89 89
23.163463592529 20.452663421631 25.971000671387 95 95 95
23.163463592529 20.452663421631 25.898000717163 99 99 99
23.163463592529 20.452663421631 25.826000213623 101 101 101
23.163463592529 20.452663421631 25.753999710083 86 86 86
22.961208343506 20.259746551514 27.026000976563 191 191 191
22.961208343506 20.259746551514 26.953001022339 188 188 188
22.961208343506 20.259746551514 26.881999969482 214 214 214
22.961208343506 20.259746551514 26.449001312256 188 188 188
22.979564666748 20.200004577637 26.378999710083 189 189 189
22.979564666748 20.200004577637 26.309000015259 185 185 185
22.961208343506 20.259746551514 26.236999511719 21 21 21
23.057666778564 20.158618927002 26.968999862671 170 170 170
23.057666778564 20.158618927002 26.888999938965 147 147 147
23.057666778564 20.158618927002 26.404001235962 197 197 197
23.057666778564 20.158618927002 26.325000762939 186 186 186
23.002593994141 20.337848663330 27.062999725342 101 101 101
23.002593994141 20.337848663330 26.979000091553 209 209 209
23.002593994141 20.337848663330 26.898000717163 210 210 210
23.002593994141 20.337848663330 26.814001083374 191 191 191
23.020950317383 20.278106689453 26.489999771118 205 205 205
23.020950317383 20.278106689453 26.409000396729 215 215 215
23.020950317383 20.278106689453 26.329000473022 210 210 210
23.043979644775 20.415946960449 26.905000686646 211 211 211
23.043979644775 20.415946960449 26.819999694824 205 205 205
22.984235763550 20.397590637207 26.736000061035 198 198 198
23.043979644775 20.415946960449 26.575000762939 206 206 206
23.043979644775 20.415946960449 26.492000579834 210 210 210
23.043979644775 20.415946960449 26.411001205444 201 201 201
23.163463592529 20.452663421631 26.093000411987 88 88 88
23.163463592529 20.452663421631 26.010999679565 90 90 90
23.163463592529 20.452663421631 25.927999496460 86 86 86
23.163463592529 20.452663421631 25.846000671387 92 92 92
23.163463592529 20.452663421631 25.763000488281 53 53 53
23.145107269287 20.512405395508 27.450002670288 71 71 71
23.048650741577 20.613536834717 26.826000213623 204 204 204
23.048650741577 20.613536834717 26.742000579834 201 201 201
23.048650741577 20.613536834717 26.659999847412 196 196 196
23.048650741577 20.613536834717 26.576999664307 205 205 205
23.048650741577 20.613536834717 26.495000839233 197 197 197
23.145107269287 20.512405395508 26.175001144409 73 73 73
23.204853057861 20.530765533447 26.092000961304 91 91 91
23.126750946045 20.572147369385 26.006000518799 75 75 75
23.126750946045 20.572147369385 25.923999786377 77 77 77
23.145107269287 20.512405395508 25.842000961304 129 129 129
23.145107269287 20.512405395508 25.759000778198 92 92 92
23.145107269287 20.512405395508 25.676000595093 81 81 81
23.145107269287 20.512405395508 25.592000961304 88 88 88
22.910804748535 20.636566162109 24.872001647949 37 37 37
22.910804748535 20.636566162109 24.791999816895 57 57 57
22.910804748535 20.636566162109 24.709001541138 64 64 64
22.910804748535 20.636566162109 24.630001068115 77 77 77
22.910804748535 20.636566162109 24.546998977661 84 84 84
22.952192306519 20.714664459229 27.486001968384 92 92 92
23.030292510986 20.673278808594 27.429002761841 98 98 98
23.011936187744 20.733020782471 27.326002120972 100 100 100
22.933834075928 20.774406433105 27.225999832153 98 98 98
22.933834075928 20.774406433105 27.140001296997 109 109 109
22.933834075928 20.774406433105 27.057001113892 127 127 127
22.933834075928 20.774406433105 26.974000930786 141 141 141
22.933834075928 20.774406433105 26.890001296997 161 161 161
22.933834075928 20.774406433105 26.808000564575 158 158 158
22.933834075928 20.774406433105 26.725000381470 173 173 173
22.933834075928 20.774406433105 26.642000198364 181 181 181
22.933834075928 20.774406433105 26.559999465942 184 184 184
22.933834075928 20.774406433105 26.479000091553 190 190 190
22.933834075928 20.774406433105 26.398000717163 196 196 196
22.933834075928 20.774406433105 26.315999984741 201 201 201
22.933834075928 20.774406433105 26.235000610352 203 203 203
22.933834075928 20.774406433105 26.154001235962 212 212 212
22.933834075928 20.774406433105 26.072999954224 221 221 221
22.933834075928 20.774406433105 25.993000030518 226 226 226
22.933834075928 20.774406433105 25.912000656128 222 222 222
22.933834075928 20.774406433105 25.831001281738 205 205 205
22.933834075928 20.774406433105 25.750999450684 226 226 226
22.933834075928 20.774406433105 25.670000076294 180 180 180
22.933834075928 20.774406433105 25.589000701904 164 164 164
22.952192306519 20.714664459229 25.508001327515 179 179 179
23.011936187744 20.733020782471 25.424999237061 198 198 198
23.011936187744 20.733020782471 25.343000411987 196 196 196
23.011936187744 20.733020782471 25.261001586914 179 179 179
22.952192306519 20.714664459229 25.180000305176 153 153 153
23.053321838379 20.811122894287 25.097000122070 138 138 138
22.993579864502 20.792766571045 25.015001296997 124 124 124
23.053321838379 20.811122894287 24.929000854492 128 128 128
23.071678161621 20.751377105713 24.846000671387 129 129 129
23.071678161621 20.751377105713 24.760000228882 145 145 145
23.071678161621 20.751377105713 24.677999496460 138 138 138
23.053321838379 20.811122894287 24.596000671387 111 111 111
22.975219726563 20.852508544922 27.510000228882 85 85 85
23.053321838379 20.811122894287 27.458002090454 102 102 102
22.975219726563 20.852508544922 27.345003128052 96 96 96
23.053321838379 20.811122894287 27.277000427246 88 88 88
23.053321838379 20.811122894287 27.192001342773 178 178 178
23.053321838379 20.811122894287 26.836000442505 100 100 100
23.053321838379 20.811122894287 26.750999450684 214 214 214
23.034961700439 20.870864868164 26.666000366211 213 213 213
23.034961700439 20.870864868164 26.582000732422 213 213 213
23.034961700439 20.870864868164 26.496999740601 209 209 209
23.191165924072 20.788093566895 26.173000335693 46 46 46
23.191165924072 20.788093566895 26.088001251221 79 79 79
23.172809600830 20.847839355469 26.000999450684 83 83 83
23.172809600830 20.847839355469 25.916999816895 112 112 112
23.113063812256 20.829479217529 25.832000732422 142 142 142
23.191165924072 20.788093566895 25.749000549316 111 111 111
23.191165924072 20.788093566895 25.663999557495 81 81 81
23.191165924072 20.788093566895 25.579999923706 85 85 85
23.016605377197 20.930606842041 26.843000411987 210 210 210
23.016605377197 20.930606842041 26.758001327515 219 219 219
23.016605377197 20.930606842041 26.673000335693 157 157 157
23.016605377197 20.930606842041 26.585000991821 204 204 204
23.016605377197 20.930606842041 26.499000549316 215 215 215
23.016605377197 20.930606842041 26.416000366211 219 219 219
23.195835113525 20.985679626465 26.086999893188 86 86 86
23.195835113525 20.985679626465 26.000999450684 91 91 91
23.195835113525 20.985679626465 25.916000366211 93 93 93
23.195835113525 20.985679626465 25.829999923706 83 83 83
23.136093139648 20.967323303223 25.745000839233 56 56 56
23.081020355225 21.146553039551 26.936000823975 205 205 205
23.099376678467 21.086811065674 26.850000381470 217 217 217
23.081020355225 21.146553039551 26.763000488281 198 198 198
23.021278381348 21.128196716309 26.503999710083 199 199 199
23.081020355225 21.146553039551 26.419000625610 220 220 220
23.081020355225 21.146553039551 26.335000991821 221 221 221
23.104047775269 21.284397125244 27.033000946045 196 196 196
23.104047775269 21.284397125244 26.947000503540 213 213 213
23.104047775269 21.284397125244 26.859001159668 206 206 206
23.104047775269 21.284397125244 26.425001144409 183 183 183
23.104047775269 21.284397125244 26.340000152588 215 215 215
23.104047775269 21.284397125244 26.253999710083 159 159 159
22.979564666748 20.200004577637 27.031000137329 189 189 189
22.979564666748 20.200004577637 26.957000732422 191 191 191
22.979564666748 20.200004577637 26.884000778198 204 204 204
22.979564666748 20.200004577637 26.454999923706 181 181 181
22.979564666748 20.200004577637 26.385000228882 194 194 194
22.979564666748 20.200004577637 26.312999725342 187 187 187
22.979564666748 20.200004577637 26.242000579834 69 69 69
23.043979644775 20.415946960449 26.970001220703 156 156 156
23.062335968018 20.356204986572 26.894001007080 188 188 188
23.062335968018 20.356204986572 26.822000503540 204 204 204
23.062335968018 20.356204986572 26.749000549316 180 180 180
23.043979644775 20.415946960449 26.533000946045 192 192 192
23.043979644775 20.415946960449 26.461000442505 185 185 185
23.043979644775 20.415946960449 26.388999938965 194 194 194
23.163463592529 20.452663421631 26.120000839233 94 94 94
23.163463592529 20.452663421631 26.048000335693 93 93 93
23.163463592529 20.452663421631 25.975000381470 97 97 97
23.163463592529 20.452663421631 25.902999877930 97 97 97
23.163463592529 20.452663421631 25.831001281738 105 105 105
23.163463592529 20.452663421631 25.759000778198 93 93 93
23.186492919922 20.590507507324 27.491003036499 115 115 115
23.287620544434 20.686965942383 27.444002151489 142 142 142
23.126750946045 20.572147369385 27.316001892090 29 29 29
23.048650741577 20.613536834717 26.835000991821 175 175 175
23.048650741577 20.613536834717 26.762001037598 183 183 183
23.048650741577 20.613536834717 26.687999725342 189 189 189
23.048650741577 20.613536834717 26.616001129150 196 196 196
23.048650741577 20.613536834717 26.545000076294 187 187 187
23.048650741577 20.613536834717 26.470001220703 181 181 181
23.186492919922 20.590507507324 26.125999450684 83 83 83
23.186492919922 20.590507507324 26.052999496460 91 91 91
23.126750946045 20.572147369385 25.977001190186 92 92 92
23.168136596680 20.650249481201 25.906000137329 91 91 91
23.186492919922 20.590507507324 25.833999633789 104 104 104
23.246238708496 20.608863830566 25.762001037598 104 104 104
23.186492919922 20.590507507324 25.689001083374 91 91 91
23.168136596680 20.650249481201 25.616001129150 88 88 88
23.186492919922 20.590507507324 25.544000625610 83 83 83
23.186492919922 20.590507507324 25.471000671387 23 23 23
22.952192306519 20.714664459229 27.520000457764 88 88 88
23.053321838379 20.811122894287 27.455001831055 135 135 135
22.952192306519 20.714664459229 27.357002258301 102 102 102
23.011936187744 20.733020782471 27.291999816895 119 119 119
22.952192306519 20.714664459229 27.197000503540 157 157 157
22.952192306519 20.714664459229 27.118999481201 162 162 162
22.952192306519 20.714664459229 27.045000076294 165 165 165
22.910804748535 20.636566162109 26.968999862671 170 170 170
22.910804748535 20.636566162109 26.895000457764 171 171 171
22.910804748535 20.636566162109 26.819000244141 174 174 174
22.910804748535 20.636566162109 26.746999740601 177 177 177
22.910804748535 20.636566162109 26.673999786377 177 177 177
22.910804748535 20.636566162109 26.602001190186 178 178 178
22.910804748535 20.636566162109 26.530000686646 183 183 183
22.910804748535 20.636566162109 26.458000183105 181 181 181
22.910804748535 20.636566162109 26.385999679565 189 189 189
22.910804748535 20.636566162109 26.315000534058 191 191 191
22.910804748535 20.636566162109 26.243999481201 194 194 194
22.910804748535 20.636566162109 26.173999786377 197 197 197
22.910804748535 20.636566162109 26.102001190186 205 205 205
22.910804748535 20.636566162109 26.031999588013 208 208 208
22.910804748535 20.636566162109 25.961999893188 211 211 211
22.910804748535 20.636566162109 25.892000198364 219 219 219
22.910804748535 20.636566162109 25.822999954224 230 230 230
22.910804748535 20.636566162109 25.753000259399 234 234 234
22.910804748535 20.636566162109 25.683000564575 247 247 247
22.910804748535 20.636566162109 25.613000869751 255 255 255
22.910804748535 20.636566162109 25.543001174927 255 255 255
22.910804748535 20.636566162109 25.474000930786 255 255 255
22.910804748535 20.636566162109 25.403999328613 255 255 255
22.910804748535 20.636566162109 25.334001541138 255 255 255
22.910804748535 20.636566162109 25.265001296997 230 230 230
22.910804748535 20.636566162109 25.195001602173 218 218 218
22.910804748535 20.636566162109 25.125000000000 205 205 205
22.910804748535 20.636566162109 25.055000305176 193 193 193
22.910804748535 20.636566162109 24.986000061035 185 185 185
22.910804748535 20.636566162109 24.913999557495 180 180 180
22.910804748535 20.636566162109 24.844001770020 175 175 175
22.910804748535 20.636566162109 24.774000167847 169 169 169
22.910804748535 20.636566162109 24.702001571655 165 165 165
22.910804748535 20.636566162109 24.631000518799 160 160 160
22.910804748535 20.636566162109 24.560001373291 156 156 156
23.076349258423 20.948966979980 27.429002761841 113 113 113
23.016605377197 20.930606842041 26.871999740601 149 149 149
23.016605377197 20.930606842041 26.794000625610 182 182 182
23.016605377197 20.930606842041 26.718999862671 180 180 180
23.016605377197 20.930606842041 26.644001007080 154 154 154
23.016605377197 20.930606842041 26.567001342773 186 186 186
23.016605377197 20.930606842041 26.493999481201 187 187 187
23.016605377197 20.930606842041 26.420999526978 176 176 176
23.136093139648 20.967323303223 26.065999984741 93 93 93
23.195835113525 20.985679626465 25.993000030518 95 95 95
23.136093139648 20.967323303223 25.918001174927 89 89 89
23.195835113525 20.985679626465 25.843999862671 94 94 94
23.136093139648 20.967323303223 25.767999649048 37 37 37
23.099376678467 21.086811065674 26.963001251221 170 170 170
23.081020355225 21.146553039551 26.884000778198 185 185 185
23.081020355225 21.146553039551 26.808000564575 182 182 182
23.081020355225 21.146553039551 26.732000350952 96 96 96
23.081020355225 21.146553039551 26.505001068115 175 175 175
23.081020355225 21.146553039551 26.430000305176 183 183 183
23.081020355225 21.146553039551 26.354999542236 188 188 188
23.081020355225 21.146553039551 26.281000137329 114 114 114
23.104047775269 21.284397125244 26.978000640869 165 165 165
23.104047775269 21.284397125244 26.899000167847 207 207 207
23.104047775269 21.284397125244 26.822999954224 35 35 35
23.104047775269 21.284397125244 26.363000869751 185 185 185
23.104047775269 21.284397125244 26.288999557495 170 170 170
23.200180053711 20.333175659180 26.010000228882 57 57 57
23.057666778564 20.158618927002 26.246000289917 18 18 18
23.057666778564 20.158618927002 26.325000762939 112 112 112
23.057666778564 20.158618927002 26.406999588013 171 171 171
23.039306640625 20.218360900879 26.489000320435 31 31 31
22.997924804688 20.140258789063 26.897001266479 150 150 150
22.979564666748 20.200004577637 26.979999542236 140 140 140
22.979564666748 20.200004577637 27.065000534058 115 115 115
23.204853057861 20.530765533447 25.590999603271 76 76 76
23.145107269287 20.512405395508 25.675001144409 75 75 75
23.145107269287 20.512405395508 25.759000778198 70 70 70
23.126750946045 20.572147369385 25.843000411987 127 127 127
23.126750946045 20.572147369385 25.926000595093 74 74 74
23.085365295410 20.494049072266 26.008001327515 63 63 63
23.126750946045 20.572147369385 26.095001220703 78 78 78
23.126750946045 20.572147369385 26.179000854492 65 65 65
23.043979644775 20.415946960449 26.413999557495 140 140 140
23.043979644775 20.415946960449 26.496999740601 147 147 147
23.043979644775 20.415946960449 26.579000473022 117 117 117
23.043979644775 20.415946960449 26.745000839233 118 118 118
23.043979644775 20.415946960449 26.829000473022 164 164 164
22.984235763550 20.397590637207 26.912000656128 120 120 120
23.329010009766 20.765068054199 27.432003021240 79 79 79
23.209522247314 20.728351593018 27.488002777100 98 98 98
23.191165924072 20.788093566895 25.503000259399 46 46 46
23.191165924072 20.788093566895 25.589000701904 73 73 73
23.149780273438 20.709995269775 25.675001144409 44 44 44
23.131420135498 20.769737243652 25.758001327515 72 72 72
22.988906860352 20.595176696777 25.842000961304 130 130 130
22.988906860352 20.595176696777 25.925001144409 121 121 121
23.131420135498 20.769737243652 26.013000488281 79 79 79
23.131420135498 20.769737243652 26.099000930786 66 66 66
22.988906860352 20.595176696777 26.506000518799 96 96 96
22.988906860352 20.595176696777 26.589000701904 123 123 123
22.988906860352 20.595176696777 26.673999786377 134 134 134
22.988906860352 20.595176696777 26.756999969482 126 126 126
22.988906860352 20.595176696777 26.840000152588 29 29 29
23.030292510986 20.673278808594 26.929000854492 37 37 37
22.988906860352 20.595176696777 27.012001037598 61 61 61
23.030292510986 20.673278808594 27.103000640869 90 90 90
23.030292510986 20.673278808594 27.196001052856 133 133 133
23.030292510986 20.673278808594 27.277999877930 92 92 92
22.988906860352 20.595176696777 27.347002029419 120 120 120
23.030292510986 20.673278808594 27.446002960205 125 125 125
22.988906860352 20.595176696777 27.520999908447 85 85 85
22.910804748535 20.636566162109 23.690000534058 150 150 150
22.910804748535 20.636566162109 23.774999618530 167 167 167
22.910804748535 20.636566162109 23.860000610352 173 173 173
22.910804748535 20.636566162109 23.947000503540 177 177 177
22.910804748535 20.636566162109 24.032999038696 163 163 163
22.910804748535 20.636566162109 24.538000106812 194 194 194
22.910804748535 20.636566162109 24.622001647949 196 196 196
22.910804748535 20.636566162109 24.704999923706 198 198 198
22.910804748535 20.636566162109 24.788000106812 198 198 198
22.910804748535 20.636566162109 24.871000289917 201 201 201
22.910804748535 20.636566162109 24.951000213623 201 201 201
22.910804748535 20.636566162109 25.034000396729 201 201 201
22.910804748535 20.636566162109 25.115001678467 205 205 205
22.910804748535 20.636566162109 25.196001052856 206 206 206
22.910804748535 20.636566162109 25.277000427246 208 208 208
22.910804748535 20.636566162109 25.358001708984 212 212 212
22.910804748535 20.636566162109 25.439001083374 215 215 215
22.910804748535 20.636566162109 25.520000457764 202 202 202
22.910804748535 20.636566162109 25.600000381470 247 247 247
22.910804748535 20.636566162109 25.680999755859 235 235 235
22.910804748535 20.636566162109 25.762001037598 217 217 217
22.910804748535 20.636566162109 25.843000411987 208 208 208
22.910804748535 20.636566162109 25.923999786377 200 200 200
22.910804748535 20.636566162109 26.006000518799 197 197 197
22.910804748535 20.636566162109 26.086000442505 192 192 192
22.910804748535 20.636566162109 26.168001174927 190 190 190
22.910804748535 20.636566162109 26.250000000000 181 181 181
22.910804748535 20.636566162109 26.332000732422 182 182 182
22.910804748535 20.636566162109 26.413999557495 171 171 171
22.910804748535 20.636566162109 26.496000289917 161 161 161
22.933834075928 20.774406433105 26.579999923706 156 156 156
22.832706451416 20.677947998047 26.659999847412 151 151 151
22.832706451416 20.677947998047 26.743999481201 139 139 139
22.832706451416 20.677947998047 26.826999664307 130 130 130
22.933834075928 20.774406433105 26.909999847412 129 129 129
22.933834075928 20.774406433105 26.995000839233 128 128 128
22.933834075928 20.774406433105 27.076999664307 122 122 122
22.933834075928 20.774406433105 27.165000915527 115 115 115
22.933834075928 20.774406433105 27.249000549316 105 105 105
23.034961700439 20.870864868164 27.471002578735 111 111 111
22.910804748535 20.636566162109 24.447999954224 161 161 161
22.832706451416 20.677947998047 23.722000122070 204 204 204
22.832706451416 20.677947998047 23.788000106812 178 178 178
23.021278381348 21.128196716309 26.357999801636 115 115 115
23.021278381348 21.128196716309 26.442001342773 112 112 112
23.021278381348 21.128196716309 26.527999877930 79 79 79
23.021278381348 21.128196716309 26.791999816895 92 92 92
23.021278381348 21.128196716309 26.881000518799 144 144 144
23.021278381348 21.128196716309 26.968000411987 137 137 137
23.025947570801 21.325782775879 26.363000869751 59 59 59
23.057666778564 20.158618927002 26.964000701904 199 199 199
23.057666778564 20.158618927002 26.883001327515 179 179 179
23.057666778564 20.158618927002 26.398000717163 202 202 202
23.057666778564 20.158618927002 26.317001342773 206 206 206
23.057666778564 20.158618927002 26.236999511719 35 35 35
23.020950317383 20.278106689453 27.055999755859 77 77 77
23.002593994141 20.337848663330 26.972000122070 210 210 210
23.020950317383 20.278106689453 26.890001296997 209 209 209
23.002593994141 20.337848663330 26.805999755859 193 193 193
23.020950317383 20.278106689453 26.482000350952 216 216 216
23.020950317383 20.278106689453 26.399999618530 213 213 213
23.020950317383 20.278106689453 26.319000244141 214 214 214
23.043979644775 20.415946960449 26.979000091553 96 96 96
23.043979644775 20.415946960449 26.895999908447 212 212 212
23.043979644775 20.415946960449 26.812000274658 198 198 198
23.043979644775 20.415946960449 26.731000900269 186 186 186
23.043979644775 20.415946960449 26.567001342773 213 213 213
23.043979644775 20.415946960449 26.485000610352 209 209 209
23.043979644775 20.415946960449 26.402999877930 200 200 200
23.163463592529 20.452663421631 26.085000991821 84 84 84
23.163463592529 20.452663421631 26.002000808716 88 88 88
23.163463592529 20.452663421631 25.919000625610 85 85 85
23.163463592529 20.452663421631 25.836999893188 84 84 84
23.048650741577 20.613536834717 26.902000427246 75 75 75
23.048650741577 20.613536834717 26.818000793457 212 212 212
23.067008972168 20.553791046143 26.735000610352 193 193 193
23.048650741577 20.613536834717 26.652000427246 190 190 190
23.067008972168 20.553791046143 26.569999694824 202 202 202
23.067008972168 20.553791046143 26.488000869751 202 202 202
23.067008972168 20.553791046143 26.406000137329 54 54 54
23.204853057861 20.530765533447 26.166999816895 65 65 65
23.145107269287 20.512405395508 26.083999633789 85 85 85
23.126750946045 20.572147369385 25.999000549316 81 81 81
23.126750946045 20.572147369385 25.916000366211 79 79 79
23.145107269287 20.512405395508 25.833999633789 130 130 130
23.204853057861 20.530765533447 25.750999450684 87 87 87
23.204853057861 20.530765533447 25.668001174927 89 89 89
23.145107269287 20.512405395508 25.585000991821 76 76 76
22.910804748535 20.636566162109 27.483001708984 48 48 48
23.246238708496 20.608863830566 27.466001510620 137 137 137
22.988906860352 20.595176696777 27.328002929688 81 81 81
22.988906860352 20.595176696777 26.817001342773 82 82 82
23.030292510986 20.673278808594 26.739000320435 188 188 188
23.030292510986 20.673278808594 26.655000686646 186 186 186
23.030292510986 20.673278808594 26.569000244141 172 172 172
23.030292510986 20.673278808594 26.484001159668 158 158 158
22.910804748535 20.636566162109 26.392000198364 98 98 98
22.910804748535 20.636566162109 26.312000274658 109 109 109
22.910804748535 20.636566162109 26.231000900269 121 121 121
22.910804748535 20.636566162109 26.149999618530 145 145 145
22.910804748535 20.636566162109 26.069000244141 160 160 160
22.910804748535 20.636566162109 25.989000320435 177 177 177
22.910804748535 20.636566162109 25.908000946045 208 208 208
22.910804748535 20.636566162109 25.828001022339 227 227 227
22.910804748535 20.636566162109 25.746999740601 255 255 255
22.910804748535 20.636566162109 25.666999816895 255 255 255
22.910804748535 20.636566162109 25.586000442505 255 255 255
22.910804748535 20.636566162109 25.506000518799 231 231 231
22.933834075928 20.774406433105 25.424999237061 220 220 220
22.933834075928 20.774406433105 25.345001220703 220 220 220
22.933834075928 20.774406433105 25.265001296997 212 212 212
22.933834075928 20.774406433105 25.184000015259 208 208 208
22.933834075928 20.774406433105 25.103000640869 197 197 197
22.933834075928 20.774406433105 25.021999359131 191 191 191
22.933834075928 20.774406433105 24.940999984741 182 182 182
22.933834075928 20.774406433105 24.858001708984 164 164 164
22.933834075928 20.774406433105 24.776000976563 154 154 154
22.933834075928 20.774406433105 24.695001602173 134 134 134
22.933834075928 20.774406433105 24.611000061035 126 126 126
22.952192306519 20.714664459229 24.519001007080 130 130 130
22.874092102051 20.756050109863 23.788000106812 157 157 157
22.993579864502 20.792766571045 27.495002746582 88 88 88
23.053321838379 20.811122894287 27.426002502441 111 111 111
22.993579864502 20.792766571045 27.333002090454 123 123 123
22.915477752686 20.834152221680 27.232999801636 119 119 119
22.993579864502 20.792766571045 27.151000976563 129 129 129
22.993579864502 20.792766571045 27.071001052856 146 146 146
22.993579864502 20.792766571045 26.991001129150 144 144 144
22.993579864502 20.792766571045 26.906000137329 137 137 137
22.993579864502 20.792766571045 26.822999954224 127 127 127
23.053321838379 20.811122894287 26.743999481201 179 179 179
23.053321838379 20.811122894287 26.661001205444 191 191 191
23.053321838379 20.811122894287 26.576000213623 194 194 194
23.053321838379 20.811122894287 26.493000030518 188 188 188
23.053321838379 20.811122894287 26.409000396729 157 157 157
23.053321838379 20.811122894287 26.326000213623 144 144 144
23.034961700439 20.870864868164 26.242000579834 123 123 123
23.053321838379 20.811122894287 26.163999557495 57 57 57
23.131420135498 20.769737243652 26.083000183105 88 88 88
23.131420135498 20.769737243652 25.999000549316 88 88 88
23.053321838379 20.811122894287 25.912000656128 144 144 144
23.053321838379 20.811122894287 25.829000473022 160 160 160
22.975219726563 20.852508544922 25.746000289917 131 131 131
23.131420135498 20.769737243652 25.663000106812 121 121 121
23.191165924072 20.788093566895 25.578001022339 124 124 124
23.191165924072 20.788093566895 25.494001388550 72 72 72
23.154449462891 20.907581329346 27.472002029419 111 111 111
23.172809600830 20.847839355469 27.397001266479 43 43 43
23.034961700439 20.870864868164 26.836999893188 205 205 205
23.034961700439 20.870864868164 26.753000259399 219 219 219
23.034961700439 20.870864868164 26.669000625610 214 214 214
23.034961700439 20.870864868164 26.582000732422 220 220 220
23.034961700439 20.870864868164 26.498001098633 216 216 216
23.034961700439 20.870864868164 26.413000106812 181 181 181
23.154449462891 20.907581329346 26.086000442505 83 83 83
23.094707489014 20.889225006104 25.998001098633 79 79 79
23.094707489014 20.889225006104 25.913999557495 84 84 84
23.172809600830 20.847839355469 25.831001281738 81 81 81
23.094707489014 20.889225006104 25.745000839233 94 94 94
23.154449462891 20.907581329346 25.661001205444 91 91 91
23.057991027832 21.008708953857 26.932001113892 129 129 129
23.057991027832 21.008708953857 26.843999862671 217 217 217
23.057991027832 21.008708953857 26.759000778198 218 218 218
23.057991027832 21.008708953857 26.676000595093 43 43 43
23.039634704590 21.068450927734 26.585000991821 91 91 91
23.039634704590 21.068450927734 26.500999450684 222 222 222
23.057991027832 21.008708953857 26.416999816895 227 227 227
23.057991027832 21.008708953857 26.332000732422 178 178 178
23.237220764160 21.063781738281 26.086999893188 71 71 71
23.237220764160 21.063781738281 26.000999450684 91 91 91
23.237220764160 21.063781738281 25.915000915527 86 86 86
23.177478790283 21.045425415039 25.829000473022 69 69 69
23.081020355225 21.146553039551 26.940000534058 211 211 211
23.081020355225 21.146553039551 26.853000640869 216 216 216
23.081020355225 21.146553039551 26.767000198364 181 181 181
23.021278381348 21.128196716309 26.506999969482 128 128 128
23.021278381348 21.128196716309 26.420999526978 223 223 223
23.021278381348 21.128196716309 26.336000442505 229 229 229
23.021278381348 21.128196716309 26.250000000000 159 159 159
23.104047775269 21.284397125244 27.034000396729 177 177 177
23.104047775269 21.284397125244 26.947000503540 208 208 208
23.104047775269 21.284397125244 26.859001159668 206 206 206
23.104047775269 21.284397125244 26.423999786377 138 138 138
23.104047775269 21.284397125244 26.338001251221 212 212 212
23.104047775269 21.284397125244 26.253000259399 98 98 98
23.016281127930 20.080516815186 26.405000686646 67 67 67
23.057666778564 20.158618927002 26.895000457764 19 19 19
23.204853057861 20.530765533447 25.759000778198 36 36 36
23.163463592529 20.452663421631 25.842000961304 68 68 68
23.163463592529 20.452663421631 25.925001144409 55 55 55
23.163463592529 20.452663421631 26.009000778198 60 60 60
23.163463592529 20.452663421631 26.092000961304 65 65 65
23.020950317383 20.278106689453 26.328001022339 92 92 92
23.002593994141 20.337848663330 26.409000396729 119 119 119
23.020950317383 20.278106689453 26.493000030518 130 130 130
23.002593994141 20.337848663330 26.819999694824 114 114 114
23.002593994141 20.337848663330 26.904001235962 124 124 124
23.002593994141 20.337848663330 26.986999511719 122 122 122
23.269264221191 20.746707916260 27.427001953125 23 23 23
23.186492919922 20.590507507324 25.504001617432 51 51 51
23.186492919922 20.590507507324 25.588001251221 59 59 59
23.168136596680 20.650249481201 25.673000335693 64 64 64
23.168136596680 20.650249481201 25.756999969482 70 70 70
23.168136596680 20.650249481201 25.840999603271 73 73 73
23.126750946045 20.572147369385 25.923999786377 54 54 54
23.126750946045 20.572147369385 26.008001327515 45 45 45
23.168136596680 20.650249481201 26.093999862671 55 55 55
23.168136596680 20.650249481201 26.179000854492 12 12 12
23.025623321533 20.475692749023 26.415000915527 76 76 76
23.025623321533 20.475692749023 26.500000000000 137 137 137
23.067008972168 20.553791046143 26.583999633789 149 149 149
23.025623321533 20.475692749023 26.666000366211 57 57 57
23.025623321533 20.475692749023 26.749000549316 134 134 134
23.025623321533 20.475692749023 26.831001281738 101 101 101
23.007263183594 20.535434722900 26.912000656128 33 33 33
23.108392715454 20.631893157959 27.293001174927 61 61 61
23.108392715454 20.631893157959 27.377000808716 91 91 91
23.209522247314 20.728351593018 27.487001419067 101 101 101
22.988906860352 20.595176696777 25.426000595093 40 40 40
22.988906860352 20.595176696777 25.508001327515 77 77 77
23.090034484863 20.691635131836 25.589000701904 127 127 127
23.090034484863 20.691635131836 25.673000335693 103 103 103
23.090034484863 20.691635131836 25.756000518799 101 101 101
23.090034484863 20.691635131836 25.838001251221 123 123 123
23.030292510986 20.673278808594 25.920999526978 120 120 120
23.030292510986 20.673278808594 26.003999710083 99 99 99
23.030292510986 20.673278808594 26.086999893188 107 107 107
23.030292510986 20.673278808594 26.170000076294 107 107 107
23.030292510986 20.673278808594 26.252000808716 103 103 103
23.030292510986 20.673278808594 26.336000442505 103 103 103
23.030292510986 20.673278808594 26.419000625610 108 108 108
23.030292510986 20.673278808594 26.503000259399 118 118 118
23.030292510986 20.673278808594 26.586999893188 138 138 138
23.030292510986 20.673278808594 26.672000885010 134 134 134
23.030292510986 20.673278808594 26.756999969482 133 133 133
23.030292510986 20.673278808594 26.840000152588 123 123 123
23.030292510986 20.673278808594 26.927000045776 130 130 130
23.030292510986 20.673278808594 27.012001037598 132 132 132
23.030292510986 20.673278808594 27.100000381470 119 119 119
23.030292510986 20.673278808594 27.184000015259 142 142 142
23.030292510986 20.673278808594 27.270000457764 140 140 140
23.030292510986 20.673278808594 27.346002578735 108 108 108
23.030292510986 20.673278808594 27.442003250122 106 106 106
22.970550537109 20.654922485352 27.513000488281 62 62 62
22.910804748535 20.636566162109 23.681999206543 156 156 156
22.910804748535 20.636566162109 23.763000488281 174 174 174
22.910804748535 20.636566162109 23.851001739502 172 172 172
22.910804748535 20.636566162109 23.939001083374 177 177 177
22.910804748535 20.636566162109 24.023000717163 174 174 174
22.910804748535 20.636566162109 24.528999328613 189 189 189
22.910804748535 20.636566162109 24.613000869751 193 193 193
22.910804748535 20.636566162109 24.697000503540 194 194 194
22.910804748535 20.636566162109 24.780000686646 196 196 196
22.910804748535 20.636566162109 24.860000610352 196 196 196
22.910804748535 20.636566162109 24.942001342773 198 198 198
22.910804748535 20.636566162109 25.024999618530 199 199 199
22.910804748535 20.636566162109 25.106000900269 199 199 199
22.910804748535 20.636566162109 25.188001632690 202 202 202
22.910804748535 20.636566162109 25.269001007080 203 203 203
22.910804748535 20.636566162109 25.350000381470 207 207 207
22.910804748535 20.636566162109 25.431001663208 208 208 208
22.910804748535 20.636566162109 25.512001037598 201 201 201
22.910804748535 20.636566162109 25.592000961304 235 235 235
22.910804748535 20.636566162109 25.673000335693 244 244 244
22.910804748535 20.636566162109 25.753999710083 210 210 210
22.910804748535 20.636566162109 25.835000991821 198 198 198
22.910804748535 20.636566162109 25.916000366211 190 190 190
22.910804748535 20.636566162109 25.998001098633 185 185 185
22.910804748535 20.636566162109 26.079000473022 173 173 173
22.952192306519 20.714664459229 26.161001205444 168 168 168
22.933834075928 20.774406433105 26.242000579834 152 152 152
22.933834075928 20.774406433105 26.324001312256 146 146 146
22.933834075928 20.774406433105 26.406000137329 138 138 138
22.933834075928 20.774406433105 26.488000869751 131 131 131
22.933834075928 20.774406433105 26.569999694824 122 122 122
22.933834075928 20.774406433105 26.652999877930 117 117 117
22.933834075928 20.774406433105 26.735000610352 113 113 113
22.933834075928 20.774406433105 26.818000793457 105 105 105
22.933834075928 20.774406433105 26.902999877930 108 108 108
22.933834075928 20.774406433105 26.986000061035 107 107 107
22.933834075928 20.774406433105 27.069999694824 99 99 99
22.933834075928 20.774406433105 27.156000137329 92 92 92
22.933834075928 20.774406433105 27.243000030518 79 79 79
23.034961700439 20.870864868164 27.461002349854 103 103 103
22.832706451416 20.677947998047 23.710000991821 182 182 182
22.874092102051 20.756050109863 23.767000198364 185 185 185
23.081020355225 21.146553039551 26.346000671387 107 107 107
23.081020355225 21.146553039551 26.432001113892 115 115 115
23.081020355225 21.146553039551 26.519001007080 105 105 105
23.081020355225 21.146553039551 26.781999588013 93 93 93
23.081020355225 21.146553039551 26.868999481201 101 101 101
23.081020355225 21.146553039551 26.956001281738 100 100 100
23.104047775269 21.284397125244 26.263999938965 53 53 53
23.104047775269 21.284397125244 26.350999832153 99 99 99
23.025947570801 21.325782775879 26.436000823975 19 19 19
23.025947570801 21.325782775879 26.877000808716 78 78 78
23.025947570801 21.325782775879 26.965000152588 35 35 35
23.039306640625 20.218360900879 27.033000946045 157 157 157
22.997924804688 20.140258789063 26.957000732422 191 191 191
22.997924804688 20.140258789063 26.884000778198 190 190 190
23.039306640625 20.218360900879 26.458000183105 121 121 121
23.039306640625 20.218360900879 26.385000228882 195 195 195
23.039306640625 20.218360900879 26.315000534058 184 184 184
23.039306640625 20.218360900879 26.245000839233 133 133 133
23.062335968018 20.356204986572 26.970001220703 182 182 182
23.062335968018 20.356204986572 26.897001266479 186 186 186
23.062335968018 20.356204986572 26.822999954224 185 185 185
23.062335968018 20.356204986572 26.752000808716 90 90 90
23.062335968018 20.356204986572 26.536001205444 157 157 157
23.062335968018 20.356204986572 26.461999893188 190 190 190
23.062335968018 20.356204986572 26.391000747681 201 201 201
23.062335968018 20.356204986572 26.319999694824 167 167 167
23.122081756592 20.374561309814 26.048999786377 94 94 94
23.122081756592 20.374561309814 25.977001190186 97 97 97
23.122081756592 20.374561309814 25.905000686646 88 88 88
23.122081756592 20.374561309814 25.833999633789 63 63 63
23.246238708496 20.608863830566 27.426002502441 67 67 67
23.025623321533 20.475692749023 26.906999588013 130 130 130
23.025623321533 20.475692749023 26.833000183105 185 185 185
23.025623321533 20.475692749023 26.758001327515 197 197 197
23.025623321533 20.475692749023 26.686000823975 183 183 183
23.025623321533 20.475692749023 26.616001129150 161 161 161
23.025623321533 20.475692749023 26.541999816895 195 195 195
23.025623321533 20.475692749023 26.468999862671 193 193 193
23.025623321533 20.475692749023 26.395999908447 159 159 159
23.204853057861 20.530765533447 26.125000000000 95 95 95
23.204853057861 20.530765533447 26.052000045776 100 100 100
23.126750946045 20.572147369385 25.975999832153 85 85 85
23.126750946045 20.572147369385 25.902999877930 90 90 90
23.145107269287 20.512405395508 25.833999633789 137 137 137
23.204853057861 20.530765533447 25.762001037598 94 94 94
23.204853057861 20.530765533447 25.689001083374 94 94 94
23.204853057861 20.530765533447 25.617000579834 88 88 88
23.204853057861 20.530765533447 25.545000076294 72 72 72
23.209522247314 20.728351593018 27.488002777100 134 134 134
23.090034484863 20.691635131836 27.383001327515 81 81 81
23.090034484863 20.691635131836 27.300001144409 123 123 123
23.090034484863 20.691635131836 26.770999908447 178 178 178
23.090034484863 20.691635131836 26.697999954224 174 174 174
23.090034484863 20.691635131836 26.623001098633 177 177 177
23.090034484863 20.691635131836 26.551000595093 179 179 179
23.090034484863 20.691635131836 26.478000640869 142 142 142
23.209522247314 20.728351593018 26.128000259399 78 78 78
23.209522247314 20.728351593018 26.052000045776 92 92 92
22.988906860352 20.595176696777 25.972000122070 123 123 123
22.988906860352 20.595176696777 25.899999618530 163 163 163
22.988906860352 20.595176696777 25.829000473022 170 170 170
22.988906860352 20.595176696777 25.756999969482 146 146 146
23.090034484863 20.691635131836 25.687000274658 131 131 131
22.988906860352 20.595176696777 25.614999771118 146 146 146
22.988906860352 20.595176696777 25.544000625610 162 162 162
22.988906860352 20.595176696777 25.473001480103 170 170 170
22.988906860352 20.595176696777 25.402000427246 173 173 173
22.988906860352 20.595176696777 25.331001281738 171 171 171
22.988906860352 20.595176696777 25.260000228882 167 167 167
22.988906860352 20.595176696777 25.189001083374 170 170 170
22.988906860352 20.595176696777 25.118000030518 171 171 171
22.988906860352 20.595176696777 25.046998977661 172 172 172
22.988906860352 20.595176696777 24.974000930786 170 170 170
22.988906860352 20.595176696777 24.903999328613 175 175 175
22.988906860352 20.595176696777 24.832000732422 173 173 173
22.988906860352 20.595176696777 24.761001586914 175 175 175
22.988906860352 20.595176696777 24.689001083374 173 173 173
22.988906860352 20.595176696777 24.617000579834 176 176 176
22.988906860352 20.595176696777 24.544000625610 181 181 181
23.048650741577 20.613536834717 24.096000671387 144 144 144
22.988906860352 20.595176696777 24.031000137329 164 164 164
22.988906860352 20.595176696777 23.959001541138 161 161 161
22.988906860352 20.595176696777 23.881000518799 160 160 160
22.988906860352 20.595176696777 23.809000015259 163 163 163
23.108392715454 20.631893157959 23.704999923706 182 182 182
23.053321838379 20.811122894287 27.470003128052 107 107 107
22.993579864502 20.792766571045 27.376001358032 85 85 85
22.993579864502 20.792766571045 27.295000076294 98 98 98
22.933834075928 20.774406433105 27.194999694824 163 163 163
22.933834075928 20.774406433105 27.118999481201 160 160 160
22.933834075928 20.774406433105 27.041999816895 163 163 163
22.933834075928 20.774406433105 26.970001220703 162 162 162
22.933834075928 20.774406433105 26.898000717163 158 158 158
22.933834075928 20.774406433105 26.822999954224 151 151 151
22.933834075928 20.774406433105 26.749000549316 147 147 147
22.933834075928 20.774406433105 26.677000045776 138 138 138
22.933834075928 20.774406433105 26.604000091553 141 141 141
22.933834075928 20.774406433105 26.531000137329 136 136 136
22.933834075928 20.774406433105 26.458999633789 135 135 135
22.933834075928 20.774406433105 26.388000488281 134 134 134
22.933834075928 20.774406433105 26.315999984741 127 127 127
22.933834075928 20.774406433105 26.246000289917 128 128 128
22.933834075928 20.774406433105 26.173999786377 118 118 118
22.933834075928 20.774406433105 26.104000091553 122 122 122
22.933834075928 20.774406433105 26.034000396729 118 118 118
22.933834075928 20.774406433105 25.963001251221 117 117 117
22.933834075928 20.774406433105 25.892999649048 128 128 128
22.993579864502 20.792766571045 25.824001312256 147 147 147
22.952192306519 20.714664459229 25.753000259399 137 137 137
22.952192306519 20.714664459229 25.682001113892 134 134 134
22.993579864502 20.792766571045 25.611999511719 117 117 117
22.933834075928 20.774406433105 25.541000366211 91 91 91
22.933834075928 20.774406433105 25.471000671387 77 77 77
22.933834075928 20.774406433105 25.401000976563 69 69 69
22.933834075928 20.774406433105 25.331001281738 62 62 62
22.933834075928 20.774406433105 25.261001586914 47 47 47
22.933834075928 20.774406433105 25.190000534058 46 46 46
22.933834075928 20.774406433105 25.120000839233 27 27 27
22.933834075928 20.774406433105 25.049999237061 13 13 13
23.057991027832 21.008708953857 27.416999816895 57 57 57
23.016605377197 20.930606842041 26.868000030518 167 167 167
23.016605377197 20.930606842041 26.791000366211 182 182 182
23.016605377197 20.930606842041 26.717000961304 181 181 181
23.016605377197 20.930606842041 26.641000747681 93 93 93
23.016605377197 20.930606842041 26.564001083374 186 186 186
23.016605377197 20.930606842041 26.489999771118 184 184 184
23.016605377197 20.930606842041 26.415000915527 177 177 177
23.237220764160 21.063781738281 26.062000274658 90 90 90
23.237220764160 21.063781738281 25.986999511719 93 93 93
23.237220764160 21.063781738281 25.913000106812 97 97 97
23.237220764160 21.063781738281 25.838001251221 97 97 97
23.136093139648 20.967323303223 25.762001037598 15 15 15
23.099376678467 21.086811065674 26.957000732422 165 165 165
23.099376678467 21.086811065674 26.880001068115 182 182 182
23.099376678467 21.086811065674 26.804000854492 180 180 180
23.099376678467 21.086811065674 26.729000091553 103 103 103
23.081020355225 21.146553039551 26.498001098633 180 180 180
23.081020355225 21.146553039551 26.423000335693 183 183 183
23.081020355225 21.146553039551 26.347999572754 192 192 192
23.099376678467 21.086811065674 26.274999618530 96 96 96
23.104047775269 21.284397125244 27.044000625610 96 96 96
23.104047775269 21.284397125244 26.967000961304 201 201 201
23.104047775269 21.284397125244 26.888000488281 202 202 202
23.104047775269 21.284397125244 26.811000823975 103 103 103
23.104047775269 21.284397125244 26.429000854492 119 119 119
23.104047775269 21.284397125244 26.354000091553 189 189 189
23.104047775269 21.284397125244 26.280000686646 184 184 184
23.104047775269 21.284397125244 26.204000473022 86 86 86
