7.343750000000 4.125000000000 3.916999816895 148 148 148
7.343750000000 4.125000000000 3.983999252319 255 255 255
7.343750000000 4.125000000000 4.050999641418 243 243 243
7.343750000000 4.125000000000 4.118000030518 152 152 152
7.343750000000 4.125000000000 4.527999877930 125 125 125
7.343750000000 4.125000000000 4.598999023438 237 237 237
7.343750000000 4.125000000000 4.667999267578 162 162 162
7.312500000000 4.250000000000 2.909999847412 188 188 188
7.343750000000 4.187500000000 2.977999687195 186 186 186
7.312500000000 4.250000000000 3.045000076294 188 188 188
7.343750000000 4.187500000000 3.111999511719 200 200 200
7.343750000000 4.187500000000 3.179999351501 215 215 215
7.312500000000 4.250000000000 3.246999740601 248 248 248
7.312500000000 4.250000000000 3.314000129700 255 255 255
7.343750000000 4.187500000000 3.380999565125 172 172 172
7.343750000000 4.187500000000 3.986000061035 255 255 255
7.343750000000 4.187500000000 4.052999496460 255 255 255
7.343750000000 4.187500000000 4.120999336243 255 255 255
7.343750000000 4.187500000000 4.187999725342 181 181 181
7.343750000000 4.187500000000 4.459999084473 197 197 197
7.343750000000 4.187500000000 4.529998779297 197 197 197
7.281250000000 4.250000000000 4.607000350952 255 255 255
7.343750000000 4.187500000000 4.666999816895 215 215 215
7.343750000000 4.375000000000 2.776999473572 178 178 178
7.343750000000 4.375000000000 2.844999313354 175 175 175
7.343750000000 4.375000000000 2.913000106812 189 189 189
7.343750000000 4.375000000000 2.980999946594 201 201 201
7.343750000000 4.375000000000 3.047999382019 189 189 189
7.343750000000 4.375000000000 3.114999771118 192 192 192
7.343750000000 4.375000000000 3.182999610901 200 200 200
7.343750000000 4.375000000000 3.250000000000 217 217 217
7.343750000000 4.375000000000 3.315999984741 255 255 255
7.343750000000 4.375000000000 3.383999824524 255 255 255
7.343750000000 4.375000000000 3.450999259949 255 255 255
7.343750000000 4.375000000000 3.517999649048 255 255 255
7.343750000000 4.375000000000 4.053999900818 255 255 255
7.343750000000 4.375000000000 4.123999595642 255 255 255
7.343750000000 4.375000000000 4.191999435425 255 255 255
7.343750000000 4.375000000000 4.258998870850 207 207 207
7.343750000000 4.375000000000 4.393999099731 231 231 231
7.343750000000 4.375000000000 4.466999053955 249 249 249
7.343750000000 4.375000000000 4.531999588013 232 232 232
7.343750000000 4.375000000000 4.600000381470 216 216 216
7.343750000000 4.500000000000 2.710999488831 176 176 176
7.343750000000 4.500000000000 2.778999328613 177 177 177
7.343750000000 4.500000000000 2.847000122070 182 182 182
7.343750000000 4.500000000000 2.914999961853 192 192 192
7.343750000000 4.500000000000 2.982999801636 240 240 240
7.343750000000 4.500000000000 3.048999786377 188 188 188
7.343750000000 4.500000000000 3.116999626160 186 186 186
7.343750000000 4.500000000000 3.184000015259 196 196 196
7.343750000000 4.500000000000 3.250999450684 219 219 219
7.375000000000 4.500000000000 3.318999290466 255 255 255
7.343750000000 4.500000000000 3.384999275208 255 255 255
7.343750000000 4.500000000000 3.453000068665 255 255 255
7.343750000000 4.500000000000 3.519999504089 255 255 255
7.343750000000 4.500000000000 3.586999893188 255 255 255
7.343750000000 4.500000000000 4.125999450684 254 254 254
7.343750000000 4.500000000000 4.194999694824 255 255 255
7.343750000000 4.500000000000 4.260999679565 255 255 255
7.343750000000 4.500000000000 4.329000473022 236 236 236
7.343750000000 4.500000000000 4.399000167847 251 251 251
7.343750000000 4.500000000000 4.466999053955 239 239 239
7.343750000000 4.500000000000 4.539999008179 83 83 83
7.531250000000 4.750000000000 1.556999206543 143 143 143
7.531250000000 4.750000000000 1.632999420166 141 141 141
7.531250000000 4.750000000000 1.701999664307 152 152 152
7.531250000000 4.750000000000 1.774999618530 156 156 156
7.531250000000 4.750000000000 1.847000122070 161 161 161
7.531250000000 4.750000000000 1.916999816895 162 162 162
7.531250000000 4.750000000000 1.986000061035 165 165 165
7.531250000000 4.750000000000 2.056999206543 171 171 171
7.468750000000 4.687500000000 2.122999191284 172 172 172
7.531250000000 4.750000000000 2.196000099182 179 179 179
7.531250000000 4.750000000000 2.262000083923 178 178 178
7.531250000000 4.750000000000 2.330999374390 187 187 187
7.468750000000 4.687500000000 2.397999763489 185 185 185
7.468750000000 4.687500000000 2.464999198914 160 160 160
7.468750000000 4.687500000000 2.532999992371 194 194 194
7.468750000000 4.687500000000 2.599999427795 196 196 196
7.500000000000 4.687500000000 2.667999267578 199 199 199
7.468750000000 4.687500000000 2.733999252319 206 206 206
7.500000000000 4.687500000000 2.799999237061 212 212 212
7.500000000000 4.687500000000 2.865999221802 214 214 214
7.468750000000 4.687500000000 2.931999206543 221 221 221
7.468750000000 4.687500000000 2.996999740601 217 217 217
7.468750000000 4.687500000000 3.062999725342 219 219 219
7.468750000000 4.687500000000 3.127999305725 221 221 221
7.500000000000 4.687500000000 3.193999290466 225 225 225
7.468750000000 4.687500000000 3.258999824524 237 237 237
7.468750000000 4.687500000000 3.323999404907 255 255 255
7.468750000000 4.687500000000 3.389999389648 255 255 255
7.468750000000 4.687500000000 3.454999923706 255 255 255
7.468750000000 4.687500000000 3.519999504089 250 250 250
7.500000000000 4.687500000000 3.585000038147 219 219 219
7.468750000000 4.687500000000 3.651000022888 212 212 212
7.468750000000 4.687500000000 3.715999603271 201 201 201
7.468750000000 4.687500000000 3.781000137329 201 201 201
7.468750000000 4.687500000000 3.847000122070 197 197 197
7.468750000000 4.687500000000 3.913000106812 194 194 194
7.500000000000 4.687500000000 3.977999687195 190 190 190
7.468750000000 4.687500000000 4.043999671936 186 186 186
7.468750000000 4.687500000000 4.111000061035 185 185 185
7.468750000000 4.687500000000 4.177000045776 182 182 182
7.468750000000 4.687500000000 4.243000030518 178 178 178
7.468750000000 4.687500000000 4.310998916626 178 178 178
7.468750000000 4.687500000000 4.378000259399 173 173 173
7.468750000000 4.687500000000 4.444999694824 174 174 174
7.468750000000 4.687500000000 4.511999130249 170 170 170
7.468750000000 4.687500000000 4.579000473022 168 168 168
7.468750000000 4.687500000000 4.649000167847 166 166 166
7.468750000000 4.687500000000 4.718000411987 166 166 166
7.343750000000 4.812500000000 2.712999343872 171 171 171
7.343750000000 4.812500000000 2.781999588013 177 177 177
7.343750000000 4.812500000000 2.848999977112 181 181 181
7.343750000000 4.812500000000 2.915999412537 189 189 189
7.343750000000 4.812500000000 2.984999656677 202 202 202
7.343750000000 4.812500000000 3.050999641418 186 186 186
7.343750000000 4.812500000000 3.118999481201 189 189 189
7.343750000000 4.812500000000 3.185999870300 200 200 200
7.343750000000 4.812500000000 3.253999710083 226 226 226
7.343750000000 4.812500000000 3.321000099182 255 255 255
7.343750000000 4.812500000000 3.387999534607 255 255 255
7.343750000000 4.812500000000 3.454999923706 255 255 255
7.343750000000 4.812500000000 3.521999359131 255 255 255
7.343750000000 4.812500000000 3.588999748230 206 206 206
7.343750000000 4.812500000000 4.126999855042 245 245 245
7.343750000000 4.812500000000 4.194999694824 213 213 213
7.343750000000 4.812500000000 4.263000488281 252 252 252
7.343750000000 4.812500000000 4.331998825073 248 248 248
7.343750000000 4.812500000000 4.399999618530 253 253 253
7.343750000000 4.812500000000 4.470998764038 233 233 233
7.343750000000 5.062500000000 2.913999557495 178 178 178
7.343750000000 5.062500000000 2.981999397278 182 182 182
7.343750000000 5.062500000000 3.049999237061 185 185 185
7.375000000000 5.062500000000 3.116999626160 198 198 198
7.343750000000 5.062500000000 3.184999465942 222 222 222
7.343750000000 5.062500000000 3.250999450684 255 255 255
7.375000000000 5.062500000000 3.318999290466 255 255 255
7.375000000000 5.062500000000 3.923999786377 94 94 94
7.375000000000 5.062500000000 3.989999771118 255 255 255
7.375000000000 5.062500000000 4.059000015259 255 255 255
7.406250000000 5.062500000000 4.125000000000 222 222 222
7.406250000000 5.062500000000 4.191999435425 116 116 116
7.375000000000 5.062500000000 4.400999069214 220 220 220
7.343750000000 5.062500000000 4.470998764038 194 194 194
7.375000000000 5.062500000000 4.538000106812 247 247 247
7.375000000000 5.062500000000 4.608999252319 249 249 249
7.343750000000 5.187500000000 3.854999542236 87 87 87
7.343750000000 5.187500000000 3.921999931335 240 240 240
7.343750000000 5.187500000000 3.989999771118 255 255 255
7.343750000000 5.187500000000 4.056999206543 252 252 252
7.343750000000 5.187500000000 4.468000411987 197 197 197
7.343750000000 5.187500000000 4.539999008179 255 255 255
7.343750000000 5.187500000000 4.607000350952 249 249 249
7.343750000000 5.187500000000 4.678998947144 250 250 250
7.343750000000 4.187500000000 3.930999755859 154 154 154
7.343750000000 4.187500000000 4.008999824524 173 173 173
7.343750000000 4.187500000000 4.085999488831 188 188 188
7.375000000000 4.187500000000 4.552000045776 193 193 193
7.375000000000 4.187500000000 4.631000518799 177 177 177
7.375000000000 4.187500000000 4.706998825073 132 132 132
7.531250000000 4.750000000000 1.436999320984 127 127 127
7.531250000000 4.687500000000 1.529999732971 121 121 121
7.531250000000 4.687500000000 1.613999366760 120 120 120
7.531250000000 4.687500000000 1.694999694824 125 125 125
7.531250000000 4.687500000000 1.777999877930 130 130 130
7.531250000000 4.687500000000 1.859999656677 129 129 129
7.531250000000 4.750000000000 1.936999320984 125 125 125
7.531250000000 4.750000000000 2.016999244690 124 124 124
7.531250000000 4.750000000000 2.097000122070 122 122 122
7.531250000000 4.750000000000 2.177000045776 127 127 127
7.531250000000 4.750000000000 2.255999565125 123 123 123
7.531250000000 4.750000000000 2.335000038147 122 122 122
7.531250000000 4.750000000000 2.411999702454 117 117 117
7.531250000000 4.687500000000 2.493000030518 107 107 107
7.531250000000 4.687500000000 2.571000099182 119 119 119
7.531250000000 4.750000000000 2.645999908447 116 116 116
7.531250000000 4.750000000000 2.723999977112 115 115 115
7.531250000000 4.750000000000 2.798999786377 123 123 123
7.468750000000 4.687500000000 2.875000000000 120 120 120
7.531250000000 4.687500000000 2.954999923706 151 151 151
7.468750000000 4.687500000000 3.026000022888 126 126 126
7.531250000000 4.750000000000 3.104000091553 134 134 134
7.468750000000 4.625000000000 3.171999931335 110 110 110
7.468750000000 4.687500000000 3.252999305725 122 122 122
7.468750000000 4.687500000000 3.329999923706 130 130 130
7.468750000000 4.687500000000 3.404999732971 129 129 129
7.468750000000 4.687500000000 3.479999542236 131 131 131
7.468750000000 4.687500000000 3.555999755859 127 127 127
7.531250000000 4.750000000000 3.631999969482 96 96 96
7.531250000000 4.750000000000 3.707999229431 97 97 97
7.531250000000 4.750000000000 3.782999992371 95 95 95
7.531250000000 4.750000000000 3.857999801636 90 90 90
7.531250000000 4.750000000000 3.932999610901 97 97 97
7.531250000000 4.750000000000 4.007999420166 85 85 85
7.468750000000 4.687500000000 4.083999633789 88 88 88
7.468750000000 4.625000000000 4.164999961853 157 157 157
7.468750000000 4.625000000000 4.242000579834 159 159 159
7.468750000000 4.625000000000 4.319000244141 152 152 152
7.468750000000 4.625000000000 4.396999359131 159 159 159
7.468750000000 4.625000000000 4.475000381470 147 147 147
7.531250000000 4.750000000000 4.538000106812 59 59 59
7.468750000000 4.687500000000 4.617000579834 64 64 64
7.531250000000 4.750000000000 4.691999435425 58 58 58
7.343750000000 4.750000000000 1.453000068665 158 158 158
7.343750000000 4.750000000000 1.539999961853 164 164 164
7.406250000000 4.750000000000 1.649999618530 98 98 98
7.343750000000 4.750000000000 1.710000038147 216 216 216
7.343750000000 4.750000000000 1.793999671936 227 227 227
7.281250000000 4.687500000000 1.866999626160 249 249 249
7.406250000000 4.750000000000 1.981999397278 105 105 105
7.406250000000 4.812500000000 2.059999465942 118 118 118
7.406250000000 4.812500000000 2.141999244690 125 125 125
7.406250000000 4.812500000000 2.222999572754 126 126 126
7.406250000000 4.812500000000 2.304999351501 130 130 130
7.406250000000 4.750000000000 2.385999679565 129 129 129
7.406250000000 4.812500000000 2.464999198914 132 132 132
7.406250000000 4.812500000000 2.542999267578 144 144 144
7.406250000000 4.812500000000 2.623999595642 141 141 141
7.406250000000 4.812500000000 2.701999664307 175 175 175
7.406250000000 4.812500000000 2.779999732971 175 175 175
7.406250000000 4.812500000000 2.858999252319 173 173 173
7.406250000000 4.750000000000 2.940999984741 122 122 122
7.406250000000 4.812500000000 3.014999389648 183 183 183
7.406250000000 4.812500000000 3.093999862671 180 180 180
7.406250000000 4.812500000000 3.170999526978 187 187 187
7.406250000000 4.812500000000 3.248999595642 180 180 180
7.406250000000 4.812500000000 3.325999259949 191 191 191
7.406250000000 4.812500000000 3.402999877930 192 192 192
7.406250000000 4.812500000000 3.479999542236 190 190 190
7.406250000000 4.812500000000 3.556999206543 190 190 190
7.406250000000 4.750000000000 3.634999275208 192 192 192
7.406250000000 4.750000000000 3.710999488831 194 194 194
7.406250000000 4.812500000000 3.788000106812 197 197 197
7.406250000000 4.750000000000 3.864999771118 190 190 190
7.406250000000 4.750000000000 3.941999435425 190 190 190
7.406250000000 4.750000000000 4.019000053406 182 182 182
7.406250000000 4.812500000000 4.095999717712 182 182 182
7.406250000000 4.750000000000 4.172999382019 182 182 182
7.406250000000 4.750000000000 4.250000000000 180 180 180
7.406250000000 4.750000000000 4.326999664307 172 172 172
7.406250000000 4.750000000000 4.404998779297 175 175 175
7.406250000000 4.750000000000 4.482000350952 167 167 167
7.406250000000 4.750000000000 4.556999206543 139 139 139
7.406250000000 4.750000000000 4.636999130249 158 158 158
7.406250000000 4.750000000000 4.715000152588 152 152 152
7.156250000000 4.750000000000 1.461999893188 172 172 172
7.343750000000 4.875000000000 2.703999519348 121 121 121
7.343750000000 4.875000000000 2.782999992371 121 121 121
7.343750000000 4.875000000000 2.861000061035 123 123 123
7.343750000000 4.875000000000 2.939999580383 127 127 127
7.343750000000 4.875000000000 3.017999649048 125 125 125
7.343750000000 4.875000000000 3.094999313354 123 123 123
7.343750000000 4.875000000000 3.173999786377 125 125 125
7.343750000000 4.875000000000 3.251999855042 120 120 120
7.343750000000 4.875000000000 3.328999519348 125 125 125
7.343750000000 4.875000000000 3.406000137329 127 127 127
7.343750000000 4.875000000000 3.483999252319 129 129 129
7.343750000000 4.875000000000 3.560999870300 122 122 122
7.406250000000 4.875000000000 4.101999282837 181 181 181
7.343750000000 4.875000000000 4.179999351501 197 197 197
7.343750000000 4.875000000000 4.256999969482 199 199 199
7.343750000000 4.875000000000 4.336000442505 184 184 184
7.343750000000 4.875000000000 4.413999557495 181 181 181
7.343750000000 4.875000000000 4.490999221802 146 146 146
7.375000000000 5.000000000000 2.864999771118 122 122 122
7.375000000000 5.000000000000 2.942999839783 127 127 127
7.375000000000 5.000000000000 3.020999908447 129 129 129
7.343750000000 5.000000000000 3.097999572754 132 132 132
7.375000000000 5.000000000000 3.177000045776 126 126 126
7.375000000000 5.000000000000 3.255999565125 125 125 125
7.375000000000 5.000000000000 3.332999229431 125 125 125
7.375000000000 5.000000000000 3.409999847412 126 126 126
7.375000000000 5.000000000000 4.028999328613 186 186 186
7.406250000000 5.000000000000 4.106999397278 194 194 194
7.375000000000 5.000000000000 4.184000015259 199 199 199
7.375000000000 5.000000000000 4.340999603271 79 79 79
7.406250000000 5.000000000000 4.416999816895 197 197 197
7.375000000000 5.000000000000 4.496999740601 177 177 177
7.406250000000 5.000000000000 4.573999404907 124 124 124
7.375000000000 5.125000000000 2.943999290466 69 69 69
7.375000000000 5.125000000000 3.021999359131 85 85 85
7.406250000000 5.125000000000 3.100999832153 90 90 90
7.375000000000 5.125000000000 3.177999496460 93 93 93
7.375000000000 5.125000000000 3.256999969482 95 95 95
7.406250000000 5.187500000000 3.953000068665 181 181 181
7.406250000000 5.187500000000 4.031000137329 187 187 187
7.406250000000 5.125000000000 4.107999801636 198 198 198
7.375000000000 5.125000000000 4.420999526978 130 130 130
7.375000000000 5.125000000000 4.499000549316 197 197 197
7.375000000000 5.125000000000 4.577999114990 180 180 180
7.406250000000 5.187500000000 4.652999877930 75 75 75
7.375000000000 5.250000000000 3.953999519348 138 138 138
7.375000000000 5.250000000000 4.031000137329 191 191 191
7.375000000000 5.250000000000 4.499000549316 148 148 148
7.375000000000 5.250000000000 4.577999114990 185 185 185
7.375000000000 5.250000000000 4.653999328613 144 144 144
7.343750000000 4.125000000000 4.085000038147 134 134 134
7.343750000000 4.187500000000 4.706998825073 175 175 175
7.343750000000 4.187500000000 4.628999710083 180 180 180
7.343750000000 4.187500000000 4.551000595093 196 196 196
7.343750000000 4.187500000000 4.163999557495 138 138 138
7.312500000000 4.250000000000 4.086999893188 171 171 171
7.312500000000 4.250000000000 4.009999275208 177 177 177
7.312500000000 4.250000000000 3.932999610901 49 49 49
7.312500000000 4.250000000000 3.315999984741 113 113 113
7.312500000000 4.250000000000 3.237999916077 122 122 122
7.281250000000 4.250000000000 3.159999847412 124 124 124
7.312500000000 4.250000000000 3.082999229431 126 126 126
7.312500000000 4.250000000000 3.005000114441 128 128 128
7.312500000000 4.250000000000 2.927000045776 60 60 60
7.343750000000 4.375000000000 4.631000518799 176 176 176
7.343750000000 4.375000000000 4.552999496460 177 177 177
7.343750000000 4.375000000000 4.475999832153 176 176 176
7.343750000000 4.375000000000 4.243999481201 110 110 110
7.343750000000 4.375000000000 4.166999816895 171 171 171
7.343750000000 4.375000000000 4.088999748230 174 174 174
7.343750000000 4.375000000000 4.012000083923 97 97 97
7.312500000000 4.375000000000 3.472000122070 126 126 126
7.343750000000 4.375000000000 3.395999908447 133 133 133
7.343750000000 4.375000000000 3.317999839783 138 138 138
7.343750000000 4.375000000000 3.240999221802 134 134 134
7.343750000000 4.375000000000 3.163000106812 135 135 135
7.343750000000 4.375000000000 3.085000038147 139 139 139
7.343750000000 4.375000000000 3.006999969482 137 137 137
7.312500000000 4.375000000000 2.927999496460 134 134 134
7.343750000000 4.375000000000 2.851999282837 136 136 136
7.343750000000 4.375000000000 2.770999908447 23 23 23
7.343750000000 4.500000000000 4.558000564575 169 169 169
7.343750000000 4.500000000000 4.479999542236 177 177 177
7.343750000000 4.500000000000 4.402000427246 173 173 173
7.343750000000 4.500000000000 4.324998855591 138 138 138
7.343750000000 4.500000000000 4.247999191284 169 169 169
7.343750000000 4.500000000000 4.170999526978 174 174 174
7.343750000000 4.500000000000 4.092999458313 122 122 122
7.343750000000 4.500000000000 3.552999496460 133 133 133
7.343750000000 4.500000000000 3.475999832153 132 132 132
7.343750000000 4.500000000000 3.398999214172 132 132 132
7.343750000000 4.500000000000 3.321999549866 127 127 127
7.343750000000 4.500000000000 3.243999481201 135 135 135
7.343750000000 4.500000000000 3.166999816895 133 133 133
7.343750000000 4.500000000000 3.087999343872 134 134 134
7.343750000000 4.500000000000 3.009999275208 136 136 136
7.343750000000 4.500000000000 2.931999206543 133 133 133
7.343750000000 4.500000000000 2.854000091553 137 137 137
7.343750000000 4.500000000000 2.776000022888 134 134 134
7.343750000000 4.500000000000 2.698999404907 109 109 109
7.437500000000 4.500000000000 2.003999710083 57 57 57
7.406250000000 4.500000000000 1.670000076294 106 106 106
7.406250000000 4.562500000000 1.574999809265 117 117 117
7.375000000000 4.562500000000 1.470999717712 221 221 221
7.406250000000 4.562500000000 1.395999908447 172 172 172
7.375000000000 4.625000000000 4.483999252319 112 112 112
7.375000000000 4.625000000000 4.406000137329 178 178 178
7.375000000000 4.625000000000 4.329000473022 183 183 183
7.375000000000 4.625000000000 4.250999450684 179 179 179
7.343750000000 4.687500000000 4.173999786377 168 168 168
7.406250000000 4.625000000000 4.094999313354 85 85 85
7.406250000000 4.625000000000 4.019000053406 114 114 114
7.375000000000 4.625000000000 3.941999435425 138 138 138
7.375000000000 4.625000000000 3.865999221802 145 145 145
7.343750000000 4.687500000000 3.788999557495 154 154 154
7.375000000000 4.625000000000 3.711999893188 165 165 165
7.375000000000 4.625000000000 3.634999275208 180 180 180
7.375000000000 4.625000000000 3.557999610901 186 186 186
7.375000000000 4.625000000000 3.480999946594 180 180 180
7.375000000000 4.625000000000 3.403999328613 182 182 182
7.406250000000 4.625000000000 3.328000068665 175 175 175
7.375000000000 4.625000000000 3.250000000000 179 179 179
7.375000000000 4.625000000000 3.172999382019 182 182 182
7.375000000000 4.625000000000 3.095999717712 178 178 178
7.406250000000 4.625000000000 3.019000053406 169 169 169
7.406250000000 4.625000000000 2.942999839783 155 155 155
7.406250000000 4.625000000000 2.863999366760 160 160 160
7.406250000000 4.625000000000 2.786999702454 159 159 159
7.406250000000 4.625000000000 2.710999488831 155 155 155
7.406250000000 4.625000000000 2.633999824524 153 153 153
7.406250000000 4.625000000000 2.553999900818 148 148 148
7.437500000000 4.625000000000 2.479999542236 147 147 147
7.437500000000 4.625000000000 2.401000022888 148 148 148
7.468750000000 4.625000000000 2.324999809265 142 142 142
7.468750000000 4.625000000000 2.247999191284 143 143 143
7.468750000000 4.625000000000 2.170999526978 132 132 132
7.468750000000 4.625000000000 2.092000007629 134 134 134
7.468750000000 4.625000000000 2.012999534607 139 139 139
7.468750000000 4.625000000000 1.931999206543 150 150 150
7.468750000000 4.625000000000 1.851999282837 151 151 151
7.468750000000 4.625000000000 1.770999908447 152 152 152
7.468750000000 4.625000000000 1.689000129700 161 161 161
7.468750000000 4.625000000000 1.607999801636 158 158 158
7.468750000000 4.625000000000 1.522999763489 165 165 165
7.468750000000 4.625000000000 1.443999290466 169 169 169
7.468750000000 4.687500000000 4.698999404907 195 195 195
7.468750000000 4.750000000000 4.622999191284 197 197 197
7.468750000000 4.750000000000 4.545999526978 193 193 193
7.500000000000 4.750000000000 4.469999313354 198 198 198
7.500000000000 4.750000000000 4.392999649048 194 194 194
7.500000000000 4.750000000000 4.317998886108 195 195 195
7.500000000000 4.750000000000 4.242000579834 195 195 195
7.500000000000 4.750000000000 4.165999412537 194 194 194
7.468750000000 4.750000000000 4.090999603271 194 194 194
7.500000000000 4.750000000000 4.015999794006 192 192 192
7.500000000000 4.750000000000 3.940999984741 188 188 188
7.468750000000 4.750000000000 3.865999221802 188 188 188
7.468750000000 4.750000000000 3.790999412537 183 183 183
7.468750000000 4.750000000000 3.715999603271 181 181 181
7.468750000000 4.750000000000 3.640999794006 185 185 185
7.500000000000 4.750000000000 3.565999984741 169 169 169
7.500000000000 4.750000000000 3.490999221802 159 159 159
7.468750000000 4.750000000000 3.414999961853 150 150 150
7.531250000000 4.750000000000 3.340999603271 208 208 208
7.468750000000 4.750000000000 3.262999534607 141 141 141
7.468750000000 4.750000000000 3.186999320984 137 137 137
7.468750000000 4.750000000000 3.109999656677 137 137 137
7.468750000000 4.750000000000 3.032999992371 130 130 130
7.468750000000 4.750000000000 2.956999778748 136 136 136
7.406250000000 4.750000000000 2.875999450684 126 126 126
7.406250000000 4.750000000000 2.796999931335 122 122 122
7.406250000000 4.812500000000 2.717999458313 116 116 116
7.468750000000 4.750000000000 2.654999732971 32 32 32
7.468750000000 4.750000000000 2.578000068665 17 17 17
7.343750000000 4.875000000000 4.494998931885 167 167 167
7.343750000000 4.875000000000 4.416999816895 196 196 196
7.343750000000 4.875000000000 4.340999603271 169 169 169
7.343750000000 4.875000000000 4.260999679565 194 194 194
7.375000000000 4.875000000000 4.182999610901 189 189 189
7.375000000000 4.875000000000 4.105999946594 190 190 190
7.343750000000 4.937500000000 3.488999366760 136 136 136
7.343750000000 4.875000000000 3.411999702454 135 135 135
7.343750000000 4.875000000000 3.333999633789 134 134 134
7.343750000000 4.937500000000 3.255999565125 134 134 134
7.343750000000 4.937500000000 3.177999496460 136 136 136
7.343750000000 4.937500000000 3.099999427795 137 137 137
7.343750000000 4.937500000000 3.022999763489 185 185 185
7.343750000000 4.875000000000 2.944999694824 130 130 130
7.343750000000 5.000000000000 2.864999771118 136 136 136
7.375000000000 5.000000000000 2.788999557495 120 120 120
7.343750000000 5.062500000000 4.576999664307 167 167 167
7.343750000000 5.062500000000 4.497999191284 187 187 187
7.343750000000 5.062500000000 4.420000076294 177 177 177
7.406250000000 5.062500000000 4.184999465942 189 189 189
7.343750000000 5.062500000000 4.108999252319 183 183 183
7.375000000000 5.062500000000 4.031000137329 192 192 192
7.375000000000 5.062500000000 3.414999961853 22 22 22
7.343750000000 5.062500000000 3.335999488831 134 134 134
7.343750000000 5.062500000000 3.258999824524 136 136 136
7.343750000000 5.062500000000 3.180999755859 134 134 134
7.343750000000 5.062500000000 3.102999687195 134 134 134
7.343750000000 5.062500000000 3.024999618530 138 138 138
7.343750000000 5.062500000000 2.947999954224 135 135 135
7.343750000000 5.187500000000 4.656999588013 164 164 164
7.343750000000 5.187500000000 4.579000473022 163 163 163
7.343750000000 5.187500000000 4.500999450684 162 162 162
7.343750000000 5.187500000000 4.109999656677 175 175 175
7.343750000000 5.187500000000 4.032999992371 192 192 192
7.343750000000 5.187500000000 3.955999374390 210 210 210
7.343750000000 5.187500000000 3.878999710083 25 25 25
7.375000000000 5.250000000000 4.680999755859 160 160 160
7.375000000000 5.250000000000 4.604000091553 164 164 164
7.375000000000 5.250000000000 4.524000167847 166 166 166
7.375000000000 5.250000000000 4.133999824524 176 176 176
7.375000000000 5.250000000000 4.056999206543 185 185 185
7.375000000000 5.250000000000 3.979999542236 200 200 200
7.375000000000 5.062500000000 4.600000381470 162 162 162
7.375000000000 5.062500000000 4.520999908447 162 162 162
7.375000000000 5.062500000000 4.442998886108 194 194 194
7.406250000000 5.125000000000 4.208999633789 199 199 199
7.406250000000 5.125000000000 4.130999565125 180 180 180
7.406250000000 5.125000000000 4.053999900818 188 188 188
7.406250000000 5.125000000000 3.435999870300 116 116 116
7.406250000000 5.125000000000 3.357999801636 135 135 135
7.406250000000 5.125000000000 3.281000137329 131 131 131
7.406250000000 5.125000000000 3.201999664307 138 138 138
7.406250000000 5.125000000000 3.123999595642 130 130 130
7.406250000000 5.125000000000 3.046999931335 135 135 135
7.406250000000 5.125000000000 2.967999458313 136 136 136
7.406250000000 5.125000000000 2.891999244690 106 106 106
7.375000000000 4.875000000000 4.517999649048 164 164 164
7.406250000000 4.875000000000 4.440000534058 166 166 166
7.375000000000 4.875000000000 4.362998962402 165 165 165
7.406250000000 4.875000000000 4.282999038696 205 205 205
7.406250000000 4.875000000000 4.205999374390 200 200 200
7.375000000000 4.875000000000 4.130000114441 166 166 166
7.375000000000 4.875000000000 3.588999748230 119 119 119
7.343750000000 4.875000000000 3.510999679565 133 133 133
7.343750000000 4.875000000000 3.432999610901 131 131 131
7.343750000000 4.875000000000 3.355999946594 134 134 134
7.343750000000 4.875000000000 3.278999328613 135 135 135
7.343750000000 4.875000000000 3.200999259949 133 133 133
7.343750000000 4.875000000000 3.121999740601 131 131 131
7.375000000000 5.000000000000 3.043999671936 184 184 184
7.343750000000 4.875000000000 2.967999458313 130 130 130
7.343750000000 4.875000000000 2.888999938965 131 131 131
7.406250000000 4.937500000000 2.809999465942 134 134 134
7.375000000000 4.875000000000 2.732999801636 81 81 81
7.468750000000 4.750000000000 4.732999801636 148 148 148
7.468750000000 4.750000000000 4.654998779297 156 156 156
7.468750000000 4.750000000000 4.576999664307 149 149 149
7.468750000000 4.750000000000 4.500999450684 157 157 157
7.468750000000 4.750000000000 4.423000335693 158 158 158
7.468750000000 4.750000000000 4.347000122070 162 162 162
7.468750000000 4.750000000000 4.270000457764 169 169 169
7.468750000000 4.750000000000 4.193999290466 170 170 170
7.468750000000 4.750000000000 4.118000030518 178 178 178
7.468750000000 4.750000000000 4.041999816895 183 183 183
7.500000000000 4.750000000000 3.965999603271 188 188 188
7.500000000000 4.750000000000 3.890999794006 197 197 197
7.500000000000 4.750000000000 3.814999580383 205 205 205
7.500000000000 4.750000000000 3.739999771118 223 223 223
7.468750000000 4.750000000000 3.664999961853 255 255 255
7.500000000000 4.750000000000 3.588999748230 254 254 254
7.468750000000 4.750000000000 3.513999938965 241 241 241
7.500000000000 4.750000000000 3.439000129700 231 231 231
7.500000000000 4.750000000000 3.362999916077 232 232 232
7.500000000000 4.750000000000 3.286999702454 227 227 227
7.500000000000 4.750000000000 3.211999893188 219 219 219
7.500000000000 4.750000000000 3.135999679565 216 216 216
7.500000000000 4.750000000000 3.059999465942 214 214 214
7.500000000000 4.750000000000 2.983999252319 254 254 254
7.500000000000 4.750000000000 2.907999992371 204 204 204
7.500000000000 4.750000000000 2.831999778748 201 201 201
7.500000000000 4.750000000000 2.755000114441 198 198 198
7.468750000000 4.750000000000 2.675999641418 201 201 201
7.500000000000 4.750000000000 2.599999427795 192 192 192
7.500000000000 4.750000000000 2.522999763489 187 187 187
7.500000000000 4.750000000000 2.444999694824 186 186 186
7.500000000000 4.750000000000 2.365999221802 186 186 186
7.500000000000 4.750000000000 2.288000106812 182 182 182
7.500000000000 4.750000000000 2.207999229431 176 176 176
7.500000000000 4.750000000000 2.128999710083 178 178 178
7.500000000000 4.750000000000 2.048999786377 171 171 171
7.500000000000 4.750000000000 1.967999458313 170 170 170
7.500000000000 4.750000000000 1.887000083923 166 166 166
7.468750000000 4.750000000000 1.803999900818 157 157 157
7.500000000000 4.750000000000 1.722999572754 150 150 150
7.500000000000 4.750000000000 1.644000053406 137 137 137
7.468750000000 4.750000000000 1.554999351501 137 137 137
7.500000000000 4.750000000000 1.473999977112 138 138 138
7.406250000000 4.625000000000 4.513999938965 173 173 173
7.406250000000 4.625000000000 4.435998916626 174 174 174
7.406250000000 4.625000000000 4.358999252319 174 174 174
7.406250000000 4.625000000000 4.282999038696 168 168 168
7.375000000000 4.625000000000 4.204999923706 170 170 170
7.375000000000 4.625000000000 3.586999893188 135 135 135
7.343750000000 4.687500000000 3.508999824524 135 135 135
7.375000000000 4.625000000000 3.431999206543 132 132 132
7.375000000000 4.625000000000 3.354999542236 132 132 132
7.343750000000 4.687500000000 3.276000022888 133 133 133
7.343750000000 4.687500000000 3.198999404907 135 135 135
7.375000000000 4.625000000000 3.120999336243 132 132 132
7.375000000000 4.625000000000 3.042999267578 138 138 138
7.343750000000 4.687500000000 2.964999198914 140 140 140
7.343750000000 4.687500000000 2.885999679565 134 134 134
7.375000000000 4.625000000000 2.807999610901 137 137 137
7.375000000000 4.625000000000 2.729000091553 136 136 136
7.468750000000 4.625000000000 2.031999588013 81 81 81
7.468750000000 4.625000000000 1.947999954224 30 30 30
7.343750000000 4.687500000000 1.750999450684 226 226 226
7.281250000000 4.687500000000 1.548999786377 216 216 216
7.281250000000 4.687500000000 1.473999977112 154 154 154
7.343750000000 4.687500000000 1.399999618530 163 163 163
7.343750000000 4.437500000000 4.590000152588 174 174 174
7.343750000000 4.437500000000 4.511999130249 174 174 174
7.343750000000 4.437500000000 4.434000015259 173 173 173
7.406250000000 4.500000000000 4.279998779297 150 150 150
7.406250000000 4.500000000000 4.201999664307 164 164 164
7.375000000000 4.500000000000 4.125000000000 170 170 170
7.375000000000 4.500000000000 4.047999382019 20 20 20
7.375000000000 4.500000000000 3.506999969482 133 133 133
7.375000000000 4.500000000000 3.428999900818 132 132 132
7.375000000000 4.500000000000 3.351999282837 144 144 144
7.343750000000 4.500000000000 3.273999214172 134 134 134
7.343750000000 4.500000000000 3.196000099182 133 133 133
7.343750000000 4.500000000000 3.118999481201 132 132 132
7.375000000000 4.500000000000 3.040999412537 136 136 136
7.343750000000 4.500000000000 2.961999893188 133 133 133
7.375000000000 4.500000000000 2.884999275208 134 134 134
7.375000000000 4.500000000000 2.805999755859 135 135 135
7.406250000000 4.500000000000 1.427999496460 155 155 155
7.375000000000 4.250000000000 4.743000030518 112 112 112
7.343750000000 4.250000000000 4.666999816895 173 173 173
7.343750000000 4.250000000000 4.590000152588 207 207 207
7.343750000000 4.312500000000 4.511999130249 159 159 159
7.343750000000 4.312500000000 4.201999664307 149 149 149
7.343750000000 4.312500000000 4.123999595642 166 166 166
7.343750000000 4.312500000000 4.046999931335 168 168 168
7.312500000000 4.312500000000 3.969999313354 15 15 15
7.312500000000 4.312500000000 3.428999900818 56 56 56
7.343750000000 4.312500000000 3.351999282837 132 132 132
7.312500000000 4.312500000000 3.273999214172 135 135 135
7.343750000000 4.312500000000 3.196000099182 131 131 131
7.312500000000 4.312500000000 3.118000030518 136 136 136
7.343750000000 4.375000000000 3.039999961853 134 134 134
7.343750000000 4.375000000000 2.961999893188 133 133 133
7.125000000000 4.500000000000 1.416999816895 185 185 185
7.406250000000 4.187500000000 4.666999816895 73 73 73
7.406250000000 4.187500000000 4.586999893188 93 93 93
7.343750000000 4.187500000000 4.122999191284 146 146 146
7.343750000000 4.187500000000 4.045999526978 174 174 174
7.343750000000 5.375000000000 4.029999732971 218 218 218
7.375000000000 5.312500000000 4.577999114990 246 246 246
7.375000000000 5.312500000000 4.645999908447 138 138 138
7.343750000000 5.187500000000 3.894999504089 46 46 46
7.343750000000 5.187500000000 3.960000038147 255 255 255
7.343750000000 5.187500000000 4.028999328613 255 255 255
7.343750000000 5.187500000000 4.095999717712 204 204 204
7.343750000000 5.187500000000 4.163999557495 187 187 187
7.343750000000 5.187500000000 4.438999176025 106 106 106
7.343750000000 5.187500000000 4.506999969482 253 253 253
7.343750000000 5.187500000000 4.577999114990 247 247 247
7.343750000000 5.187500000000 4.645999908447 235 235 235
7.343750000000 5.062500000000 2.882999420166 185 185 185
7.343750000000 5.062500000000 2.951999664307 187 187 187
7.343750000000 5.062500000000 3.019000053406 189 189 189
7.343750000000 5.062500000000 3.086999893188 192 192 192
7.343750000000 5.062500000000 3.152999877930 197 197 197
7.343750000000 5.062500000000 3.288999557495 255 255 255
7.343750000000 5.062500000000 3.355999946594 255 255 255
7.343750000000 5.062500000000 3.422999382019 255 255 255
7.375000000000 5.062500000000 4.027999877930 255 255 255
7.406250000000 5.062500000000 4.094999313354 204 204 204
7.406250000000 5.062500000000 4.163000106812 215 215 215
7.375000000000 5.062500000000 4.230998992920 255 255 255
7.375000000000 5.062500000000 4.369998931885 194 194 194
7.375000000000 5.062500000000 4.438999176025 196 196 196
7.375000000000 5.062500000000 4.507999420166 252 252 252
7.375000000000 5.062500000000 4.576000213623 244 244 244
7.343750000000 5.062500000000 3.219999313354 197 197 197
7.343750000000 4.875000000000 4.164999961853 153 153 153
7.281250000000 4.937500000000 4.236999511719 183 183 183
7.312500000000 4.875000000000 4.302999496460 179 179 179
7.312500000000 4.875000000000 4.374000549316 191 191 191
7.312500000000 4.875000000000 4.441999435425 202 202 202
7.312500000000 4.875000000000 4.510999679565 192 192 192
7.343750000000 4.812500000000 1.771999359131 44 44 44
7.375000000000 4.812500000000 1.850999832153 68 68 68
7.406250000000 4.812500000000 1.923999786377 76 76 76
7.406250000000 4.750000000000 2.001999855042 77 77 77
7.406250000000 4.750000000000 2.076999664307 84 84 84
7.406250000000 4.750000000000 2.146999359131 86 86 86
7.437500000000 4.750000000000 2.219999313354 91 91 91
7.468750000000 4.750000000000 2.290999412537 97 97 97
7.468750000000 4.750000000000 2.359999656677 102 102 102
7.468750000000 4.750000000000 2.428999900818 99 99 99
7.437500000000 4.750000000000 2.493000030518 63 63 63
7.468750000000 4.750000000000 2.564000129700 114 114 114
7.468750000000 4.750000000000 2.630999565125 119 119 119
7.468750000000 4.750000000000 2.698999404907 130 130 130
7.468750000000 4.750000000000 2.762000083923 151 151 151
7.468750000000 4.750000000000 2.829999923706 151 151 151
7.468750000000 4.750000000000 2.895999908447 153 153 153
7.468750000000 4.750000000000 2.963999748230 159 159 159
7.468750000000 4.750000000000 3.029999732971 162 162 162
7.468750000000 4.750000000000 3.095999717712 170 170 170
7.468750000000 4.750000000000 3.161999702454 171 171 171
7.468750000000 4.750000000000 3.227999687195 173 173 173
7.468750000000 4.750000000000 3.292999267578 184 184 184
7.468750000000 4.750000000000 3.357999801636 187 187 187
7.468750000000 4.750000000000 3.423999786377 200 200 200
7.468750000000 4.750000000000 3.488999366760 226 226 226
7.468750000000 4.750000000000 3.553999900818 208 208 208
7.468750000000 4.750000000000 3.618999481201 205 205 205
7.468750000000 4.750000000000 3.684999465942 204 204 204
7.468750000000 4.750000000000 3.750000000000 205 205 205
7.468750000000 4.750000000000 3.814999580383 207 207 207
7.468750000000 4.750000000000 3.880999565125 206 206 206
7.468750000000 4.750000000000 3.946000099182 204 204 204
7.468750000000 4.750000000000 4.012999534607 202 202 202
7.468750000000 4.750000000000 4.078000068665 201 201 201
7.468750000000 4.750000000000 4.144000053406 200 200 200
7.468750000000 4.750000000000 4.209999084473 197 197 197
7.468750000000 4.750000000000 4.275999069214 193 193 193
7.468750000000 4.750000000000 4.343000411987 191 191 191
7.468750000000 4.750000000000 4.410999298096 190 190 190
7.468750000000 4.750000000000 4.477998733521 189 189 189
7.468750000000 4.750000000000 4.545999526978 185 185 185
7.468750000000 4.750000000000 4.614000320435 183 183 183
7.468750000000 4.750000000000 4.680000305176 183 183 183
7.468750000000 4.750000000000 4.750999450684 177 177 177
7.281250000000 4.625000000000 1.435999870300 203 203 203
7.437500000000 4.625000000000 1.567999839783 120 120 120
7.343750000000 4.625000000000 2.747999191284 174 174 174
7.343750000000 4.625000000000 2.814999580383 179 179 179
7.343750000000 4.625000000000 2.882999420166 181 181 181
7.343750000000 4.625000000000 2.949999809265 192 192 192
7.343750000000 4.625000000000 3.017999649048 194 194 194
7.343750000000 4.625000000000 3.085000038147 187 187 187
7.343750000000 4.625000000000 3.152999877930 187 187 187
7.343750000000 4.625000000000 3.219999313354 199 199 199
7.343750000000 4.625000000000 3.286999702454 232 232 232
7.343750000000 4.625000000000 3.354000091553 255 255 255
7.343750000000 4.625000000000 3.420999526978 255 255 255
7.343750000000 4.625000000000 3.487999916077 255 255 255
7.343750000000 4.625000000000 3.555999755859 255 255 255
7.343750000000 4.625000000000 3.622999191284 107 107 107
7.343750000000 4.562500000000 4.160999298096 255 255 255
7.343750000000 4.625000000000 4.230998992920 255 255 255
7.343750000000 4.562500000000 4.298000335693 255 255 255
7.343750000000 4.562500000000 4.364999771118 246 246 246
7.375000000000 4.562500000000 4.431999206543 234 234 234
7.343750000000 4.562500000000 4.503999710083 235 235 235
7.375000000000 4.500000000000 1.395999908447 172 172 172
7.250000000000 4.500000000000 1.436999320984 202 202 202
7.343750000000 4.437500000000 2.745999336243 82 82 82
7.343750000000 4.437500000000 2.814000129700 177 177 177
7.343750000000 4.437500000000 2.881999969482 179 179 179
7.343750000000 4.437500000000 2.948999404907 193 193 193
7.343750000000 4.437500000000 3.016999244690 189 189 189
7.343750000000 4.437500000000 3.083999633789 187 187 187
7.343750000000 4.437500000000 3.151999473572 189 189 189
7.343750000000 4.437500000000 3.218999862671 202 202 202
7.343750000000 4.437500000000 3.285999298096 229 229 229
7.343750000000 4.437500000000 3.352999687195 255 255 255
7.343750000000 4.437500000000 3.420000076294 255 255 255
7.343750000000 4.437500000000 3.487999916077 255 255 255
7.343750000000 4.437500000000 3.554999351501 247 247 247
7.343750000000 4.437500000000 4.092999458313 255 255 255
7.343750000000 4.437500000000 4.160999298096 255 255 255
7.343750000000 4.437500000000 4.229000091553 255 255 255
7.281250000000 4.375000000000 4.302999496460 20 20 20
7.343750000000 4.437500000000 4.431999206543 231 231 231
7.343750000000 4.437500000000 4.501998901367 233 233 233
7.343750000000 4.437500000000 4.569999694824 238 238 238
7.343750000000 4.437500000000 4.638000488281 173 173 173
7.312500000000 4.312500000000 2.947999954224 189 189 189
7.312500000000 4.312500000000 3.015999794006 184 184 184
7.312500000000 4.312500000000 3.082999229431 188 188 188
7.312500000000 4.312500000000 3.149999618530 201 201 201
7.312500000000 4.312500000000 3.217999458313 223 223 223
7.312500000000 4.312500000000 3.283999443054 255 255 255
7.312500000000 4.312500000000 3.351999282837 255 255 255
7.343750000000 4.312500000000 3.418999671936 71 71 71
7.312500000000 4.312500000000 3.956999778748 104 104 104
7.343750000000 4.312500000000 4.023999214172 255 255 255
7.343750000000 4.312500000000 4.090999603271 255 255 255
7.343750000000 4.312500000000 4.158999443054 255 255 255
7.343750000000 4.250000000000 4.497999191284 207 207 207
7.343750000000 4.312500000000 4.567998886108 214 214 214
7.343750000000 4.312500000000 4.638000488281 230 230 230
7.312500000000 4.250000000000 4.706998825073 223 223 223
7.343750000000 4.125000000000 4.021999359131 203 203 203
7.343750000000 4.125000000000 4.089999198914 255 255 255
7.343750000000 4.125000000000 4.566999435425 88 88 88
7.343750000000 4.125000000000 4.635000228882 162 162 162
7.343750000000 5.437500000000 4.054999351501 117 117 117
7.375000000000 5.437500000000 4.521999359131 35 35 35
7.375000000000 5.437500000000 4.600999832153 147 147 147
7.375000000000 5.250000000000 3.975999832153 197 197 197
7.343750000000 5.187500000000 4.053999900818 198 198 198
7.375000000000 5.250000000000 4.130999565125 184 184 184
7.343750000000 5.187500000000 4.441999435425 47 47 47
7.343750000000 5.187500000000 4.521999359131 182 182 182
7.343750000000 5.187500000000 4.600000381470 173 173 173
7.343750000000 5.187500000000 4.677999496460 139 139 139
7.343750000000 5.062500000000 2.888999938965 122 122 122
7.343750000000 5.062500000000 2.965999603271 124 124 124
7.343750000000 5.062500000000 3.045000076294 124 124 124
7.343750000000 5.062500000000 3.122999191284 124 124 124
7.343750000000 5.062500000000 3.200999259949 125 125 125
7.343750000000 5.062500000000 3.278999328613 125 125 125
7.343750000000 5.062500000000 3.355999946594 127 127 127
7.343750000000 5.062500000000 3.434000015259 120 120 120
7.343750000000 5.062500000000 4.052000045776 196 196 196
7.343750000000 5.062500000000 4.130000114441 191 191 191
7.343750000000 5.062500000000 4.208000183105 193 193 193
7.343750000000 5.062500000000 4.364999771118 47 47 47
7.343750000000 5.062500000000 4.441999435425 196 196 196
7.343750000000 5.062500000000 4.520999908447 180 180 180
7.343750000000 5.062500000000 4.597000122070 134 134 134
7.343750000000 4.875000000000 2.730999946594 99 99 99
7.343750000000 4.937500000000 2.809999465942 121 121 121
7.343750000000 4.937500000000 2.887000083923 125 125 125
7.343750000000 4.875000000000 2.967000007629 121 121 121
7.343750000000 4.937500000000 3.043999671936 125 125 125
7.343750000000 4.937500000000 3.121999740601 121 121 121
7.343750000000 4.937500000000 3.199999809265 128 128 128
7.343750000000 4.937500000000 3.277999877930 123 123 123
7.343750000000 4.937500000000 3.355999946594 124 124 124
7.343750000000 4.937500000000 3.432999610901 125 125 125
7.343750000000 4.937500000000 3.509999275208 124 124 124
7.343750000000 4.937500000000 3.587999343872 123 123 123
7.343750000000 4.875000000000 4.128999710083 175 175 175
7.343750000000 4.875000000000 4.206998825073 195 195 195
7.343750000000 4.875000000000 4.282999038696 199 199 199
7.343750000000 4.875000000000 4.361999511719 183 183 183
7.343750000000 4.875000000000 4.440999984741 177 177 177
7.343750000000 4.875000000000 4.518999099731 140 140 140
7.156250000000 4.687500000000 1.428999900818 153 153 153
7.187500000000 4.750000000000 1.529999732971 159 159 159
7.343750000000 4.812500000000 1.844999313354 103 103 103
7.218750000000 4.812500000000 1.892999649048 255 255 255
7.343750000000 4.812500000000 2.012000083923 95 95 95
7.343750000000 4.812500000000 2.093999862671 106 106 106
7.343750000000 4.812500000000 2.171999931335 108 108 108
7.343750000000 4.812500000000 2.256999969482 107 107 107
7.343750000000 4.812500000000 2.335999488831 114 114 114
7.343750000000 4.812500000000 2.416999816895 115 115 115
7.343750000000 4.812500000000 2.497999191284 121 121 121
7.343750000000 4.812500000000 2.574999809265 131 131 131
7.343750000000 4.812500000000 2.654999732971 133 133 133
7.343750000000 4.812500000000 2.733999252319 168 168 168
7.343750000000 4.812500000000 2.811999320984 167 167 167
7.343750000000 4.812500000000 2.890999794006 171 171 171
7.343750000000 4.812500000000 2.972000122070 119 119 119
7.343750000000 4.812500000000 3.045999526978 177 177 177
7.343750000000 4.812500000000 3.125000000000 180 180 180
7.343750000000 4.812500000000 3.201999664307 185 185 185
7.343750000000 4.812500000000 3.279999732971 182 182 182
7.343750000000 4.812500000000 3.356999397278 186 186 186
7.343750000000 4.812500000000 3.434000015259 184 184 184
7.343750000000 4.812500000000 3.512000083923 182 182 182
7.343750000000 4.812500000000 3.588999748230 186 186 186
7.343750000000 4.812500000000 3.664999961853 186 186 186
7.343750000000 4.812500000000 3.741999626160 194 194 194
7.343750000000 4.812500000000 3.818999290466 193 193 193
7.343750000000 4.812500000000 3.895999908447 183 183 183
7.343750000000 4.812500000000 3.972000122070 184 184 184
7.343750000000 4.812500000000 4.048999786377 173 173 173
7.406250000000 4.875000000000 4.125000000000 163 163 163
7.406250000000 4.875000000000 4.201999664307 168 168 168
7.406250000000 4.875000000000 4.278999328613 169 169 169
7.406250000000 4.875000000000 4.354999542236 161 161 161
7.406250000000 4.875000000000 4.431999206543 156 156 156
7.406250000000 4.875000000000 4.507999420166 155 155 155
7.406250000000 4.875000000000 4.583999633789 137 137 137
7.406250000000 4.875000000000 4.661998748779 147 147 147
7.406250000000 4.875000000000 4.739000320435 139 139 139
7.468750000000 4.750000000000 1.475999832153 127 127 127
7.468750000000 4.750000000000 1.566999435425 126 126 126
7.468750000000 4.750000000000 1.648999214172 121 121 121
7.468750000000 4.750000000000 1.727999687195 129 129 129
7.468750000000 4.750000000000 1.812999725342 128 128 128
7.468750000000 4.750000000000 1.891999244690 126 126 126
7.468750000000 4.750000000000 1.970999717712 122 122 122
7.468750000000 4.750000000000 2.053999900818 123 123 123
7.468750000000 4.750000000000 2.133999824524 125 125 125
7.468750000000 4.750000000000 2.212999343872 119 119 119
7.468750000000 4.750000000000 2.362999916077 107 107 107
7.406250000000 4.687500000000 3.128999710083 113 113 113
7.281250000000 4.625000000000 4.208000183105 121 121 121
7.281250000000 4.625000000000 4.286998748779 128 128 128
7.312500000000 4.625000000000 4.362998962402 127 127 127
7.281250000000 4.625000000000 4.442998886108 125 125 125
7.281250000000 4.625000000000 4.522998809814 119 119 119
7.343750000000 4.187500000000 4.043999671936 188 188 188
7.343750000000 4.187500000000 4.121999740601 115 115 115
7.343750000000 4.187500000000 4.586999893188 140 140 140
7.343750000000 4.187500000000 4.664999008179 83 83 83
