11.643448829651 17.307762145996 3.750995635986 87 87 87
11.631793022156 17.297357559204 3.796001434326 177 177 177
11.643448829651 17.307762145996 3.840000152588 180 180 180
11.643448829651 17.307762145996 3.883998870850 179 179 179
11.643448829651 17.307762145996 3.927997589111 183 183 183
11.643448829651 17.307762145996 3.972995758057 164 164 164
11.702553749084 17.276744842529 4.323001861572 52 52 52
11.708382606506 17.281948089600 4.364002227783 204 204 204
11.708382606506 17.281948089600 4.408000946045 208 208 208
11.735020637512 17.263835906982 4.451999664307 209 209 209
11.740847587585 17.269039154053 4.495998382568 210 210 210
11.740847587585 17.269039154053 4.541996002197 201 201 201
11.665904045105 17.118362426758 3.887996673584 171 171 171
11.692542076111 17.100250244141 3.929996490479 179 179 179
11.665904045105 17.118362426758 3.975002288818 181 181 181
11.665904045105 17.118362426758 4.018001556396 185 185 185
11.665904045105 17.118362426758 4.062000274658 182 182 182
11.665904045105 17.118362426758 4.104999542236 158 158 158
11.692542076111 17.100250244141 4.233997344971 15 15 15
11.698370933533 17.105453491211 4.275997161865 204 204 204
11.698370933533 17.105453491211 4.318996429443 209 209 209
11.698370933533 17.105453491211 4.362995147705 207 207 207
11.730837821960 17.092544555664 4.404994964600 207 207 207
11.730837821960 17.092544555664 4.449001312256 201 201 201
11.756617546082 16.864223480225 1.173999786377 187 187 187
11.724150657654 16.877132415771 1.203998565674 186 186 186
11.546835899353 16.970188140869 3.046997070313 16 16 16
11.535178184509 16.959781646729 3.090000152588 82 82 82
11.535178184509 16.959781646729 3.132999420166 100 100 100
11.535178184509 16.959781646729 3.175998687744 101 101 101
11.546835899353 16.970188140869 3.217998504639 112 112 112
11.535178184509 16.959781646729 3.260997772217 135 135 135
11.546835899353 16.970188140869 3.303997039795 103 103 103
11.605940818787 16.939168930054 3.345996856689 96 96 96
11.605940818787 16.939168930054 3.387996673584 106 106 106
11.579302787781 16.957279205322 3.430995941162 109 109 109
11.541007041931 16.964984893799 3.476001739502 103 103 103
11.546835899353 16.970188140869 3.519001007080 101 101 101
11.541007041931 16.964984893799 3.562000274658 102 102 102
11.688357353210 16.928960800171 3.976001739502 45 45 45
11.714997291565 16.910850524902 4.015995025635 180 180 180
11.714997291565 16.910850524902 4.059001922607 183 183 183
11.714997291565 16.910850524902 4.102001190186 185 185 185
11.714997291565 16.910850524902 4.144001007080 184 184 184
11.714997291565 16.910850524902 4.186000823975 187 187 187
11.714997291565 16.910850524902 4.229999542236 183 183 183
11.714997291565 16.910850524902 4.272998809814 189 189 189
11.714997291565 16.910850524902 4.315998077393 199 199 199
11.720824241638 16.916053771973 4.356998443604 195 195 195
11.784899711609 16.680025100708 1.203998565674 131 131 131
11.784899711609 16.680025100708 1.246997833252 138 138 138
11.784899711609 16.680025100708 1.288997650146 140 140 140
11.784899711609 16.680025100708 1.333999633789 144 144 144
11.784899711609 16.680025100708 1.377998352051 149 149 149
11.758261680603 16.698135375977 1.413997650146 155 155 155
11.758261680603 16.698135375977 1.458999633789 149 149 149
11.731623649597 16.716247558594 1.879997253418 160 160 160
11.731623649597 16.716247558594 1.921997070313 164 164 164
11.731623649597 16.716247558594 1.963996887207 162 162 162
11.731623649597 16.716247558594 2.003997802734 163 163 163
11.731623649597 16.716247558594 2.046997070313 164 164 164
11.731623649597 16.716247558594 2.087997436523 164 164 164
11.725794792175 16.711044311523 2.128997802734 165 165 165
11.725794792175 16.711044311523 2.169998168945 164 164 164
11.725794792175 16.711044311523 2.211997985840 164 164 164
11.725794792175 16.711044311523 2.253997802734 165 165 165
11.725794792175 16.711044311523 2.294998168945 166 166 166
11.725794792175 16.711044311523 2.335998535156 166 166 166
11.725794792175 16.711044311523 2.377998352051 167 167 167
11.725794792175 16.711044311523 2.418998718262 174 174 174
11.725794792175 16.711044311523 2.459999084473 176 176 176
11.704985618591 16.734355926514 2.500000000000 179 179 179
11.725794792175 16.711044311523 2.542999267578 180 180 180
11.725794792175 16.711044311523 2.583999633789 182 182 182
11.725794792175 16.711044311523 2.625999450684 183 183 183
11.725794792175 16.711044311523 2.666000366211 189 189 189
11.725794792175 16.711044311523 2.706996917725 190 190 190
11.725794792175 16.711044311523 2.747997283936 197 197 197
11.737452507019 16.721448898315 2.789997100830 196 196 196
11.737452507019 16.721448898315 2.829998016357 197 197 197
11.737452507019 16.721448898315 2.870998382568 195 195 195
11.737452507019 16.721448898315 2.911998748779 197 197 197
11.737452507019 16.721448898315 2.952999114990 198 198 198
11.737452507019 16.721448898315 2.993999481201 199 199 199
11.737452507019 16.721448898315 3.034000396729 185 185 185
11.737452507019 16.721448898315 3.074996948242 197 197 197
11.737452507019 16.721448898315 3.116001129150 198 198 198
11.737452507019 16.721448898315 3.157001495361 205 205 205
11.737452507019 16.721448898315 3.198001861572 188 188 188
11.737452507019 16.721448898315 3.239002227783 221 221 221
11.737452507019 16.721448898315 3.278995513916 196 196 196
11.737452507019 16.721448898315 3.319995880127 188 188 188
11.737452507019 16.721448898315 3.360996246338 177 177 177
11.710814476013 16.739559173584 3.401996612549 180 180 180
11.737452507019 16.721448898315 3.442996978760 176 176 176
11.710814476013 16.739559173584 3.483997344971 170 170 170
11.737452507019 16.721448898315 3.524997711182 167 167 167
11.710814476013 16.739559173584 3.565998077393 165 165 165
11.737452507019 16.721448898315 3.605998992920 153 153 153
11.743279457092 16.726650238037 3.645999908447 151 151 151
11.743279457092 16.726650238037 3.687000274658 149 149 149
11.737452507019 16.721448898315 3.729000091553 142 142 142
11.737452507019 16.721448898315 3.770000457764 143 143 143
11.743279457092 16.726650238037 3.810001373291 129 129 129
11.737452507019 16.721448898315 3.853000640869 132 132 132
11.737452507019 16.721448898315 3.893001556396 129 129 129
11.737452507019 16.721448898315 3.935001373291 131 131 131
11.737452507019 16.721448898315 3.976001739502 127 127 127
11.737452507019 16.721448898315 4.017002105713 122 122 122
11.737452507019 16.721448898315 4.059001922607 172 172 172
11.737452507019 16.721448898315 4.101001739502 181 181 181
11.743279457092 16.726650238037 4.140995025635 178 178 178
11.737452507019 16.721448898315 4.184001922607 183 183 183
11.737452507019 16.721448898315 4.225002288818 184 184 184
11.737452507019 16.721448898315 4.265995025635 181 181 181
11.749108314514 16.731853485107 4.307994842529 178 178 178
11.749108314514 16.731853485107 4.348995208740 158 158 158
11.749108314514 16.731853485107 4.392002105713 72 72 72
11.749108314514 16.731853485107 4.431995391846 71 71 71
11.749108314514 16.731853485107 4.475002288818 60 60 60
11.749108314514 16.731853485107 4.517002105713 45 45 45
11.749108314514 16.731853485107 4.557994842529 33 33 33
11.749108314514 16.731853485107 4.600002288818 21 21 21
11.716641426086 16.744762420654 4.648998260498 15 15 15
11.591744422913 16.591384887695 2.975997924805 78 78 78
11.591744422913 16.591384887695 3.016998291016 98 98 98
11.650849342346 16.560367584229 3.058998107910 112 112 112
11.656678199768 16.565570831299 3.098995208740 105 105 105
11.683316230774 16.547458648682 3.139995574951 105 105 105
11.683316230774 16.547458648682 3.179996490479 98 98 98
11.624211311340 16.578475952148 3.220996856689 131 131 131
11.618384361267 16.573274612427 3.260997772217 153 153 153
11.624211311340 16.578475952148 3.301998138428 102 102 102
11.683316230774 16.547458648682 3.340999603271 98 98 98
11.683316230774 16.547458648682 3.381999969482 111 111 111
11.656678199768 16.565570831299 3.422000885010 105 105 105
11.624211311340 16.578475952148 3.464000701904 114 114 114
11.618384361267 16.573274612427 3.505001068115 102 102 102
11.618384361267 16.573274612427 3.546001434326 100 100 100
11.597573280334 16.596588134766 3.588001251221 85 85 85
11.733267784119 16.550159454346 3.980998992920 187 187 187
11.733267784119 16.550159454346 4.021999359131 192 192 192
11.733267784119 16.550159454346 4.062000274658 192 192 192
11.765734672546 16.537250518799 4.101001739502 191 191 191
11.765734672546 16.537250518799 4.142002105713 189 189 189
11.733267784119 16.550159454346 4.184001922607 159 159 159
11.739096641541 16.555362701416 4.223995208740 19 19 19
11.771563529968 16.542453765869 4.261997222900 182 182 182
11.771563529968 16.542453765869 4.300998687744 181 181 181
11.771563529968 16.542453765869 4.342998504639 184 184 184
11.771563529968 16.542453765869 4.383998870850 185 185 185
11.771563529968 16.542453765869 4.424999237061 185 185 185
11.771563529968 16.542453765869 4.465999603271 178 178 178
11.614199638367 16.401985168457 3.281002044678 31 31 31
11.640837669373 16.383872985840 3.319995880127 82 82 82
11.640837669373 16.383872985840 3.359996795654 102 102 102
11.646666526794 16.389076232910 3.398998260498 97 97 97
11.640837669373 16.383872985840 3.438999176025 101 101 101
11.646666526794 16.389076232910 3.479000091553 75 75 75
11.744067192078 16.350353240967 3.866001129150 143 143 143
11.749894142151 16.355556488037 3.904994964600 192 192 192
11.749894142151 16.355556488037 3.943996429443 194 194 194
11.749894142151 16.355556488037 3.982997894287 190 190 190
11.749894142151 16.355556488037 4.021999359131 194 194 194
11.749894142151 16.355556488037 4.061000823975 191 191 191
11.776534080505 16.337444305420 4.100002288818 98 98 98
11.814827919006 16.329738616943 4.370998382568 158 158 158
11.814827919006 16.329738616943 4.411998748779 184 184 184
11.814827919006 16.329738616943 4.451000213623 187 187 187
11.814827919006 16.329738616943 4.491001129150 201 201 201
11.814827919006 16.329738616943 4.531002044678 213 213 213
11.814827919006 16.329738616943 4.570995330811 188 188 188
11.820654869080 16.334941864014 4.609996795654 127 127 127
11.772349357605 16.166152954102 3.906002044678 149 149 149
11.772349357605 16.166152954102 3.943996429443 191 191 191
11.772349357605 16.166152954102 3.981998443604 189 189 189
11.756651878357 17.157478332520 4.504001617432 114 114 114
11.756651878357 17.157478332520 4.465000152588 127 127 127
11.730013847351 17.175590515137 4.427997589111 134 134 134
11.730013847351 17.175590515137 4.387996673584 131 131 131
11.730013847351 17.175590515137 4.350002288818 129 129 129
11.730013847351 17.175590515137 4.310001373291 97 97 97
11.688395500183 17.222215652466 4.006999969482 80 80 80
11.667584419250 17.245529174805 3.971996307373 133 133 133
11.667584419250 17.245529174805 3.931995391846 123 123 123
11.667584419250 17.245529174805 3.893001556396 126 126 126
11.667584419250 17.245529174805 3.855998992920 126 126 126
11.667584419250 17.245529174805 3.814998626709 113 113 113
11.667584419250 17.245529174805 3.777996063232 115 115 115
11.854838371277 16.742456436157 4.659000396729 162 162 162
11.881478309631 16.724346160889 4.618999481201 170 170 170
11.881478309631 16.724346160889 4.580997467041 165 165 165
11.881478309631 16.724346160889 4.543994903564 167 167 167
11.875649452209 16.719142913818 4.505001068115 166 166 166
11.875649452209 16.719142913818 4.467998504639 169 169 169
11.875649452209 16.719142913818 4.430995941162 172 172 172
11.854838371277 16.742456436157 4.395000457764 169 169 169
11.875649452209 16.719142913818 4.355998992920 169 169 169
11.849011421204 16.737253189087 4.318996429443 174 174 174
11.875649452209 16.719142913818 4.282001495361 167 167 167
11.849011421204 16.737253189087 4.245998382568 175 175 175
11.849011421204 16.737253189087 4.208995819092 172 172 172
11.849011421204 16.737253189087 4.172000885010 173 173 173
11.849011421204 16.737253189087 4.136997222900 179 179 179
11.849011421204 16.737253189087 4.097995758057 177 177 177
11.849011421204 16.737253189087 4.062000274658 181 181 181
11.875649452209 16.719142913818 4.024997711182 180 180 180
11.875649452209 16.719142913818 3.987995147705 181 181 181
11.875649452209 16.719142913818 3.951999664307 181 181 181
11.869822502136 16.713939666748 3.914997100830 182 182 182
11.869822502136 16.713939666748 3.878002166748 184 184 184
11.869822502136 16.713939666748 3.842998504639 186 186 186
11.843182563782 16.732051849365 3.807994842529 186 186 186
11.869822502136 16.713939666748 3.770999908447 191 191 191
11.869822502136 16.713939666748 3.734996795654 193 193 193
11.869822502136 16.713939666748 3.698001861572 192 192 192
11.869822502136 16.713939666748 3.663997650146 194 194 194
11.869822502136 16.713939666748 3.628002166748 195 195 195
11.869822502136 16.713939666748 3.591999053955 195 195 195
11.869822502136 16.713939666748 3.556995391846 198 198 198
11.869822502136 16.713939666748 3.520000457764 197 197 197
11.863993644714 16.708736419678 3.484996795654 199 199 199
11.869822502136 16.713939666748 3.449001312256 200 200 200
11.863993644714 16.708736419678 3.413997650146 205 205 205
11.863993644714 16.708736419678 3.378002166748 202 202 202
11.863993644714 16.708736419678 3.342998504639 209 209 209
11.863993644714 16.708736419678 3.306995391846 216 216 216
11.863993644714 16.708736419678 3.271999359131 215 215 215
11.863993644714 16.708736419678 3.236995697021 217 217 217
11.863993644714 16.708736419678 3.201000213623 224 224 224
11.837355613708 16.726848602295 3.165996551514 228 228 228
11.837355613708 16.726848602295 3.131000518799 230 230 230
11.837355613708 16.726848602295 3.094997406006 236 236 236
11.837355613708 16.726848602295 3.059997558594 241 241 241
11.837355613708 16.726848602295 3.024997711182 1 1 1
11.863993644714 16.708736419678 2.988998413086 19 19 19
11.863993644714 16.708736419678 2.953998565674 20 20 20
11.858164787292 16.703535079956 2.918998718262 20 20 20
11.863993644714 16.708736419678 2.882999420166 12 12 12
11.863993644714 16.708736419678 2.847999572754 252 252 252
11.837355613708 16.726848602295 2.812999725342 241 241 241
11.837355613708 16.726848602295 2.776996612549 236 236 236
11.863993644714 16.708736419678 2.741996765137 229 229 229
11.858164787292 16.703535079956 2.706996917725 226 226 226
11.858164787292 16.703535079956 2.670997619629 224 224 224
11.858164787292 16.703535079956 2.635997772217 219 219 219
11.858164787292 16.703535079956 2.600997924805 221 221 221
11.858164787292 16.703535079956 2.564998626709 212 212 212
11.858164787292 16.703535079956 2.529998779297 209 209 209
11.858164787292 16.703535079956 2.494998931885 205 205 205
11.858164787292 16.703535079956 2.458999633789 201 201 201
11.858164787292 16.703535079956 2.423000335693 202 202 202
11.858164787292 16.703535079956 2.387996673584 203 203 203
11.858164787292 16.703535079956 2.351997375488 198 198 198
11.852335929871 16.698331832886 2.316997528076 188 188 188
11.852335929871 16.698331832886 2.280998229980 189 189 189
11.858164787292 16.703535079956 2.244998931885 192 192 192
11.831526756287 16.721645355225 2.208000183105 189 189 189
11.852335929871 16.698331832886 2.173999786377 186 186 186
11.831526756287 16.721645355225 2.135997772217 183 183 183
11.852335929871 16.698331832886 2.100997924805 183 183 183
11.852335929871 16.698331832886 2.064998626709 180 180 180
11.825697898865 16.716442108154 2.027999877930 181 181 181
11.852335929871 16.698331832886 1.993000030518 177 177 177
11.825697898865 16.716442108154 1.954998016357 176 176 176
11.825697898865 16.716442108154 1.587997436523 163 163 163
11.825697898865 16.716442108154 1.551998138428 171 171 171
11.825697898865 16.716442108154 1.512996673584 162 162 162
11.819869041443 16.711240768433 1.476997375488 164 164 164
11.846507072449 16.693130493164 1.439998626709 164 164 164
11.846507072449 16.693130493164 1.402999877930 156 156 156
11.846507072449 16.693130493164 1.363998413086 160 160 160
11.819869041443 16.711240768433 1.326000213623 153 153 153
11.846507072449 16.693130493164 1.288997650146 144 144 144
11.819869041443 16.711240768433 1.250000000000 151 151 151
11.819869041443 16.711240768433 1.210998535156 149 149 149
11.846507072449 16.693130493164 1.173999786377 166 166 166
11.810717582703 16.744956970215 1.910999298096 149 149 149
11.819010734558 16.501029968262 4.491001129150 39 39 39
11.792372703552 16.519138336182 4.460994720459 137 137 137
11.792372703552 16.519138336182 4.426998138428 132 132 132
11.813181877136 16.495826721191 4.384998321533 129 129 129
11.792372703552 16.519138336182 4.351001739502 144 144 144
11.792372703552 16.519138336182 4.316997528076 124 124 124
11.792372703552 16.519138336182 4.278995513916 140 140 140
11.771563529968 16.542453765869 4.247997283936 120 120 120
11.765734672546 16.537250518799 4.215999603271 34 34 34
11.771563529968 16.542453765869 4.176998138428 135 135 135
11.771563529968 16.542453765869 4.140995025635 123 123 123
11.765734672546 16.537250518799 4.106998443604 131 131 131
11.765734672546 16.537250518799 4.070995330811 126 126 126
11.765734672546 16.537250518799 4.035999298096 127 127 127
11.765734672546 16.537250518799 3.997997283936 121 121 121
11.605082511902 16.728958129883 3.594997406006 51 51 51
11.599253654480 16.723754882813 3.559001922607 90 90 90
11.614235877991 16.695240020752 3.520999908447 105 105 105
11.599253654480 16.723754882813 3.484996795654 97 97 97
11.599253654480 16.723754882813 3.448001861572 89 89 89
11.614235877991 16.695240020752 3.409000396729 133 133 133
11.635046958923 16.671926498413 3.371997833252 160 160 160
11.635046958923 16.671926498413 3.334995269775 103 103 103
11.655856132507 16.648612976074 3.297000885010 121 121 121
11.655856132507 16.648612976074 3.260997772217 166 166 166
11.635046958923 16.671926498413 3.227001190186 143 143 143
11.635046958923 16.671926498413 3.190998077393 164 164 164
11.614235877991 16.695240020752 3.156002044678 86 86 86
11.593424797058 16.718553543091 3.119998931885 83 83 83
11.614235877991 16.695240020752 3.083999633789 90 90 90
11.593424797058 16.718553543091 3.046997070313 87 87 87
11.593424797058 16.718553543091 3.010997772217 88 88 88
11.614235877991 16.695240020752 2.974998474121 83 83 83
11.635046958923 16.671926498413 2.938999176025 81 81 81
11.572615623474 16.741867065430 2.901996612549 179 179 179
11.833956718445 16.179258346558 4.514995574951 83 83 83
11.828127861023 16.174057006836 4.479000091553 97 97 97
11.786509513855 16.220682144165 4.047000885010 59 59 59
11.786509513855 16.220682144165 4.009998321533 130 130 130
11.786509513855 16.220682144165 3.973995208740 181 181 181
11.780680656433 16.215478897095 3.938999176025 177 177 177
11.786509513855 16.220682144165 3.907001495361 125 125 125
11.786509513855 16.220682144165 3.873996734619 171 171 171
11.786509513855 16.220682144165 3.838001251221 134 134 134
11.786509513855 16.220682144165 3.803997039795 37 37 37
11.661646842957 16.360561370850 3.479999542236 79 79 79
11.661646842957 16.360561370850 3.444995880127 81 81 81
11.655819892883 16.355358123779 3.409999847412 82 82 82
11.635008811951 16.378669738770 3.375995635986 83 83 83
11.655819892883 16.355358123779 3.340999603271 81 81 81
11.635008811951 16.378669738770 3.306995391846 69 69 69
11.837355613708 16.726848602295 4.663997650146 166 166 166
11.837355613708 16.726848602295 4.620998382568 171 171 171
11.831526756287 16.721645355225 4.577999114990 169 169 169
11.837355613708 16.726848602295 4.535999298096 171 171 171
11.831526756287 16.721645355225 4.492000579834 170 170 170
11.831526756287 16.721645355225 4.451000213623 170 170 170
11.831526756287 16.721645355225 4.408000946045 171 171 171
11.831526756287 16.721645355225 4.367000579834 171 171 171
11.825697898865 16.716442108154 4.323001861572 172 172 172
11.825697898865 16.716442108154 4.281002044678 170 170 170
11.831526756287 16.721645355225 4.239002227783 173 173 173
11.825697898865 16.716442108154 4.196994781494 174 174 174
11.825697898865 16.716442108154 4.154994964600 174 174 174
11.831526756287 16.721645355225 4.114002227783 176 176 176
11.825697898865 16.716442108154 4.071994781494 180 180 180
11.825697898865 16.716442108154 4.029994964600 183 183 183
11.825697898865 16.716442108154 3.989002227783 185 185 185
11.819869041443 16.711240768433 3.946994781494 183 183 183
11.825697898865 16.716442108154 3.906002044678 190 190 190
11.819869041443 16.711240768433 3.864002227783 186 186 186
11.825697898865 16.716442108154 3.823001861572 191 191 191
11.840680122375 16.687927246094 3.781002044678 191 191 191
11.819869041443 16.711240768433 3.740001678467 193 193 193
11.819869041443 16.711240768433 3.699001312256 193 193 193
11.819869041443 16.711240768433 3.658000946045 198 198 198
11.834851264954 16.682723999023 3.616001129150 198 198 198
11.819869041443 16.711240768433 3.575000762939 205 205 205
11.834851264954 16.682723999023 3.534000396729 204 204 204
11.834851264954 16.682723999023 3.493000030518 208 208 208
11.834851264954 16.682723999023 3.451999664307 215 215 215
11.819869041443 16.711240768433 3.410999298096 219 219 219
11.834851264954 16.682723999023 3.369998931885 227 227 227
11.834851264954 16.682723999023 3.328998565674 232 232 232
11.834851264954 16.682723999023 3.287998199463 235 235 235
11.834851264954 16.682723999023 3.246997833252 242 242 242
11.834851264954 16.682723999023 3.205997467041 251 251 251
11.816544532776 16.750160217285 3.164997100830 2 2 2
11.816544532776 16.750160217285 3.122997283936 29 29 29
11.816544532776 16.750160217285 3.081996917725 29 29 29
11.834851264954 16.682723999023 3.042999267578 23 23 23
11.834851264954 16.682723999023 3.000999450684 11 11 11
11.834851264954 16.682723999023 2.960998535156 254 254 254
11.834851264954 16.682723999023 2.919998168945 240 240 240
11.834851264954 16.682723999023 2.878997802734 236 236 236
11.834851264954 16.682723999023 2.837997436523 232 232 232
11.829024314880 16.677522659302 2.796997070313 230 230 230
11.834851264954 16.682723999023 2.755996704102 228 228 228
11.834851264954 16.682723999023 2.715000152588 222 222 222
11.829024314880 16.677522659302 2.673999786377 217 217 217
11.834851264954 16.682723999023 2.632999420166 219 219 219
11.829024314880 16.677522659302 2.591999053955 216 216 216
11.829024314880 16.677522659302 2.549999237061 211 211 211
11.829024314880 16.677522659302 2.508998870850 209 209 209
11.829024314880 16.677522659302 2.467998504639 204 204 204
11.829024314880 16.677522659302 2.426998138428 203 203 203
11.829024314880 16.677522659302 2.385997772217 203 203 203
11.829024314880 16.677522659302 2.343997955322 199 199 199
11.823195457458 16.672319412231 2.301998138428 194 194 194
11.829024314880 16.677522659302 2.260997772217 194 194 194
11.829024314880 16.677522659302 2.218997955322 191 191 191
11.829024314880 16.677522659302 2.175998687744 193 193 193
11.823195457458 16.672319412231 2.134998321533 189 189 189
11.823195457458 16.672319412231 2.094997406006 189 189 189
11.823195457458 16.672319412231 2.050998687744 189 189 189
11.823195457458 16.672319412231 2.009998321533 188 188 188
11.823195457458 16.672319412231 1.966999053955 184 184 184
11.823195457458 16.672319412231 1.925998687744 184 184 184
11.823195457458 16.672319412231 1.884998321533 182 182 182
11.817366600037 16.667118072510 1.542999267578 178 178 178
11.811537742615 16.661914825439 1.498996734619 175 175 175
11.811537742615 16.661914825439 1.455997467041 176 176 176
11.817366600037 16.667118072510 1.412998199463 176 176 176
11.817366600037 16.667118072510 1.370998382568 176 176 176
11.811537742615 16.661914825439 1.326000213623 178 178 178
11.811537742615 16.661914825439 1.280998229980 174 174 174
11.811537742615 16.661914825439 1.236000061035 177 177 177
11.832348823547 16.638603210449 1.195999145508 173 173 173
11.784007072449 16.176559448242 4.006000518799 31 31 31
11.784007072449 16.176559448242 3.966999053955 107 107 107
11.769022941589 16.205074310303 3.929996490479 69 69 69
11.774851799011 16.210277557373 3.892002105713 74 74 74
11.774851799011 16.210277557373 3.853000640869 60 60 60
11.774851799011 16.210277557373 3.812999725342 14 14 14
11.627573966980 16.832813262939 3.441997528076 55 55 55
11.670016288757 16.703140258789 3.395999908447 114 114 114
11.667511940002 16.659019470215 3.353000640869 144 144 144
11.649205207825 16.726455688477 3.312999725342 231 231 231
11.667511940002 16.659019470215 3.270000457764 152 152 152
11.645056724548 16.848419189453 3.229000091553 207 207 207
11.624247550964 16.871732711792 3.186000823975 202 202 202
11.645880699158 16.765377044678 2.933998107910 226 226 226
11.525130271912 16.490034103394 3.496997833252 13 13 13
11.555094718933 16.433002471924 3.454998016357 21 21 21
11.558419227600 16.394083023071 3.412998199463 44 44 44
11.490160942078 16.458820343018 3.478000640869 20 20 20
11.487658500671 16.414695739746 3.435001373291 35 35 35
11.508467674255 16.391384124756 3.394001007080 52 52 52
11.780680656433 16.215478897095 4.622997283936 94 94 94
11.786509513855 16.220682144165 4.585994720459 81 81 81
11.774851799011 16.210277557373 4.537998199463 100 100 100
11.778178215027 16.171356201172 4.493000030518 99 99 99
11.774851799011 16.210277557373 4.458995819092 88 88 88
11.777354240417 16.254400253296 4.428997039795 87 87 87
11.774029731750 16.293321609497 4.395999908447 83 83 83
11.764876365662 16.327037811279 4.361995697021 82 82 82
11.746569633484 16.394475936890 4.331996917725 83 83 83
11.731587409973 16.422992706299 4.296001434326 77 77 77
11.724936485291 16.500831604004 4.267002105713 78 78 78
11.736594200134 16.511238098145 4.230998992920 78 78 78
11.706629753113 16.568267822266 4.193996429443 98 98 98
11.706629753113 16.568267822266 4.152996063232 122 122 122
11.712458610535 16.573471069336 4.111995697021 109 109 109
11.727438926697 16.544956207275 4.068996429443 121 121 121
11.697476387024 16.601987838745 4.033000946045 68 68 68
11.736594200134 16.511238098145 3.982997894287 56 56 56
11.702483177185 16.690235137939 3.710994720459 17 17 17
11.702483177185 16.690235137939 3.668994903564 45 45 45
11.690825462341 16.679828643799 3.624996185303 95 95 95
11.690825462341 16.679828643799 3.583995819092 127 127 127
11.690825462341 16.679828643799 3.542995452881 140 140 140
11.690825462341 16.679828643799 3.501995086670 162 162 162
11.702483177185 16.690235137939 3.459995269775 168 168 168
11.690825462341 16.679828643799 3.418994903564 173 173 173
11.699978828430 16.646110534668 3.376995086670 214 214 214
11.702483177185 16.690235137939 3.335994720459 177 177 177
11.690825462341 16.679828643799 3.295001983643 189 189 189
11.702483177185 16.690235137939 3.254001617432 202 202 202
11.690825462341 16.679828643799 3.212001800537 181 181 181
11.702483177185 16.690235137939 3.171001434326 226 226 226
11.693327903748 16.723951339722 3.129001617432 254 254 254
11.708310127258 16.695436477661 3.087997436523 29 29 29
11.708310127258 16.695436477661 3.046997070313 29 29 29
11.708310127258 16.695436477661 3.004997253418 29 29 29
11.714137077332 16.700637817383 2.963996887207 5 5 5
11.702483177185 16.690235137939 2.923000335693 224 224 224
11.704985618591 16.734355926514 2.878997802734 30 30 30
11.695830345154 16.768074035645 2.835998535156 30 30 30
11.704985618591 16.734355926514 2.795997619629 30 30 30
11.714137077332 16.700637817383 2.755996704102 253 253 253
11.714137077332 16.700637817383 2.713996887207 245 245 245
11.702483177185 16.690235137939 2.673999786377 237 237 237
11.702483177185 16.690235137939 2.632999420166 233 233 233
11.723292350769 16.666919708252 2.591999053955 233 233 233
11.702483177185 16.690235137939 2.549999237061 226 226 226
11.723292350769 16.666919708252 2.508998870850 225 225 225
11.702483177185 16.690235137939 2.466999053955 220 220 220
11.702483177185 16.690235137939 2.423999786377 220 220 220
11.702483177185 16.690235137939 2.382999420166 210 210 210
11.702483177185 16.690235137939 2.340999603271 209 209 209
11.714137077332 16.700637817383 2.298000335693 214 214 214
11.714137077332 16.700637817383 2.255996704102 214 214 214
11.714137077332 16.700637817383 2.213996887207 213 213 213
11.714137077332 16.700637817383 2.171997070313 210 210 210
11.714137077332 16.700637817383 2.129997253418 208 208 208
11.729121208191 16.672122955322 2.090000152588 204 204 204
11.714137077332 16.700637817383 2.045997619629 202 202 202
11.714137077332 16.700637817383 2.000999450684 202 202 202
11.702483177185 16.690235137939 1.960998535156 200 200 200
11.702483177185 16.690235137939 1.918998718262 198 198 198
11.729121208191 16.672122955322 1.876998901367 197 197 197
11.723292350769 16.666919708252 1.535999298096 169 169 169
11.729121208191 16.672122955322 1.493999481201 170 170 170
11.723292350769 16.666919708252 1.451999664307 169 169 169
11.723292350769 16.666919708252 1.409000396729 169 169 169
11.723292350769 16.666919708252 1.364997863770 167 167 167
11.723292350769 16.666919708252 1.320999145508 170 170 170
11.723292350769 16.666919708252 1.277999877930 165 165 165
11.744101524353 16.643608093262 1.234996795654 166 166 166
11.723292350769 16.666919708252 1.188999176025 167 167 167
11.547621726990 16.593887329102 2.988998413086 169 169 169
11.595068931580 16.552463531494 3.023998260498 107 107 107
11.604224205017 16.518747329712 3.058998107910 105 105 105
11.630862236023 16.500637054443 3.093997955322 105 105 105
11.645842552185 16.472122192383 3.129001617432 107 107 107
11.651671409607 16.477323532104 3.162998199463 99 99 99
11.651671409607 16.477323532104 3.198001861572 92 92 92
11.630862236023 16.500637054443 3.234996795654 106 106 106
11.610053062439 16.523948669434 3.271999359131 154 154 154
11.604224205017 16.518747329712 3.305995941162 109 109 109
11.630862236023 16.500637054443 3.340000152588 95 95 95
11.657500267029 16.482524871826 3.374996185303 116 116 116
11.630862236023 16.500637054443 3.410999298096 110 110 110
11.595068931580 16.552463531494 3.450000762939 105 105 105
11.595068931580 16.552463531494 3.486995697021 96 96 96
11.595068931580 16.552463531494 3.521999359131 97 97 97
11.595068931580 16.552463531494 3.559001922607 96 96 96
11.719931602478 16.412586212158 3.887996673584 100 100 100
11.719931602478 16.412586212158 3.923000335693 130 130 130
11.740740776062 16.389272689819 3.956996917725 131 131 131
11.740740776062 16.389272689819 3.993000030518 135 135 135
11.740740776062 16.389272689819 4.025997161865 134 134 134
11.740740776062 16.389272689819 4.062000274658 130 130 130
11.740740776062 16.389272689819 4.095996856689 118 118 118
11.761549949646 16.365959167480 4.304996490479 37 37 37
11.782361030579 16.342647552490 4.335994720459 122 122 122
11.782361030579 16.342647552490 4.368999481201 138 138 138
11.788187980652 16.347850799561 4.409000396729 138 138 138
11.788187980652 16.347850799561 4.443996429443 158 158 158
11.782361030579 16.342647552490 4.477001190186 186 186 186
11.808999061584 16.324537277222 4.509998321533 185 185 185
11.782361030579 16.342647552490 4.547000885010 145 145 145
11.823981285095 16.296020507813 4.570995330811 65 65 65
11.730799674988 16.799289703369 1.194999694824 170 170 170
11.736628532410 16.804492950439 1.230998992920 169 169 169
11.736628532410 16.804492950439 1.269996643066 164 164 164
11.730799674988 16.799289703369 1.306999206543 177 177 177
11.757439613342 16.781179428101 1.354000091553 167 167 167
11.751610755920 16.775978088379 1.398998260498 180 180 180
11.772421836853 16.752664566040 1.441997528076 172 172 172
11.799059867859 16.734554290771 1.488998413086 113 113 113
11.799059867859 16.734554290771 1.529998779297 113 113 113
11.825697898865 16.716442108154 1.566997528076 118 118 118
11.799059867859 16.734554290771 1.932998657227 146 146 146
11.804888725281 16.739755630493 1.969997406006 160 160 160
11.804888725281 16.739755630493 2.005996704102 148 148 148
11.825697898865 16.716442108154 2.043998718262 144 144 144
11.825697898865 16.716442108154 2.081996917725 140 140 140
11.825697898865 16.716442108154 2.116996765137 144 144 144
11.825697898865 16.716442108154 2.151996612549 148 148 148
11.804888725281 16.739755630493 2.187999725342 145 145 145
11.825697898865 16.716442108154 2.225997924805 146 146 146
11.825697898865 16.716442108154 2.260997772217 145 145 145
11.825697898865 16.716442108154 2.296997070313 145 145 145
11.825697898865 16.716442108154 2.333000183105 150 150 150
11.825697898865 16.716442108154 2.368999481201 153 153 153
11.825697898865 16.716442108154 2.404998779297 154 154 154
11.825697898865 16.716442108154 2.439998626709 154 154 154
11.825697898865 16.716442108154 2.474998474121 155 155 155
11.825697898865 16.716442108154 2.511997222900 161 161 161
11.825697898865 16.716442108154 2.546997070313 166 166 166
11.825697898865 16.716442108154 2.581996917725 165 165 165
11.825697898865 16.716442108154 2.616996765137 167 167 167
11.825697898865 16.716442108154 2.652999877930 169 169 169
11.825697898865 16.716442108154 2.687999725342 174 174 174
11.825697898865 16.716442108154 2.722999572754 177 177 177
11.825697898865 16.716442108154 2.758998870850 180 180 180
11.831526756287 16.721645355225 2.793998718262 183 183 183
11.831526756287 16.721645355225 2.828998565674 188 188 188
11.831526756287 16.721645355225 2.864997863770 199 199 199
11.831526756287 16.721645355225 2.899997711182 217 217 217
11.825697898865 16.716442108154 2.934997558594 250 250 250
11.831526756287 16.721645355225 2.969997406006 214 214 214
11.831526756287 16.721645355225 3.005996704102 202 202 202
11.831526756287 16.721645355225 3.041000366211 198 198 198
11.831526756287 16.721645355225 3.076000213623 197 197 197
11.825697898865 16.716442108154 3.111995697021 193 193 193
11.831526756287 16.721645355225 3.146999359131 189 189 189
11.825697898865 16.716442108154 3.181995391846 193 193 193
11.831526756287 16.721645355225 3.217998504639 188 188 188
11.837355613708 16.726848602295 3.253002166748 189 189 189
11.831526756287 16.721645355225 3.287998199463 190 190 190
11.837355613708 16.726848602295 3.324001312256 192 192 192
11.837355613708 16.726848602295 3.358997344971 189 189 189
11.831526756287 16.721645355225 3.394001007080 188 188 188
11.831526756287 16.721645355225 3.428997039795 192 192 192
11.837355613708 16.726848602295 3.465000152588 191 191 191
11.837355613708 16.726848602295 3.500995635986 190 190 190
11.837355613708 16.726848602295 3.535999298096 187 187 187
11.837355613708 16.726848602295 3.573001861572 187 187 187
11.837355613708 16.726848602295 3.606998443604 187 187 187
11.837355613708 16.726848602295 3.643001556396 188 188 188
11.837355613708 16.726848602295 3.678997039795 186 186 186
11.837355613708 16.726848602295 3.715000152588 187 187 187
11.837355613708 16.726848602295 3.750995635986 184 184 184
11.837355613708 16.726848602295 3.786998748779 183 183 183
11.837355613708 16.726848602295 3.821994781494 183 183 183
11.837355613708 16.726848602295 3.857997894287 182 182 182
11.837355613708 16.726848602295 3.894001007080 181 181 181
11.837355613708 16.726848602295 3.930995941162 181 181 181
11.837355613708 16.726848602295 3.965999603271 181 181 181
11.837355613708 16.726848602295 4.004001617432 184 184 184
11.843182563782 16.732051849365 4.039997100830 182 182 182
11.837355613708 16.726848602295 4.076999664307 179 179 179
11.843182563782 16.732051849365 4.111995697021 180 180 180
11.837355613708 16.726848602295 4.150997161865 180 180 180
11.837355613708 16.726848602295 4.187000274658 179 179 179
11.843182563782 16.732051849365 4.222995758057 176 176 176
11.837355613708 16.726848602295 4.259998321533 176 176 176
11.837355613708 16.726848602295 4.297000885010 171 171 171
11.843182563782 16.732051849365 4.333995819092 175 175 175
11.849011421204 16.737253189087 4.372997283936 176 176 176
11.837355613708 16.726848602295 4.409000396729 173 173 173
11.837355613708 16.726848602295 4.444995880127 170 170 170
11.837355613708 16.726848602295 4.482997894287 175 175 175
11.837355613708 16.726848602295 4.520999908447 172 172 172
11.849011421204 16.737253189087 4.560001373291 172 172 172
11.849011421204 16.737253189087 4.595996856689 173 173 173
11.849011421204 16.737253189087 4.634998321533 167 167 167
11.695902824402 17.354585647583 4.353000640869 50 50 50
11.695902824402 17.354585647583 4.393001556396 141 141 141
11.695902824402 17.354585647583 4.434001922607 134 134 134
11.695902824402 17.354585647583 4.471996307373 137 137 137
11.716713905334 17.331272125244 4.505001068115 108 108 108
11.716713905334 17.331272125244 4.545001983643 93 93 93
11.739882469177 16.179061889648 3.789997100830 63 63 63
11.739882469177 16.179061889648 3.827999114990 164 164 164
11.739882469177 16.179061889648 3.866001129150 189 189 189
11.739882469177 16.179061889648 3.903995513916 191 191 191
11.739882469177 16.179061889648 3.942996978760 227 227 227
11.751540184021 16.189466476440 3.980998992920 191 191 191
11.751540184021 16.189466476440 4.019001007080 148 148 148
11.795660972595 16.186964035034 4.478000640869 173 173 173
11.795660972595 16.186964035034 4.518001556396 152 152 152
11.560099601746 16.521249771118 3.029998779297 68 68 68
11.592566490173 16.508342742920 3.070999145508 117 117 117
11.630862236023 16.500637054443 3.110996246338 109 109 109
11.630862236023 16.500637054443 3.151996612549 112 112 112
11.657500267029 16.482524871826 3.191997528076 109 109 109
11.630862236023 16.500637054443 3.231998443604 110 110 110
11.592566490173 16.508342742920 3.272998809814 116 116 116
11.592566490173 16.508342742920 3.312999725342 114 114 114
11.630862236023 16.500637054443 3.353000640869 99 99 99
11.630862236023 16.500637054443 3.393001556396 114 114 114
11.592566490173 16.508342742920 3.434001922607 103 103 103
11.592566490173 16.508342742920 3.475002288818 111 111 111
11.571757316589 16.531654357910 3.517002105713 110 110 110
11.592566490173 16.508342742920 3.556995391846 107 107 107
11.734089851379 16.467113494873 3.949001312256 184 184 184
11.707451820374 16.485225677490 3.990001678467 193 193 193
11.734089851379 16.467113494873 4.029994964600 194 194 194
11.707451820374 16.485225677490 4.070995330811 193 193 193
11.734089851379 16.467113494873 4.109996795654 191 191 191
11.734089851379 16.467113494873 4.149997711182 177 177 177
11.739918708801 16.472316741943 4.269001007080 134 134 134
11.766556739807 16.454206466675 4.307994842529 182 182 182
11.766556739807 16.454206466675 4.347995758057 181 181 181
11.766556739807 16.454206466675 4.388996124268 186 186 186
11.766556739807 16.454206466675 4.429996490479 186 186 186
11.766556739807 16.454206466675 4.469997406006 183 183 183
11.772385597229 16.459409713745 4.508998870850 153 153 153
11.814040184021 16.706039428711 1.173000335693 170 170 170
11.808213233948 16.700836181641 1.211997985840 165 165 165
11.814040184021 16.706039428711 1.256999969482 165 165 165
11.808213233948 16.700836181641 1.299999237061 170 170 170
11.814040184021 16.706039428711 1.343997955322 170 170 170
11.808213233948 16.700836181641 1.385997772217 170 170 170
11.808213233948 16.700836181641 1.427997589111 176 176 176
11.808213233948 16.700836181641 1.894996643066 192 192 192
11.814040184021 16.706039428711 1.937999725342 193 193 193
11.814040184021 16.706039428711 1.979000091553 192 192 192
11.814040184021 16.706039428711 2.020999908447 194 194 194
11.808213233948 16.700836181641 2.062000274658 197 197 197
11.814040184021 16.706039428711 2.104000091553 195 195 195
11.814040184021 16.706039428711 2.145999908447 196 196 196
11.814040184021 16.706039428711 2.187000274658 195 195 195
11.808213233948 16.700836181641 2.226997375488 196 196 196
11.814040184021 16.706039428711 2.269996643066 196 196 196
11.814040184021 16.706039428711 2.310997009277 199 199 199
11.814040184021 16.706039428711 2.351997375488 197 197 197
11.814040184021 16.706039428711 2.392997741699 201 201 201
11.814040184021 16.706039428711 2.432998657227 200 200 200
11.814040184021 16.706039428711 2.473999023438 198 198 198
11.814040184021 16.706039428711 2.514999389648 198 198 198
11.814040184021 16.706039428711 2.555999755859 198 198 198
11.814040184021 16.706039428711 2.595996856689 200 200 200
11.814040184021 16.706039428711 2.636997222900 199 199 199
11.814040184021 16.706039428711 2.677997589111 199 199 199
11.814040184021 16.706039428711 2.718997955322 198 198 198
11.814040184021 16.706039428711 2.758998870850 200 200 200
11.814040184021 16.706039428711 2.798999786377 195 195 195
11.814040184021 16.706039428711 2.840000152588 198 198 198
11.814040184021 16.706039428711 2.880996704102 196 196 196
11.814040184021 16.706039428711 2.920997619629 194 194 194
11.814040184021 16.706039428711 2.961997985840 189 189 189
11.814040184021 16.706039428711 3.001998901367 194 194 194
11.814040184021 16.706039428711 3.042999267578 197 197 197
11.814040184021 16.706039428711 3.083000183105 191 191 191
11.808213233948 16.700836181641 3.122997283936 191 191 191
11.814040184021 16.706039428711 3.163997650146 195 195 195
11.814040184021 16.706039428711 3.203998565674 217 217 217
11.814040184021 16.706039428711 3.244998931885 217 217 217
11.808213233948 16.700836181641 3.284999847412 180 180 180
11.814040184021 16.706039428711 3.326000213623 171 171 171
11.814040184021 16.706039428711 3.366001129150 165 165 165
11.808213233948 16.700836181641 3.407001495361 158 158 158
11.808213233948 16.700836181641 3.448001861572 153 153 153
11.808213233948 16.700836181641 3.487995147705 149 149 149
11.808213233948 16.700836181641 3.528995513916 145 145 145
11.808213233948 16.700836181641 3.568996429443 146 146 146
11.808213233948 16.700836181641 3.609996795654 141 141 141
11.808213233948 16.700836181641 3.650997161865 138 138 138
11.808213233948 16.700836181641 3.691997528076 138 138 138
11.781575202942 16.718944549561 3.733997344971 133 133 133
11.781575202942 16.718944549561 3.773998260498 142 142 142
11.781575202942 16.718944549561 3.815998077393 142 142 142
11.781575202942 16.718944549561 3.856998443604 146 146 146
11.781575202942 16.718944549561 3.897998809814 144 144 144
11.781575202942 16.718944549561 3.939998626709 151 151 151
11.754935264587 16.737056732178 3.983997344971 151 151 151
11.781575202942 16.718944549561 4.022998809814 149 149 149
11.754935264587 16.737056732178 4.066997528076 151 151 151
11.754935264587 16.737056732178 4.106998443604 153 153 153
11.754935264587 16.737056732178 4.149997711182 155 155 155
11.749108314514 16.731853485107 4.192996978760 150 150 150
11.754935264587 16.737056732178 4.232997894287 153 153 153
11.754935264587 16.737056732178 4.275997161865 153 153 153
11.754935264587 16.737056732178 4.317996978760 153 153 153
11.749108314514 16.731853485107 4.360996246338 153 153 153
11.754935264587 16.737056732178 4.401996612549 154 154 154
11.749108314514 16.731853485107 4.444995880127 156 156 156
11.749108314514 16.731853485107 4.487995147705 154 154 154
11.749108314514 16.731853485107 4.528995513916 152 152 152
11.749108314514 16.731853485107 4.573001861572 155 155 155
11.749108314514 16.731853485107 4.615001678467 154 154 154
11.754935264587 16.737056732178 4.654994964600 146 146 146
11.737452507019 16.721448898315 1.838996887207 163 163 163
11.513545036316 17.066139221191 3.352001190186 67 67 67
11.486907005310 17.084251403809 3.395999908447 77 77 77
11.498564720154 17.094654083252 3.438999176025 65 65 65
11.655070304871 17.024913787842 3.907001495361 168 168 168
11.660897254944 17.030115127563 3.949001312256 181 181 181
11.655070304871 17.024913787842 3.993000030518 183 183 183
11.660897254944 17.030115127563 4.035999298096 183 183 183
11.660897254944 17.030115127563 4.078998565674 184 184 184
11.660897254944 17.030115127563 4.121997833252 173 173 173
11.660897254944 17.030115127563 4.209995269775 37 37 37
11.687537193298 17.012004852295 4.250995635986 203 203 203
11.693364143372 17.017208099365 4.293994903564 206 206 206
11.693364143372 17.017208099365 4.338001251221 203 203 203
11.693364143372 17.017208099365 4.380001068115 204 204 204
11.699193000793 17.022409439087 4.423000335693 199 199 199
11.605154991150 17.315467834473 3.818996429443 107 107 107
11.610981941223 17.320671081543 3.864002227783 174 174 174
11.605154991150 17.315467834473 3.909000396729 178 178 178
11.616810798645 17.325874328613 3.951999664307 112 112 112
11.687571525574 17.305259704590 4.346996307373 110 110 110
11.687571525574 17.305259704590 4.392002105713 207 207 207
11.687571525574 17.305259704590 4.437000274658 209 209 209
11.687571525574 17.305259704590 4.480998992920 207 207 207
11.714209556580 17.287149429321 4.524997711182 202 202 202
11.714209556580 17.287149429321 4.569995880127 191 191 191
11.763195991516 16.199871063232 3.831996917725 143 143 143
11.748213768005 16.228387832642 3.870998382568 207 207 207
11.748213768005 16.228387832642 3.909999847412 198 198 198
11.748213768005 16.228387832642 3.949001312256 193 193 193
11.774851799011 16.210277557373 3.986995697021 195 195 195
11.774851799011 16.210277557373 4.025997161865 191 191 191
11.774851799011 16.210277557373 4.064998626709 133 133 133
11.786509513855 16.220682144165 4.412998199463 75 75 75
11.818976402283 16.207775115967 4.450000762939 188 188 188
11.818976402283 16.207775115967 4.490001678467 184 184 184
11.824803352356 16.212978363037 4.526996612549 188 188 188
11.818976402283 16.207775115967 4.567996978760 188 188 188
11.818976402283 16.207775115967 4.609996795654 186 186 186
11.818976402283 16.207775115967 4.647998809814 125 125 125
11.592566490173 16.508342742920 2.991996765137 39 39 39
11.592566490173 16.508342742920 3.031997680664 88 88 88
11.625033378601 16.495433807373 3.072998046875 104 104 104
11.657500267029 16.482524871826 3.114002227783 107 107 107
11.663329124451 16.487728118896 3.153995513916 107 107 107
11.657500267029 16.482524871826 3.193996429443 108 108 108
11.630862236023 16.500637054443 3.234996795654 130 130 130
11.604224205017 16.518747329712 3.275997161865 111 111 111
11.625033378601 16.495433807373 3.315998077393 106 106 106
11.657500267029 16.482524871826 3.355998992920 103 103 103
11.657500267029 16.482524871826 3.395999908447 109 109 109
11.657500267029 16.482524871826 3.436000823975 112 112 112
11.604224205017 16.518747329712 3.478000640869 105 105 105
11.598395347595 16.513544082642 3.520000457764 104 104 104
11.604224205017 16.518747329712 3.560001373291 106 106 106
11.598395347595 16.513544082642 3.602001190186 63 63 63
11.719107627869 16.495630264282 3.954998016357 79 79 79
11.745745658875 16.477519989014 3.994998931885 191 191 191
11.745745658875 16.477519989014 4.034999847412 193 193 193
11.745745658875 16.477519989014 4.075000762939 190 190 190
11.751574516296 16.482723236084 4.114002227783 191 191 191
11.751574516296 16.482723236084 4.154994964600 189 189 189
11.745745658875 16.477519989014 4.196994781494 128 128 128
11.778212547302 16.464611053467 4.233997344971 44 44 44
11.778212547302 16.464611053467 4.273998260498 183 183 183
11.778212547302 16.464611053467 4.314998626709 183 183 183
11.778212547302 16.464611053467 4.355998992920 190 190 190
11.778212547302 16.464611053467 4.396999359131 189 189 189
11.778212547302 16.464611053467 4.437999725342 186 186 186
11.778212547302 16.464611053467 4.477001190186 170 170 170
11.826519966125 16.633399963379 1.181999206543 176 176 176
11.826519966125 16.633399963379 1.222999572754 174 174 174
11.832348823547 16.638603210449 1.267997741699 171 171 171
11.832348823547 16.638603210449 1.310997009277 173 173 173
11.832348823547 16.638603210449 1.354000091553 181 181 181
11.832348823547 16.638603210449 1.398998260498 178 178 178
11.832348823547 16.638603210449 1.441997528076 180 180 180
11.773243904114 16.669620513916 1.473999023438 163 163 163
11.817366600037 16.667118072510 1.907997131348 183 183 183
11.817366600037 16.667118072510 1.948997497559 183 183 183
11.811537742615 16.661914825439 1.988998413086 183 183 183
11.823195457458 16.672319412231 2.031997680664 185 185 185
11.823195457458 16.672319412231 2.073997497559 187 187 187
11.823195457458 16.672319412231 2.112998962402 185 185 185
11.823195457458 16.672319412231 2.155998229980 182 182 182
11.823195457458 16.672319412231 2.196998596191 185 185 185
11.817366600037 16.667118072510 2.236999511719 186 186 186
11.823195457458 16.672319412231 2.278999328613 182 182 182
11.823195457458 16.672319412231 2.319999694824 182 182 182
11.823195457458 16.672319412231 2.361000061035 187 187 187
11.829024314880 16.677522659302 2.401996612549 186 186 186
11.829024314880 16.677522659302 2.442996978760 187 187 187
11.829024314880 16.677522659302 2.483997344971 187 187 187
11.829024314880 16.677522659302 2.523998260498 188 188 188
11.829024314880 16.677522659302 2.565998077393 188 188 188
11.829024314880 16.677522659302 2.605998992920 189 189 189
11.829024314880 16.677522659302 2.646999359131 191 191 191
11.829024314880 16.677522659302 2.687000274658 192 192 192
11.829024314880 16.677522659302 2.727996826172 194 194 194
11.829024314880 16.677522659302 2.768997192383 196 196 196
11.834851264954 16.682723999023 2.808998107910 194 194 194
11.834851264954 16.682723999023 2.849998474121 197 197 197
11.855662345886 16.659412384033 2.890998840332 198 198 198
11.834851264954 16.682723999023 2.930999755859 200 200 200
11.834851264954 16.682723999023 2.970996856689 204 204 204
11.834851264954 16.682723999023 3.011997222900 207 207 207
11.834851264954 16.682723999023 3.051998138428 211 211 211
11.834851264954 16.682723999023 3.092998504639 212 212 212
11.834851264954 16.682723999023 3.132999420166 219 219 219
11.840680122375 16.687927246094 3.173000335693 231 231 231
11.840680122375 16.687927246094 3.214000701904 17 17 17
11.840680122375 16.687927246094 3.254001617432 233 233 233
11.840680122375 16.687927246094 3.293994903564 213 213 213
11.840680122375 16.687927246094 3.334995269775 203 203 203
11.840680122375 16.687927246094 3.374996185303 199 199 199
11.840680122375 16.687927246094 3.415996551514 194 194 194
11.840680122375 16.687927246094 3.455997467041 191 191 191
11.840680122375 16.687927246094 3.496997833252 188 188 188
11.840680122375 16.687927246094 3.536998748779 183 183 183
11.867318153381 16.669816970825 3.576999664307 183 183 183
11.840680122375 16.687927246094 3.618000030518 179 179 179
11.840680122375 16.687927246094 3.659000396729 181 181 181
11.840680122375 16.687927246094 3.700000762939 177 177 177
11.840680122375 16.687927246094 3.740001678467 173 173 173
11.840680122375 16.687927246094 3.779994964600 174 174 174
11.840680122375 16.687927246094 3.821994781494 172 172 172
11.840680122375 16.687927246094 3.861995697021 167 167 167
11.834851264954 16.682723999023 3.903995513916 167 167 167
11.834851264954 16.682723999023 3.944995880127 168 168 168
11.846507072449 16.693130493164 3.984996795654 163 163 163
11.846507072449 16.693130493164 4.024997711182 162 162 162
11.846507072449 16.693130493164 4.066997528076 157 157 157
11.846507072449 16.693130493164 4.107997894287 153 153 153
11.846507072449 16.693130493164 4.148998260498 154 154 154
11.846507072449 16.693130493164 4.190998077393 155 155 155
11.846507072449 16.693130493164 4.230998992920 152 152 152
11.846507072449 16.693130493164 4.273998260498 152 152 152
11.852335929871 16.698331832886 4.314998626709 151 151 151
11.825697898865 16.716442108154 4.356998443604 150 150 150
11.825697898865 16.716442108154 4.398998260498 151 151 151
11.852335929871 16.698331832886 4.438999176025 151 151 151
11.825697898865 16.716442108154 4.481998443604 149 149 149
11.825697898865 16.716442108154 4.523998260498 147 147 147
11.852335929871 16.698331832886 4.564998626709 154 154 154
11.852335929871 16.698331832886 4.607997894287 147 147 147
11.825697898865 16.716442108154 4.651996612549 147 147 147
11.852335929871 16.698331832886 4.691997528076 24 24 24
11.835709571838 16.892936706543 1.192996978760 192 192 192
11.759119987488 16.908348083496 1.209999084473 186 186 186
11.501889228821 17.055734634399 3.368000030518 85 85 85
11.501889228821 17.055734634399 3.411998748779 90 90 90
11.501889228821 17.055734634399 3.454998016357 78 78 78
11.534356117249 17.042827606201 3.497997283936 40 40 40
11.670050621033 16.996395111084 3.921001434326 165 165 165
11.670050621033 16.996395111084 3.964000701904 180 180 180
11.675879478455 17.001598358154 4.006999969482 182 182 182
11.675879478455 17.001598358154 4.049999237061 182 182 182
11.675879478455 17.001598358154 4.091999053955 184 184 184
11.675879478455 17.001598358154 4.135997772217 170 170 170
11.702517509460 16.983489990234 4.264995574951 202 202 202
11.708346366882 16.988691329956 4.307994842529 210 210 210
11.708346366882 16.988691329956 4.351001739502 205 205 205
11.708346366882 16.988691329956 4.393001556396 211 211 211
11.708346366882 16.988691329956 4.437000274658 202 202 202
11.708346366882 16.988691329956 4.482997894287 28 28 28
11.635117530823 17.258436203003 3.788997650146 95 95 95
11.635117530823 17.258436203003 3.832996368408 174 174 174
11.640946388245 17.263639450073 3.878002166748 184 184 184
11.608479499817 17.276546478271 3.923000335693 183 183 183
11.640946388245 17.263639450073 3.965999603271 155 155 155
11.717535972595 17.248228073120 4.358997344971 162 162 162
11.711707115173 17.243026733398 4.404994964600 205 205 205
11.717535972595 17.248228073120 4.448001861572 209 209 209
11.723364830017 17.253429412842 4.492000579834 210 210 210
11.723364830017 17.253429412842 4.534999847412 209 209 209
11.723364830017 17.253429412842 4.581996917725 180 180 180
11.429375648499 16.362670898438 3.456996917725 17 17 17
11.794016838074 16.353052139282 4.541996002197 139 139 139
11.779036521912 16.381568908691 4.509998321533 177 177 177
11.779036521912 16.381568908691 4.475002288818 135 135 135
11.779036521912 16.381568908691 4.437999725342 151 151 151
11.773207664490 16.376365661621 4.402996063232 136 136 136
11.779036521912 16.381568908691 4.367000579834 128 128 128
11.773207664490 16.376365661621 4.331996917725 136 136 136
11.758225440979 16.404880523682 4.300998687744 49 49 49
11.731587409973 16.422992706299 4.163997650146 97 97 97
11.731587409973 16.422992706299 4.126995086670 123 123 123
11.737414360046 16.428194046021 4.092998504639 129 129 129
11.743243217468 16.433395385742 4.056995391846 127 127 127
11.737414360046 16.428194046021 4.021999359131 125 125 125
11.737414360046 16.428194046021 3.985996246338 127 127 127
11.731587409973 16.422992706299 3.949001312256 95 95 95
11.591744422913 16.591384887695 3.583995819092 89 89 89
11.597573280334 16.596588134766 3.548999786377 85 85 85
11.591744422913 16.591384887695 3.510997772217 89 89 89
11.639193534851 16.549961090088 3.470996856689 95 95 95
11.633364677429 16.544759750366 3.432994842529 92 92 92
11.633364677429 16.544759750366 3.396999359131 93 93 93
11.633364677429 16.544759750366 3.361995697021 91 91 91
11.612555503845 16.568073272705 3.327999114990 104 104 104
11.597573280334 16.596588134766 3.293994903564 151 151 151
11.618384361267 16.573274612427 3.257999420166 182 182 182
11.618384361267 16.573274612427 3.221996307373 120 120 120
11.618384361267 16.573274612427 3.186000823975 95 95 95
11.627535820007 16.539558410645 3.148998260498 87 87 87
11.627535820007 16.539558410645 3.114002227783 87 87 87
11.591744422913 16.591384887695 3.078998565674 89 89 89
11.597573280334 16.596588134766 3.042999267578 84 84 84
11.597573280334 16.596588134766 3.006999969482 82 82 82
11.591744422913 16.591384887695 2.970996856689 85 85 85
11.555953025818 16.643215179443 2.934997558594 133 133 133
11.858164787292 16.703535079956 4.689998626709 57 57 57
11.831526756287 16.721645355225 4.653995513916 166 166 166
11.831526756287 16.721645355225 4.616001129150 173 173 173
11.858164787292 16.703535079956 4.575000762939 167 167 167
11.858164787292 16.703535079956 4.538997650146 172 172 172
11.831526756287 16.721645355225 4.501995086670 172 172 172
11.831526756287 16.721645355225 4.465000152588 170 170 170
11.858164787292 16.703535079956 4.425998687744 170 170 170
11.831526756287 16.721645355225 4.389995574951 169 169 169
11.858164787292 16.703535079956 4.352001190186 170 170 170
11.858164787292 16.703535079956 4.314998626709 171 171 171
11.858164787292 16.703535079956 4.276996612549 170 170 170
11.831526756287 16.721645355225 4.242000579834 173 173 173
11.858164787292 16.703535079956 4.202999114990 169 169 169
11.858164787292 16.703535079956 4.166996002197 172 172 172
11.858164787292 16.703535079956 4.130001068115 171 171 171
11.831526756287 16.721645355225 4.094997406006 172 172 172
11.831526756287 16.721645355225 4.059001922607 171 171 171
11.858164787292 16.703535079956 4.020000457764 174 174 174
11.831526756287 16.721645355225 3.984996795654 173 173 173
11.831526756287 16.721645355225 3.949001312256 173 173 173
11.831526756287 16.721645355225 3.912998199463 175 175 175
11.858164787292 16.703535079956 3.874996185303 169 169 169
11.858164787292 16.703535079956 3.839000701904 171 171 171
11.831526756287 16.721645355225 3.804996490479 169 169 169
11.831526756287 16.721645355225 3.769001007080 167 167 167
11.831526756287 16.721645355225 3.731998443604 169 169 169
11.858164787292 16.703535079956 3.695995330811 169 169 169
11.858164787292 16.703535079956 3.659999847412 168 168 168
11.831526756287 16.721645355225 3.624996185303 168 168 168
11.858164787292 16.703535079956 3.589000701904 166 166 166
11.831526756287 16.721645355225 3.553997039795 163 163 163
11.831526756287 16.721645355225 3.518001556396 163 163 163
11.831526756287 16.721645355225 3.481998443604 166 166 166
11.831526756287 16.721645355225 3.445995330811 157 157 157
11.837355613708 16.726848602295 3.410999298096 161 161 161
11.831526756287 16.721645355225 3.375995635986 154 154 154
11.831526756287 16.721645355225 3.340000152588 157 157 157
11.831526756287 16.721645355225 3.303997039795 157 157 157
11.831526756287 16.721645355225 3.269001007080 154 154 154
11.831526756287 16.721645355225 3.232997894287 150 150 150
11.831526756287 16.721645355225 3.198001861572 148 148 148
11.858164787292 16.703535079956 3.161998748779 147 147 147
11.837355613708 16.726848602295 3.126995086670 143 143 143
11.837355613708 16.726848602295 3.091999053955 143 143 143
11.831526756287 16.721645355225 3.055999755859 139 139 139
11.831526756287 16.721645355225 3.020999908447 133 133 133
11.831526756287 16.721645355225 2.984996795654 141 141 141
11.831526756287 16.721645355225 2.949996948242 163 163 163
11.795733451843 16.773475646973 2.912998199463 239 239 239
11.816544532776 16.750160217285 2.877998352051 225 225 225
11.795733451843 16.773475646973 2.840999603271 242 242 242
11.837355613708 16.726848602295 2.807998657227 121 121 121
11.831526756287 16.721645355225 2.772998809814 113 113 113
11.837355613708 16.726848602295 2.736999511719 112 112 112
11.837355613708 16.726848602295 2.701000213623 107 107 107
11.831526756287 16.721645355225 2.666000366211 100 100 100
11.837355613708 16.726848602295 2.629997253418 104 104 104
11.837355613708 16.726848602295 2.593997955322 92 92 92
11.774924278259 16.796787261963 2.551998138428 235 235 235
11.837355613708 16.726848602295 2.521999359131 89 89 89
11.754115104675 16.820100784302 2.477996826172 239 239 239
11.837355613708 16.726848602295 2.451000213623 84 84 84
11.754115104675 16.820100784302 2.403999328613 235 235 235
11.754115104675 16.820100784302 2.366996765137 236 236 236
11.754115104675 16.820100784302 2.330997467041 229 229 229
11.635081291199 16.965181350708 2.046997070313 186 186 186
11.697512626648 16.895242691040 1.248996734619 190 190 190
11.691683769226 16.890041351318 1.212997436523 186 186 186
11.733304023743 16.843414306641 1.187999725342 176 176 176
11.708382606506 17.281948089600 4.603000640869 56 56 56
11.735020637512 17.263835906982 4.560001373291 122 122 122
11.714209556580 17.287149429321 4.524997711182 134 134 134
11.708382606506 17.281948089600 4.482997894287 123 123 123
11.714209556580 17.287149429321 4.445995330811 130 130 130
11.714209556580 17.287149429321 4.404994964600 119 119 119
11.583413124084 16.542060852051 3.566997528076 66 66 66
11.590064048767 16.464218139648 3.522998809814 89 89 89
11.605046272278 16.435703277588 3.479999542236 104 104 104
11.608370780945 16.396781921387 3.437999725342 116 116 116
11.614199638367 16.401985168457 3.397998809814 125 125 125
11.608370780945 16.396781921387 3.356998443604 105 105 105
11.590064048767 16.464218139648 3.317996978760 99 99 99
11.571757316589 16.531654357910 3.276996612549 183 183 183
11.608370780945 16.396781921387 3.235996246338 112 112 112
11.568430900574 16.570575714111 3.069999694824 148 148 148
11.537646293640 16.710651397705 3.023998260498 244 244 244
11.537646293640 16.710651397705 2.981998443604 240 240 240
11.510184288025 16.811805725098 2.935997009277 247 247 247
11.781575202942 16.718944549561 4.676998138428 159 159 159
11.781575202942 16.718944549561 4.635997772217 162 162 162
11.781575202942 16.718944549561 4.590999603271 166 166 166
11.781575202942 16.718944549561 4.548000335693 164 164 164
11.796557426453 16.690429687500 4.504001617432 167 167 167
11.796557426453 16.690429687500 4.462001800537 163 163 163
11.781575202942 16.718944549561 4.421001434326 162 162 162
11.781575202942 16.718944549561 4.378002166748 165 165 165
11.781575202942 16.718944549561 4.335994720459 164 164 164
11.769919395447 16.708541870117 4.293994903564 170 170 170
11.790728569031 16.685228347778 4.248996734619 169 169 169
11.796557426453 16.690429687500 4.208995819092 171 171 171
11.790728569031 16.685228347778 4.165996551514 172 172 172
11.796557426453 16.690429687500 4.123996734619 175 175 175
11.790728569031 16.685228347778 4.081996917725 179 179 179
11.790728569031 16.685228347778 4.039997100830 182 182 182
11.790728569031 16.685228347778 3.998996734619 183 183 183
11.790728569031 16.685228347778 3.956996917725 182 182 182
11.790728569031 16.685228347778 3.915996551514 182 182 182
11.790728569031 16.685228347778 3.873996734619 184 184 184
11.790728569031 16.685228347778 3.831996917725 190 190 190
11.790728569031 16.685228347778 3.790996551514 190 190 190
11.790728569031 16.685228347778 3.749996185303 191 191 191
11.784899711609 16.680025100708 3.707996368408 191 191 191
11.784899711609 16.680025100708 3.666996002197 197 197 197
11.790728569031 16.685228347778 3.625995635986 199 199 199
11.784899711609 16.680025100708 3.584995269775 203 203 203
11.790728569031 16.685228347778 3.543994903564 205 205 205
11.784899711609 16.680025100708 3.501995086670 209 209 209
11.784899711609 16.680025100708 3.460994720459 210 210 210
11.784899711609 16.680025100708 3.420001983643 217 217 217
11.790728569031 16.685228347778 3.379001617432 228 228 228
11.799881935120 16.651508331299 3.338001251221 232 232 232
11.790728569031 16.685228347778 3.297000885010 234 234 234
11.784899711609 16.680025100708 3.256000518799 242 242 242
11.784899711609 16.680025100708 3.215000152588 249 249 249
11.760764122009 16.742259979248 3.173000335693 10 10 10
11.766592979431 16.747463226318 3.131999969482 29 29 29
11.766592979431 16.747463226318 3.090999603271 29 29 29
11.784899711609 16.680025100708 3.050998687744 29 29 29
11.799881935120 16.651508331299 3.009998321533 10 10 10
11.784899711609 16.680025100708 2.968997955322 250 250 250
11.784899711609 16.680025100708 2.927997589111 241 241 241
11.799881935120 16.651508331299 2.886997222900 236 236 236
11.799881935120 16.651508331299 2.845996856689 233 233 233
11.799881935120 16.651508331299 2.805000305176 232 232 232
11.799881935120 16.651508331299 2.763999938965 228 228 228
11.799881935120 16.651508331299 2.722999572754 226 226 226
11.799881935120 16.651508331299 2.681999206543 222 222 222
11.799881935120 16.651508331299 2.640998840332 215 215 215
11.799881935120 16.651508331299 2.598999023438 212 212 212
11.799881935120 16.651508331299 2.558998107910 207 207 207
11.799881935120 16.651508331299 2.516998291016 206 206 206
11.799881935120 16.651508331299 2.474998474121 205 205 205
11.799881935120 16.651508331299 2.434997558594 200 200 200
11.799881935120 16.651508331299 2.392997741699 195 195 195
11.799881935120 16.651508331299 2.350997924805 193 193 193
11.799881935120 16.651508331299 2.309997558594 189 189 189
11.799881935120 16.651508331299 2.267997741699 190 190 190
11.799881935120 16.651508331299 2.225997924805 185 185 185
11.799881935120 16.651508331299 2.184997558594 185 185 185
11.799881935120 16.651508331299 2.142997741699 182 182 182
11.799881935120 16.651508331299 2.100997924805 184 184 184
11.788226127625 16.641105651855 2.059997558594 184 184 184
11.788226127625 16.641105651855 2.017997741699 176 176 176
11.788226127625 16.641105651855 1.975997924805 180 180 180
11.788226127625 16.641105651855 1.933998107910 175 175 175
11.799881935120 16.651508331299 1.889999389648 172 172 172
11.788226127625 16.641105651855 1.549999237061 163 163 163
11.799881935120 16.651508331299 1.505996704102 161 161 161
11.788226127625 16.641105651855 1.462997436523 165 165 165
11.788226127625 16.641105651855 1.419998168945 166 166 166
11.788226127625 16.641105651855 1.376998901367 164 164 164
11.788226127625 16.641105651855 1.331996917725 164 164 164
11.799881935120 16.651508331299 1.285999298096 155 155 155
11.788226127625 16.641105651855 1.246997833252 159 159 159
11.788226127625 16.641105651855 1.201999664307 155 155 155
11.784899711609 16.680025100708 1.585998535156 148 148 148
