17.425399780273 12.653171539307 66.329010009766 136 136 136
17.402393341064 12.594537734985 66.275009155273 137 137 137
17.425399780273 12.653171539307 66.255996704102 123 123 123
17.454662322998 12.690614700317 66.231002807617 119 119 119
17.439727783203 12.663164138794 66.188003540039 108 108 108
17.425399780273 12.653171539307 66.151000976563 129 129 129
17.432262420654 12.649438858032 66.110000610352 155 155 155
17.440334320068 12.680622100830 66.082000732422 115 115 115
17.478273391724 12.766708374023 66.068008422852 77 77 77
17.448406219482 12.711807250977 66.020004272461 98 98 98
17.462734222412 12.721797943115 65.986999511719 115 115 115
17.402996063232 12.611995697021 65.926010131836 172 172 172
17.448406219482 12.711807250977 65.913009643555 128 128 128
17.470201492310 12.735523223877 65.882003784180 131 131 131
17.470201492310 12.735523223877 65.845001220703 143 143 143
17.470201492310 12.735523223877 65.809997558594 147 147 147
17.470201492310 12.735523223877 65.774002075195 161 161 161
17.470201492310 12.735523223877 65.742004394531 141 141 141
17.463338851929 12.739257812500 65.705001831055 146 146 146
17.462734222412 12.721797943115 65.667007446289 175 175 175
17.462734222412 12.721797943115 65.632003784180 186 186 186
17.448406219482 12.711807250977 65.595001220703 190 190 190
17.470201492310 12.735523223877 65.563003540039 188 188 188
17.470201492310 12.735523223877 65.527999877930 171 171 171
17.470201492310 12.735523223877 65.494003295898 151 151 151
17.470201492310 12.735523223877 65.458999633789 145 145 145
17.470201492310 12.735523223877 65.423995971680 148 148 148
17.456476211548 12.742990493774 65.389999389648 148 148 148
17.463338851929 12.739257812500 65.354995727539 149 149 149
17.463338851929 12.739257812500 65.320999145508 152 152 152
17.456476211548 12.742990493774 65.287002563477 157 157 157
17.463338851929 12.739257812500 65.251007080078 152 152 152
17.478273391724 12.766708374023 65.218002319336 157 157 157
17.456476211548 12.742990493774 65.182998657227 159 159 159
17.456476211548 12.742990493774 65.148010253906 156 156 156
17.456476211548 12.742990493774 65.113006591797 165 165 165
17.478273391724 12.766708374023 65.079010009766 165 165 165
17.456476211548 12.742990493774 65.044006347656 158 158 158
17.456476211548 12.742990493774 65.010009765625 159 159 159
17.456476211548 12.742990493774 64.975006103516 161 161 161
17.456476211548 12.742990493774 64.941009521484 159 159 159
17.478273391724 12.766708374023 64.906997680664 161 161 161
17.456476211548 12.742990493774 64.872009277344 161 161 161
17.456476211548 12.742990493774 64.837997436523 161 161 161
17.456476211548 12.742990493774 64.803009033203 155 155 155
17.456476211548 12.742990493774 64.768997192383 157 157 157
17.471410751343 12.770441055298 64.735000610352 161 161 161
17.456476211548 12.742990493774 64.699996948242 160 160 160
17.456476211548 12.742990493774 64.666000366211 159 159 159
17.456476211548 12.742990493774 64.632003784180 161 161 161
17.471410751343 12.770441055298 64.597000122070 156 156 156
17.471410751343 12.770441055298 64.561996459961 157 157 157
17.456476211548 12.742990493774 64.527999877930 158 158 158
17.456476211548 12.742990493774 64.494003295898 155 155 155
17.471410751343 12.770441055298 64.458999633789 160 160 160
17.471410751343 12.770441055298 64.425003051758 162 162 162
17.471410751343 12.770441055298 64.389999389648 154 154 154
17.456476211548 12.742990493774 64.356002807617 150 150 150
17.456476211548 12.742990493774 64.320999145508 144 144 144
17.456476211548 12.742990493774 64.287002563477 145 145 145
17.456476211548 12.742990493774 64.251998901367 139 139 139
17.471410751343 12.770441055298 64.216995239258 156 156 156
17.471410751343 12.770441055298 64.182006835938 153 153 153
17.471410751343 12.770441055298 64.147003173828 148 148 148
17.457080841064 12.760448455811 64.113006591797 146 146 146
17.471410751343 12.770441055298 64.078002929688 146 146 146
17.471410751343 12.770441055298 64.042999267578 148 148 148
17.471410751343 12.770441055298 64.007995605469 150 150 150
17.457080841064 12.760448455811 63.973999023438 143 143 143
17.457080841064 12.760448455811 63.938003540039 155 155 155
17.471410751343 12.770441055298 63.902008056641 151 151 151
17.464548110962 12.774173736572 63.865997314453 146 146 146
17.471410751343 12.770441055298 63.832000732422 152 152 152
17.471410751343 12.770441055298 63.796997070313 152 152 152
17.471410751343 12.770441055298 63.762008666992 156 156 156
17.471410751343 12.770441055298 63.725997924805 144 144 144
17.471410751343 12.770441055298 63.691009521484 152 152 152
17.471410751343 12.770441055298 63.654998779297 151 151 151
17.464548110962 12.774173736572 63.619003295898 141 141 141
17.464548110962 12.774173736572 63.583007812500 148 148 148
17.465152740479 12.791633605957 63.546005249023 144 144 144
17.464548110962 12.774173736572 63.512008666992 150 150 150
17.464548110962 12.774173736572 63.475006103516 149 149 149
17.464548110962 12.774173736572 63.440002441406 149 149 149
17.465152740479 12.791633605957 63.401000976563 144 144 144
17.464548110962 12.774173736572 63.367004394531 146 146 146
17.464548110962 12.774173736572 63.331008911133 145 145 145
17.464548110962 12.774173736572 63.294006347656 148 148 148
17.472620010376 12.805358886719 63.255004882813 149 149 149
17.464548110962 12.774173736572 63.221008300781 148 148 148
17.465152740479 12.791633605957 63.182998657227 148 148 148
17.472620010376 12.805358886719 63.145004272461 143 143 143
17.472620010376 12.805358886719 63.108001708984 148 148 148
17.465152740479 12.791633605957 63.072006225586 146 146 146
17.465152740479 12.791633605957 63.035003662109 147 147 147
17.465152740479 12.791633605957 62.997009277344 137 137 137
17.472620010376 12.805358886719 62.958007812500 136 136 136
17.472620010376 12.805358886719 62.919998168945 148 148 148
17.465152740479 12.791633605957 62.886001586914 149 149 149
17.472620010376 12.805358886719 62.845001220703 155 155 155
17.472620010376 12.805358886719 62.805007934570 155 155 155
17.465152740479 12.791633605957 62.770996093750 151 151 151
17.465152740479 12.791633605957 62.732009887695 156 156 156
17.593547821045 12.259298324585 65.856002807617 20 20 20
17.601015090942 12.273023605347 65.525009155273 116 116 116
17.615345001221 12.283016204834 65.492996215820 155 155 155
17.593547821045 12.259298324585 65.458007812500 179 179 179
17.615345001221 12.283016204834 65.427001953125 148 148 148
17.615345001221 12.283016204834 65.395004272461 119 119 119
17.615345001221 12.283016204834 65.361999511719 132 132 132
17.601015090942 12.273023605347 65.329010009766 113 113 113
17.826240539551 12.719697952271 65.033004760742 78 78 78
17.811305999756 12.692247390747 64.996002197266 99 99 99
17.833103179932 12.715965270996 64.960998535156 112 112 112
17.818168640137 12.688514709473 64.925003051758 99 99 99
17.743495941162 12.551261901855 64.885009765625 137 137 137
17.713626861572 12.496360778809 64.848999023438 173 173 173
17.706764221191 12.500095367432 64.815002441406 179 179 179
17.713626861572 12.496360778809 64.781997680664 180 180 180
17.713626861572 12.496360778809 64.748001098633 168 168 168
17.736633300781 12.554996490479 64.714996337891 153 153 153
17.766502380371 12.609895706177 64.680999755859 179 179 179
17.780832290649 12.619888305664 64.645996093750 152 152 152
17.789508819580 12.668531417847 64.611007690430 115 115 115
17.781436920166 12.637346267700 64.576995849609 113 113 113
17.788904190063 12.651071548462 64.542007446289 117 117 117
17.788904190063 12.651071548462 64.507003784180 126 126 126
17.788904190063 12.651071548462 64.472000122070 117 117 117
17.781436920166 12.637346267700 64.438003540039 102 102 102
17.781436920166 12.637346267700 64.402999877930 90 90 90
17.788904190063 12.651071548462 64.367996215820 49 49 49
17.493207931519 12.794158935547 62.740005493164 155 155 155
17.493207931519 12.794158935547 62.785003662109 147 147 147
17.493207931519 12.794158935547 62.829010009766 160 160 160
17.501279830933 12.825342178345 62.867004394531 158 158 158
17.493207931519 12.794158935547 62.914001464844 156 156 156
17.493207931519 12.794158935547 62.956008911133 171 171 171
17.493207931519 12.794158935547 63.000000000000 154 154 154
17.494417190552 12.829074859619 63.035003662109 136 136 136
17.500070571899 12.790424346924 63.339996337891 151 151 151
17.493207931519 12.794158935547 63.380004882813 159 159 159
17.493207931519 12.794158935547 63.421005249023 162 162 162
17.500070571899 12.790424346924 63.464996337891 162 162 162
17.493207931519 12.794158935547 63.503997802734 183 183 183
17.493207931519 12.794158935547 63.544998168945 174 174 174
17.500070571899 12.790424346924 63.587997436523 165 165 165
17.493207931519 12.794158935547 63.628005981445 166 166 166
17.493207931519 12.794158935547 63.669006347656 173 173 173
17.493207931519 12.794158935547 63.708999633789 165 165 165
17.485740661621 12.780433654785 63.751998901367 170 170 170
17.486345291138 12.797891616821 63.791000366211 173 173 173
17.485740661621 12.780433654785 63.833007812500 171 171 171
17.485740661621 12.780433654785 63.874008178711 164 164 164
17.492603302002 12.776699066162 63.915008544922 165 165 165
17.485740661621 12.780433654785 63.955001831055 164 164 164
17.485740661621 12.780433654785 63.995010375977 167 167 167
17.486345291138 12.797891616821 64.035003662109 169 169 169
17.485740661621 12.780433654785 64.076004028320 175 175 175
17.486345291138 12.797891616821 64.113998413086 175 175 175
17.485136032104 12.762973785400 64.156997680664 173 173 173
17.485136032104 12.762973785400 64.197006225586 173 173 173
17.485136032104 12.762973785400 64.236999511719 174 174 174
17.485740661621 12.780433654785 64.276000976563 175 175 175
17.485740661621 12.780433654785 64.315002441406 183 183 183
17.485136032104 12.762973785400 64.356002807617 179 179 179
17.492603302002 12.776699066162 64.395996093750 178 178 178
17.492603302002 12.776699066162 64.436004638672 179 179 179
17.492603302002 12.776699066162 64.475006103516 177 177 177
17.492603302002 12.776699066162 64.514999389648 176 176 176
17.485136032104 12.762973785400 64.555007934570 176 176 176
17.492603302002 12.776699066162 64.594009399414 174 174 174
17.485136032104 12.762973785400 64.634002685547 175 175 175
17.492603302002 12.776699066162 64.673995971680 168 168 168
17.491998672485 12.759239196777 64.714004516602 169 169 169
17.485136032104 12.762973785400 64.753005981445 168 168 168
17.485136032104 12.762973785400 64.792999267578 161 161 161
17.478273391724 12.766708374023 64.832000732422 158 158 158
17.471410751343 12.770441055298 64.872009277344 160 160 160
17.471410751343 12.770441055298 64.910995483398 160 160 160
17.471410751343 12.770441055298 64.951004028320 155 155 155
17.471410751343 12.770441055298 64.990997314453 160 160 160
17.471410751343 12.770441055298 65.029998779297 155 155 155
17.478273391724 12.766708374023 65.070007324219 157 157 157
17.478273391724 12.766708374023 65.109008789063 152 152 152
17.478273391724 12.766708374023 65.149002075195 151 151 151
17.478273391724 12.766708374023 65.188003540039 155 155 155
17.470806121826 12.752983093262 65.227996826172 150 150 150
17.478273391724 12.766708374023 65.268005371094 147 147 147
17.470806121826 12.752983093262 65.307006835938 141 141 141
17.478273391724 12.766708374023 65.347000122070 146 146 146
17.470806121826 12.752983093262 65.386001586914 148 148 148
17.478273391724 12.766708374023 65.427001953125 139 139 139
17.470201492310 12.735523223877 65.464996337891 140 140 140
17.470201492310 12.735523223877 65.505004882813 131 131 131
17.478273391724 12.766708374023 65.546997070313 179 179 179
17.477064132690 12.731788635254 65.583999633789 211 211 211
17.477064132690 12.731788635254 65.623001098633 181 181 181
17.470806121826 12.752983093262 65.665008544922 139 139 139
17.470201492310 12.735523223877 65.704010009766 128 128 128
17.477064132690 12.731788635254 65.744003295898 137 137 137
17.477064132690 12.731788635254 65.783004760742 191 191 191
17.477064132690 12.731788635254 65.822998046875 118 118 118
17.477064132690 12.731788635254 65.863998413086 109 109 109
17.473438262939 12.627037048340 65.889999389648 167 167 167
17.462131500244 12.704339981079 65.942001342773 98 98 98
17.468994140625 12.700607299805 65.979003906250 76 76 76
17.481510162354 12.658222198486 66.013000488281 103 103 103
17.467784881592 12.665687561035 66.055999755859 100 100 100
17.467784881592 12.665687561035 66.097000122070 134 134 134
17.474647521973 12.661954879761 66.134002685547 127 127 127
17.481510162354 12.658222198486 66.173995971680 102 102 102
17.475856781006 12.696872711182 66.222000122070 101 101 101
17.465364456177 12.595853805542 66.244003295898 123 123 123
17.465364456177 12.595853805542 66.283004760742 134 134 134
17.468387603760 12.683147430420 66.343002319336 107 107 107
17.786273956299 12.777017593384 64.359008789063 131 131 131
17.791927337646 12.738367080688 64.402008056641 145 145 145
17.789508819580 12.668531417847 64.447006225586 116 116 116
17.788299560547 12.633613586426 64.488006591797 132 132 132
17.788299560547 12.633613586426 64.527999877930 140 140 140
17.793952941895 12.594961166382 64.570007324219 178 178 178
17.793952941895 12.594961166382 64.610000610352 111 111 111
17.787090301514 12.598695755005 64.649002075195 132 132 132
17.792743682861 12.560043334961 64.688995361328 148 148 148
17.798397064209 12.521392822266 64.729995727539 119 119 119
17.805259704590 12.517660140991 64.768997192383 156 156 156
17.804656982422 12.500202178955 64.807998657227 182 182 182
17.798397064209 12.521392822266 64.847000122070 152 152 152
17.791534423828 12.525127410889 64.886001586914 123 123 123
17.771339416504 12.749567031860 64.927001953125 97 97 97
17.757614135742 12.757034301758 66.240005493164 34 34 34
18.068851470947 12.658857345581 64.904006958008 98 98 98
18.069847106934 12.889554977417 64.947006225586 16 16 16
17.525070190430 13.310455322266 66.063995361328 75 75 75
17.525070190430 13.310455322266 66.020004272461 129 129 129
17.546867370605 13.334171295166 65.977996826172 181 181 181
17.560592651367 13.326705932617 65.934997558594 164 164 164
17.526279449463 13.345373153687 65.451004028320 132 132 132
17.533142089844 13.341640472412 65.408004760742 117 117 117
17.332950592041 12.810195922852 66.274002075195 83 83 83
17.425790786743 12.866411209106 66.255004882813 109 109 109
17.540430068970 12.946344375610 66.236007690430 101 101 101
17.562225341797 12.970062255859 65.945007324219 124 124 124
17.562225341797 12.970062255859 65.902999877930 161 161 161
17.562225341797 12.970062255859 65.861007690430 170 170 170
17.555362701416 12.973794937134 65.820007324219 164 164 164
17.555362701416 12.973794937134 65.777999877930 170 170 170
17.555362701416 12.973794937134 65.735000610352 150 150 150
17.541637420654 12.981262207031 65.650009155273 156 156 156
17.541637420654 12.981262207031 65.609008789063 170 170 170
17.541637420654 12.981262207031 65.567001342773 172 172 172
17.541637420654 12.981262207031 65.525009155273 170 170 170
17.541637420654 12.981262207031 65.484008789063 173 173 173
17.542243957520 12.998722076416 65.443008422852 155 155 155
17.506540298462 12.573451995850 66.298995971680 59 59 59
17.456687927246 12.547210693359 66.251007080078 128 128 128
17.692222595215 12.685882568359 66.261001586914 120 120 120
17.734607696533 12.698398590088 66.227005004883 73 73 73
17.528337478638 12.597167968750 66.145004272461 56 56 56
17.570722579956 12.609683990479 66.113006591797 37 37 37
17.543272018433 12.624618530273 65.869003295898 127 127 127
17.578794479370 12.640869140625 65.832000732422 159 159 159
17.571931838989 12.644601821899 65.792999267578 165 165 165
17.564464569092 12.630876541138 65.751998901367 168 168 168
17.565069198608 12.648336410522 65.712005615234 172 172 172
17.571931838989 12.644601821899 65.671997070313 168 168 168
17.571931838989 12.644601821899 65.632995605469 169 169 169
17.585657119751 12.637134552002 65.594009399414 172 172 172
17.571931838989 12.644601821899 65.554000854492 167 167 167
17.571931838989 12.644601821899 65.514007568359 43 43 43
17.809280395508 12.835651397705 65.042999267578 79 79 79
17.809280395508 12.835651397705 65.001998901367 136 136 136
17.809280395508 12.835651397705 64.960998535156 138 138 138
17.801813125610 12.821926116943 64.919006347656 131 131 131
17.695247650146 12.773178100586 64.880004882813 112 112 112
17.659118652344 12.739469528198 64.839996337891 132 132 132
17.551948547363 12.673261642456 64.803009033203 136 136 136
17.551948547363 12.673261642456 64.764007568359 150 150 150
17.530755996704 12.667003631592 64.725006103516 147 147 147
17.530755996704 12.667003631592 64.684997558594 139 139 139
17.731372833252 12.806886672974 64.635009765625 163 163 163
17.680915832520 12.763187408447 64.598007202148 150 150 150
17.638530731201 12.750669479370 64.559997558594 163 163 163
17.603008270264 12.734420776367 64.522003173828 152 152 152
17.603008270264 12.734420776367 64.482009887695 157 157 157
17.603008270264 12.734420776367 64.442001342773 148 148 148
17.652862548828 12.760662078857 64.398010253906 175 175 175
17.581211090088 12.710702896118 64.365005493164 125 125 125
17.567485809326 12.718170166016 64.326995849609 112 112 112
17.553157806396 12.708179473877 64.287002563477 128 128 128
17.553157806396 12.708179473877 64.247009277344 120 120 120
17.553157806396 12.708179473877 64.208007812500 119 119 119
17.553157806396 12.708179473877 64.167007446289 105 105 105
17.560623168945 12.721904754639 64.126007080078 114 114 114
17.546295166016 12.711912155151 64.087005615234 111 111 111
17.546295166016 12.711912155151 64.046997070313 114 114 114
17.546295166016 12.711912155151 64.005996704102 108 108 108
17.546295166016 12.711912155151 63.966995239258 115 115 115
17.546897888184 12.729372024536 63.925003051758 124 124 124
17.546897888184 12.729372024536 63.885009765625 122 122 122
17.546897888184 12.729372024536 63.844009399414 123 123 123
17.546897888184 12.729372024536 63.804000854492 119 119 119
17.546897888184 12.729372024536 63.762008666992 132 132 132
17.546897888184 12.729372024536 63.723999023438 123 123 123
17.540035247803 12.733104705811 63.680999755859 132 132 132
17.540035247803 12.733104705811 63.639007568359 134 134 134
17.540035247803 12.733104705811 63.598999023438 137 137 137
17.561832427979 12.756822586060 63.555007934570 141 141 141
17.547504425049 12.746829986572 63.516006469727 156 156 156
17.547504425049 12.746829986572 63.473007202148 142 142 142
17.547504425049 12.746829986572 63.432006835938 147 147 147
17.547504425049 12.746829986572 63.391006469727 148 148 148
17.540641784668 12.750564575195 63.350006103516 134 134 134
17.540641784668 12.750564575195 63.305999755859 128 128 128
17.548109054565 12.764289855957 63.263000488281 133 133 133
17.540641784668 12.750564575195 63.225006103516 130 130 130
17.541246414185 12.768022537231 63.182006835938 131 131 131
17.541246414185 12.768022537231 63.136001586914 124 124 124
17.541246414185 12.768022537231 63.096008300781 137 137 137
17.512586593628 12.748039245605 63.055007934570 126 126 126
17.541246414185 12.768022537231 63.010009765625 120 120 120
17.541246414185 12.768022537231 62.966003417969 125 125 125
17.541246414185 12.768022537231 62.921997070313 130 130 130
17.541246414185 12.768022537231 62.880996704102 126 126 126
17.520053863525 12.761764526367 62.839996337891 119 119 119
17.520053863525 12.761764526367 62.796997070313 136 136 136
17.520658493042 12.779224395752 62.751998901367 123 123 123
17.491998672485 12.759239196777 62.719009399414 148 148 148
17.566097259521 12.274232864380 65.878997802734 186 186 186
17.594152450562 12.276758193970 65.843002319336 144 144 144
17.595361709595 12.311676025391 65.542007446289 168 168 168
17.587894439697 12.297950744629 65.503005981445 206 206 206
17.595361709595 12.311676025391 65.466003417969 195 195 195
17.595361709595 12.311676025391 65.428009033203 167 167 167
17.588499069214 12.315408706665 65.391006469727 175 175 175
17.588499069214 12.315408706665 65.354003906250 161 161 161
17.804050445557 12.482742309570 64.979003906250 130 130 130
17.804050445557 12.482742309570 64.940002441406 140 140 140
17.804050445557 12.482742309570 64.901000976563 136 136 136
17.782859802246 12.476484298706 64.861999511719 134 134 134
17.775390625000 12.462759017944 64.822998046875 137 137 137
17.775390625000 12.462759017944 64.783996582031 134 134 134
17.782859802246 12.476484298706 64.745010375977 127 127 127
17.782859802246 12.476484298706 64.706008911133 121 121 121
17.797187805176 12.486476898193 64.666000366211 131 131 131
17.782859802246 12.476484298706 64.626998901367 133 133 133
17.782859802246 12.476484298706 64.589004516602 106 106 106
17.783462524414 12.493942260742 64.548995971680 17 17 17
17.810310363770 12.461549758911 65.003005981445 75 75 75
17.810310363770 12.461549758911 64.969009399414 99 99 99
17.774181365967 12.427841186523 64.934005737305 113 113 113
17.788513183594 12.437831878662 64.901000976563 116 116 116
17.774181365967 12.427841186523 64.867004394531 113 113 113
17.788513183594 12.437831878662 64.833999633789 114 114 114
17.781044006348 12.424106597900 64.800003051758 117 117 117
17.774181365967 12.427841186523 64.766998291016 109 109 109
17.788513183594 12.437831878662 64.733001708984 80 80 80
17.774181365967 12.427841186523 64.699996948242 47 47 47
17.909196853638 12.692354202271 64.663009643555 100 100 100
17.909196853638 12.692354202271 64.628005981445 142 142 142
17.894262313843 12.664903640747 64.594009399414 144 144 144
17.894262313843 12.664903640747 64.559005737305 111 111 111
17.583238601685 12.567298889160 66.294998168945 115 115 115
17.680313110352 12.745727539063 66.315002441406 116 116 116
17.688987731934 12.794370651245 66.288009643555 108 108 108
17.717647552490 12.814353942871 66.260009765625 38 38 38
17.538434982300 12.484947204590 65.988998413086 101 101 101
17.538434982300 12.484947204590 65.956008911133 141 141 141
17.539644241333 12.519866943359 65.927001953125 148 148 148
17.553369522095 12.512397766113 65.893997192383 152 152 152
17.553369522095 12.512397766113 65.860000610352 167 167 167
17.553369522095 12.512397766113 65.826004028320 166 166 166
17.554578781128 12.547317504883 65.794006347656 161 161 161
17.575771331787 12.553573608398 65.760009765625 141 141 141
17.576375961304 12.571033477783 65.729003906250 127 127 127
17.576375961304 12.571033477783 65.695999145508 160 160 160
17.576375961304 12.571033477783 65.660995483398 167 167 167
17.576375961304 12.571033477783 65.626007080078 142 142 142
17.576375961304 12.571033477783 65.591003417969 165 165 165
17.569513320923 12.574768066406 65.557998657227 166 166 166
17.576375961304 12.571033477783 65.522003173828 102 102 102
17.795948028564 13.056358337402 65.039001464844 76 76 76
17.795948028564 13.056358337402 65.001998901367 102 102 102
17.736209869385 12.946556091309 64.960998535156 103 103 103
17.683334350586 12.833021163940 64.919998168945 126 126 126
17.683334350586 12.833021163940 64.885009765625 166 166 166
17.616733551025 12.726953506470 64.847000122070 174 174 174
17.631065368652 12.736944198608 64.813003540039 154 154 154
17.615524291992 12.692035675049 64.777999877930 136 136 136
17.608661651611 12.695768356323 64.742996215820 157 157 157
17.683940887451 12.850479125977 64.708007812500 177 177 177
17.736209869385 12.946556091309 64.671997070313 143 143 143
17.736209869385 12.946556091309 64.636001586914 109 109 109
17.668399810791 12.805570602417 64.602996826172 93 93 93
17.646602630615 12.781854629517 64.568008422852 96 96 96
17.654071807861 12.795579910278 64.533004760742 93 93 93
17.661537170410 12.809305191040 64.497009277344 66 66 66
17.351119995117 12.729160308838 66.360000610352 21 21 21
17.328113555908 12.670524597168 66.307006835938 114 114 114
17.425790786743 12.866411209106 66.330001831055 128 128 128
17.462522506714 12.917579650879 66.307998657227 128 128 128
17.463127136230 12.935037612915 66.276000976563 119 119 119
17.366054534912 12.756610870361 66.188003540039 89 89 89
17.372917175293 12.752876281738 66.152008056641 99 99 99
17.554546356201 13.152116775513 66.061996459961 56 56 56
17.545871734619 13.103473663330 66.016998291016 109 109 109
17.553943634033 13.134658813477 65.983001708984 117 117 117
17.539611816406 13.124666213989 65.944000244141 115 115 115
17.561408996582 13.148384094238 65.908004760742 113 113 113
17.554546356201 13.152116775513 65.871002197266 122 122 122
17.539611816406 13.124666213989 65.830001831055 87 87 87
17.524677276611 13.097215652466 65.638000488281 43 43 43
17.539611816406 13.124666213989 65.604995727539 111 111 111
17.539611816406 13.124666213989 65.568008422852 128 128 128
17.539611816406 13.124666213989 65.531997680664 125 125 125
17.539611816406 13.124666213989 65.495010375977 126 126 126
17.539611816406 13.124666213989 65.458007812500 129 129 129
17.539611816406 13.124666213989 65.421005249023 118 118 118
17.532749176025 13.128400802612 65.385009765625 84 84 84
17.601015090942 12.273023605347 65.563995361328 151 151 151
17.601015090942 12.273023605347 65.526000976563 182 182 182
17.601015090942 12.273023605347 65.488998413086 200 200 200
17.594152450562 12.276758193970 65.451995849609 166 166 166
17.594152450562 12.276758193970 65.415008544922 171 171 171
17.580427169800 12.284225463867 65.376998901367 165 165 165
17.594152450562 12.276758193970 65.341003417969 102 102 102
17.802841186523 12.447824478149 65.007003784180 79 79 79
17.802841186523 12.447824478149 64.968002319336 135 135 135
17.802841186523 12.447824478149 64.930007934570 136 136 136
17.802841186523 12.447824478149 64.891006469727 136 136 136
17.810310363770 12.461549758911 64.852005004883 139 139 139
17.789115905762 12.455291748047 64.813995361328 143 143 143
17.789115905762 12.455291748047 64.775009155273 148 148 148
17.789115905762 12.455291748047 64.736999511719 147 147 147
17.789115905762 12.455291748047 64.697998046875 120 120 120
17.782253265381 12.459026336670 64.658996582031 23 23 23
17.532176971436 12.506141662598 65.996002197266 137 137 137
17.539644241333 12.519866943359 65.958999633789 174 174 174
17.539644241333 12.519866943359 65.921005249023 187 187 187
17.553369522095 12.512397766113 65.882003784180 178 178 178
17.553369522095 12.512397766113 65.844009399414 194 194 194
17.553974151611 12.529857635498 65.805007934570 203 203 203
17.553974151611 12.529857635498 65.766006469727 164 164 164
17.590101242065 12.563566207886 65.731002807617 136 136 136
17.575771331787 12.553573608398 65.691009521484 181 181 181
17.575771331787 12.553573608398 65.651000976563 196 196 196
17.576375961304 12.571033477783 65.613006591797 182 182 182
17.576375961304 12.571033477783 65.574005126953 201 201 201
17.583238601685 12.567298889160 65.535995483398 161 161 161
17.576375961304 12.571033477783 65.496002197266 31 31 31
17.806257247925 12.748357772827 65.072998046875 105 105 105
17.806861877441 12.765817642212 65.031997680664 116 116 116
17.778202056885 12.745834350586 64.992004394531 123 123 123
17.806861877441 12.765817642212 64.951004028320 125 125 125
17.806861877441 12.765817642212 64.910995483398 127 127 127
17.813724517822 12.762083053589 64.870010375977 133 133 133
17.785671234131 12.759559631348 64.830001831055 134 134 134
17.771339416504 12.749567031860 64.790008544922 170 170 170
17.714019775391 12.709600448608 64.751998901367 162 162 162
17.764476776123 12.753299713135 64.710006713867 155 155 155
17.764476776123 12.753299713135 64.669006347656 164 164 164
17.735816955566 12.733318328857 64.630996704102 161 161 161
17.685966491699 12.707077026367 64.594009399414 182 182 182
17.685966491699 12.707077026367 64.554000854492 186 186 186
17.686569213867 12.724534988403 64.514007568359 169 169 169
17.743888854980 12.764501571655 64.469009399414 149 149 149
17.786273956299 12.777017593384 64.423995971680 152 152 152
17.779411315918 12.780750274658 64.384002685547 115 115 115
17.597961425781 12.790531158447 62.734008789063 161 161 161
17.426609039307 12.688091278076 66.397003173828 104 104 104
17.376754760742 12.661849975586 66.347000122070 147 147 147
17.348094940186 12.641864776611 66.298004150391 133 133 133
17.427211761475 12.705549240112 66.277999877930 134 134 134
17.412883758545 12.695556640625 66.234008789063 123 123 123
17.412883758545 12.695556640625 66.194000244141 139 139 139
17.406021118164 12.699291229248 66.150009155273 148 148 148
17.491998672485 12.759239196777 66.126998901367 97 97 97
17.491998672485 12.759239196777 66.087005615234 96 96 96
17.470806121826 12.752983093262 66.042999267578 105 105 105
17.456476211548 12.742990493774 66.001998901367 111 111 111
17.384826660156 12.693033218384 65.949005126953 153 153 153
17.427818298340 12.723007202148 65.915008544922 161 161 161
17.456476211548 12.742990493774 65.880996704102 129 129 129
17.442750930786 12.750457763672 65.837997436523 176 176 176
17.442750930786 12.750457763672 65.798995971680 158 158 158
17.414093017578 12.730476379395 65.755996704102 178 178 178
17.421558380127 12.744199752808 65.716995239258 164 164 164
17.442750930786 12.750457763672 65.679000854492 169 169 169
17.429025650024 12.757925033569 65.638000488281 185 185 185
17.464548110962 12.774173736572 65.600997924805 154 154 154
17.464548110962 12.774173736572 65.563003540039 160 160 160
17.457685470581 12.777908325195 65.522003173828 107 107 107
17.457685470581 12.777908325195 65.482009887695 90 90 90
17.457685470581 12.777908325195 65.442001342773 87 87 87
17.472620010376 12.805358886719 65.404006958008 87 87 87
17.450822830200 12.781642913818 65.363006591797 92 92 92
17.450822830200 12.781642913818 65.322998046875 86 86 86
17.450822830200 12.781642913818 65.283004760742 79 79 79
17.450822830200 12.781642913818 65.244003295898 81 81 81
17.450822830200 12.781642913818 65.204010009766 79 79 79
17.437097549438 12.789108276367 65.164001464844 79 79 79
17.437097549438 12.789108276367 65.124008178711 85 85 85
17.458894729614 12.812826156616 65.085006713867 76 76 76
17.487554550171 12.832809448242 65.044998168945 135 135 135
17.523077011108 12.849060058594 65.005004882813 153 153 153
17.530544281006 12.862785339355 64.964996337891 143 143 143
17.538011550903 12.876510620117 64.925003051758 132 132 132
17.566671371460 12.896492004395 64.884002685547 125 125 125
17.552341461182 12.886501312256 64.843002319336 124 124 124
17.574138641357 12.910217285156 64.802001953125 151 151 151
17.588468551636 12.920207977295 64.761001586914 143 143 143
17.674446105957 12.980159759521 64.714996337891 165 165 165
17.774755477905 13.050100326538 64.667999267578 138 138 138
17.760425567627 13.040109634399 64.626998901367 58 58 58
17.566459655762 13.092273712158 66.033996582031 117 117 117
17.552127838135 13.082281112671 65.990997314453 162 162 162
17.567062377930 13.109731674194 65.949005126953 169 169 169
17.545265197754 13.086015701294 65.906005859375 161 161 161
17.538402557373 13.089748382568 65.863998413086 169 169 169
17.560199737549 13.113466262817 65.822006225586 146 146 146
17.545871734619 13.103473663330 65.652008056641 121 121 121
17.545871734619 13.103473663330 65.609008789063 169 169 169
17.546474456787 13.120933532715 65.567001342773 176 176 176
17.525283813477 13.114675521851 65.524002075195 168 168 168
17.525283813477 13.114675521851 65.482009887695 174 174 174
17.539611816406 13.124666213989 65.441009521484 165 165 165
17.561408996582 13.148384094238 65.399002075195 108 108 108
17.541213989258 13.372823715210 66.052001953125 32 32 32
17.541213989258 13.372823715210 66.007003784180 128 128 128
17.534351348877 13.376556396484 65.964996337891 130 130 130
17.535560607910 13.411474227905 65.479995727539 13 13 13
17.880537033081 12.672370910645 64.544998168945 123 123 123
17.880537033081 12.672370910645 64.585006713867 153 153 153
17.888004302979 12.686096191406 64.625000000000 147 147 147
17.875488281250 12.728481292725 64.664001464844 115 115 115
17.887611389160 12.472856521606 64.830001831055 102 102 102
17.887611389160 12.472856521606 64.869003295898 107 107 107
17.880748748779 12.476589202881 64.908004760742 97 97 97
17.875699996948 12.532699584961 64.947998046875 84 84 84
17.846012115479 12.886817932129 64.992004394531 53 53 53
17.622386932373 12.688301086426 64.736007690430 151 151 151
17.611080169678 12.765604019165 64.774002075195 155 155 155
17.611080169678 12.765604019165 64.854995727539 131 131 131
17.604217529297 12.769338607788 64.895004272461 96 96 96
17.559383392334 13.291788101196 66.027008056641 14 14 14
17.556964874268 13.221952438354 66.104003906250 35 35 35
17.586864471436 12.672052383423 66.137008666992 122 122 122
17.586864471436 12.672052383423 66.176010131836 126 126 126
17.586864471436 12.672052383423 66.216003417969 97 97 97
17.575557708740 12.749355316162 66.276000976563 119 119 119
17.591310501099 12.598484039307 66.285003662109 133 133 133
17.591310501099 12.598484039307 66.326004028320 137 137 137
17.580001831055 12.675785064697 66.384002685547 88 88 88
17.424581527710 12.831493377686 62.768997192383 194 194 194
17.425790786743 12.866411209106 62.804000854492 200 200 200
17.425790786743 12.866411209106 62.848007202148 183 183 183
17.424581527710 12.831493377686 62.899002075195 134 134 134
17.431444168091 12.827760696411 62.949005126953 119 119 119
17.416509628296 12.800310134888 62.997009277344 114 114 114
17.362426757813 12.651857376099 65.962997436523 70 70 70
17.344860076904 12.750352859497 66.179000854492 36 36 36
17.335369110107 12.880031585693 66.289001464844 114 114 114
17.345466613770 12.767810821533 66.304000854492 112 112 112
17.354957580566 12.638132095337 66.319000244141 91 91 91
17.569904327393 12.788005828857 62.736999511719 195 195 195
17.586654663086 12.867834091187 62.757995605469 196 196 196
17.560623168945 12.721904754639 63.712997436523 112 112 112
17.560623168945 12.721904754639 63.753005981445 108 108 108
17.553760528564 12.725637435913 63.791000366211 107 107 107
17.560623168945 12.721904754639 63.832000732422 117 117 117
17.553760528564 12.725637435913 63.870010375977 112 112 112
17.560623168945 12.721904754639 63.910995483398 104 104 104
17.560623168945 12.721904754639 63.949996948242 106 106 106
17.553760528564 12.725637435913 63.988998413086 112 112 112
17.553760528564 12.725637435913 64.027008056641 118 118 118
17.553760528564 12.725637435913 64.068008422852 124 124 124
17.553760528564 12.725637435913 64.107009887695 128 128 128
17.553760528564 12.725637435913 64.145996093750 139 139 139
17.546897888184 12.729372024536 64.186004638672 146 146 146
17.546897888184 12.729372024536 64.225006103516 160 160 160
17.546295166016 12.711912155151 64.264999389648 167 167 167
17.546897888184 12.729372024536 64.303009033203 176 176 176
17.546295166016 12.711912155151 64.343002319336 155 155 155
17.546897888184 12.729372024536 64.380996704102 157 157 157
17.546897888184 12.729372024536 64.419998168945 165 165 165
17.546897888184 12.729372024536 64.458999633789 163 163 163
17.546897888184 12.729372024536 64.497009277344 169 169 169
17.546295166016 12.711912155151 64.537002563477 167 167 167
17.546897888184 12.729372024536 64.574996948242 163 163 163
17.546897888184 12.729372024536 64.613998413086 162 162 162
17.546897888184 12.729372024536 64.652999877930 163 163 163
17.546897888184 12.729372024536 64.692001342773 163 163 163
17.546897888184 12.729372024536 64.731002807617 164 164 164
17.531963348389 12.701921463013 64.770004272461 163 163 163
17.546897888184 12.729372024536 64.807998657227 166 166 166
17.525100708008 12.705654144287 64.847000122070 163 163 163
17.525100708008 12.705654144287 64.886001586914 168 168 168
17.525707244873 12.723114013672 64.923995971680 172 172 172
17.525707244873 12.723114013672 64.962997436523 179 179 179
17.525707244873 12.723114013672 65.001998901367 179 179 179
17.525707244873 12.723114013672 65.041000366211 183 183 183
17.526311874390 12.740571975708 65.079010009766 184 184 184
17.518239974976 12.709388732910 65.117996215820 186 186 186
17.525707244873 12.723114013672 65.156997680664 185 185 185
17.525100708008 12.705654144287 65.195007324219 182 182 182
17.518239974976 12.709388732910 65.234008789063 184 184 184
17.525707244873 12.723114013672 65.273010253906 185 185 185
17.518239974976 12.709388732910 65.311996459961 186 186 186
17.518239974976 12.709388732910 65.350997924805 180 180 180
17.518239974976 12.709388732910 65.389999389648 177 177 177
17.525100708008 12.705654144287 65.428009033203 180 180 180
17.525100708008 12.705654144287 65.466995239258 175 175 175
17.518239974976 12.709388732910 65.505004882813 183 183 183
17.511377334595 12.713121414185 65.544998168945 169 169 169
17.511377334595 12.713121414185 65.583999633789 182 182 182
17.511377334595 12.713121414185 65.622009277344 187 187 187
17.518239974976 12.709388732910 65.660995483398 177 177 177
17.511377334595 12.713121414185 65.701004028320 181 181 181
17.518239974976 12.709388732910 65.740005493164 180 180 180
17.518239974976 12.709388732910 65.779006958008 176 176 176
17.518239974976 12.709388732910 65.818008422852 178 178 178
17.518239974976 12.709388732910 65.857009887695 178 178 178
17.510772705078 12.695663452148 65.895004272461 174 174 174
17.510772705078 12.695663452148 65.934997558594 171 171 171
17.518239974976 12.709388732910 65.975006103516 171 171 171
17.510772705078 12.695663452148 66.014007568359 169 169 169
17.518239974976 12.709388732910 66.054000854492 159 159 159
17.502096176147 12.647020339966 66.085998535156 153 153 153
17.515821456909 12.639553070068 66.122009277344 133 133 133
17.508958816528 12.643287658691 66.164001464844 117 117 117
17.521474838257 12.600902557373 66.195007324219 151 151 151
17.521474838257 12.600902557373 66.234008789063 120 120 120
17.515216827393 12.622095108032 66.277999877930 125 125 125
17.515821456909 12.639553070068 66.322006225586 139 139 139
17.512193679810 12.534799575806 66.337997436523 144 144 144
17.499677658081 12.577184677124 66.389007568359 143 143 143
17.508958816528 12.643287658691 66.444000244141 69 69 69
17.561832427979 12.756822586060 63.378005981445 48 48 48
17.858739852905 12.648653030396 64.581008911133 44 44 44
17.858135223389 12.631195068359 64.621002197266 152 152 152
17.858951568604 12.452873229980 64.859008789063 24 24 24
17.858348846436 12.435413360596 64.897003173828 60 60 60
17.852088928223 12.456607818604 64.934997558594 18 18 18
17.841175079346 12.747148513794 65.054000854492 36 36 36
17.846828460693 12.708498001099 65.093002319336 147 147 147
17.466575622559 12.630771636963 62.694000244141 188 188 188
17.488372802734 12.654487609863 62.719009399414 183 183 183
17.504514694214 12.716856002808 62.731002807617 149 149 149
17.540641784668 12.750564575195 62.755996704102 135 135 135
17.540641784668 12.750564575195 62.794006347656 134 134 134
17.541246414185 12.768022537231 62.830001831055 137 137 137
17.547504425049 12.746829986572 62.875000000000 130 130 130
17.540641784668 12.750564575195 62.908004760742 132 132 132
17.547504425049 12.746829986572 62.947998046875 133 133 133
17.540641784668 12.750564575195 62.984008789063 135 135 135
17.547504425049 12.746829986572 63.023010253906 140 140 140
17.547504425049 12.746829986572 63.059005737305 139 139 139
17.547504425049 12.746829986572 63.097000122070 133 133 133
17.547504425049 12.746829986572 63.132003784180 140 140 140
17.547504425049 12.746829986572 63.169998168945 139 139 139
17.540035247803 12.733104705811 63.208999633789 140 140 140
17.540035247803 12.733104705811 63.244003295898 146 146 146
17.554969787598 12.760555267334 63.277008056641 145 145 145
17.554969787598 12.760555267334 63.313003540039 150 150 150
17.554969787598 12.760555267334 63.348999023438 159 159 159
17.561832427979 12.756822586060 63.387008666992 166 166 166
17.546897888184 12.729372024536 63.428009033203 137 137 137
17.546897888184 12.729372024536 63.464996337891 141 141 141
17.546897888184 12.729372024536 63.500000000000 125 125 125
17.546897888184 12.729372024536 63.535003662109 124 124 124
17.546897888184 12.729372024536 63.570999145508 125 125 125
17.546897888184 12.729372024536 63.606002807617 126 126 126
17.553760528564 12.725637435913 63.639999389648 122 122 122
17.546897888184 12.729372024536 63.678009033203 119 119 119
17.546897888184 12.729372024536 63.712997436523 116 116 116
17.553760528564 12.725637435913 63.747009277344 117 117 117
17.546897888184 12.729372024536 63.783996582031 114 114 114
17.546295166016 12.711912155151 63.820007324219 109 109 109
17.546295166016 12.711912155151 63.854995727539 110 110 110
17.546897888184 12.729372024536 63.888000488281 112 112 112
17.546897888184 12.729372024536 63.923995971680 117 117 117
17.553760528564 12.725637435913 63.957000732422 114 114 114
17.546295166016 12.711912155151 63.994003295898 111 111 111
17.546295166016 12.711912155151 64.027999877930 111 111 111
17.546295166016 12.711912155151 64.063003540039 107 107 107
17.546295166016 12.711912155151 64.098007202148 100 100 100
17.546295166016 12.711912155151 64.132003784180 110 110 110
17.546295166016 12.711912155151 64.167007446289 106 106 106
17.553157806396 12.708179473877 64.201995849609 109 109 109
17.553760528564 12.725637435913 64.235000610352 103 103 103
17.553157806396 12.708179473877 64.270996093750 115 115 115
17.553157806396 12.708179473877 64.305007934570 114 114 114
17.553157806396 12.708179473877 64.339004516602 120 120 120
17.560623168945 12.721904754639 64.373001098633 125 125 125
17.553157806396 12.708179473877 64.406997680664 117 117 117
17.560623168945 12.721904754639 64.441009521484 120 120 120
17.545688629150 12.694454193115 64.475997924805 112 112 112
17.567485809326 12.718170166016 64.510009765625 112 112 112
17.545688629150 12.694454193115 64.544006347656 111 111 111
17.567485809326 12.718170166016 64.578002929688 111 111 111
17.545688629150 12.694454193115 64.611999511719 108 108 108
17.545688629150 12.694454193115 64.645996093750 95 95 95
17.545688629150 12.694454193115 64.680007934570 92 92 92
17.560020446777 12.704444885254 64.714004516602 91 91 91
17.537618637085 12.663270950317 64.749008178711 118 118 118
17.537618637085 12.663270950317 64.781997680664 125 125 125
17.530755996704 12.667003631592 64.816009521484 135 135 135
17.537618637085 12.663270950317 64.850006103516 126 126 126
17.537618637085 12.663270950317 64.884002685547 128 128 128
17.567485809326 12.718170166016 64.919998168945 157 157 157
17.567485809326 12.718170166016 64.953002929688 110 110 110
17.559413909912 12.686986923218 64.986999511719 109 109 109
17.551948547363 12.673261642456 65.020004272461 109 109 109
17.559413909912 12.686986923218 65.054000854492 109 109 109
17.559413909912 12.686986923218 65.089004516602 118 118 118
17.551948547363 12.673261642456 65.122009277344 102 102 102
17.566276550293 12.683252334595 65.156997680664 100 100 100
17.551948547363 12.673261642456 65.190002441406 105 105 105
17.551948547363 12.673261642456 65.225006103516 100 100 100
17.566276550293 12.683252334595 65.259002685547 107 107 107
17.551948547363 12.673261642456 65.292999267578 107 107 107
17.566276550293 12.683252334595 65.326995849609 99 99 99
17.566276550293 12.683252334595 65.361007690430 106 106 106
17.558811187744 12.669527053833 65.395004272461 107 107 107
17.558811187744 12.669527053833 65.429000854492 105 105 105
17.566276550293 12.683252334595 65.464996337891 117 117 117
17.558811187744 12.669527053833 65.498001098633 110 110 110
17.573139190674 12.679519653320 65.533004760742 106 106 106
17.558811187744 12.669527053833 65.566009521484 103 103 103
17.566276550293 12.683252334595 65.602996826172 109 109 109
17.566276550293 12.683252334595 65.637008666992 147 147 147
17.566276550293 12.683252334595 65.673004150391 146 146 146
17.551343917847 12.655803680420 65.705001831055 136 136 136
17.573139190674 12.679519653320 65.740997314453 142 142 142
17.565673828125 12.665794372559 65.775009155273 139 139 139
17.573139190674 12.679519653320 65.811004638672 141 141 141
17.558206558228 12.652069091797 65.843002319336 137 137 137
17.565673828125 12.665794372559 65.878997802734 143 143 143
17.558206558228 12.652069091797 65.913009643555 126 126 126
17.565069198608 12.648336410522 65.947998046875 118 118 118
17.565673828125 12.665794372559 65.985000610352 110 110 110
17.565069198608 12.648336410522 66.018997192383 107 107 107
17.565673828125 12.665794372559 66.055007934570 102 102 102
17.565069198608 12.648336410522 66.089996337891 96 96 96
17.580001831055 12.675785064697 66.132995605469 86 86 86
17.564464569092 12.630876541138 66.154998779297 122 122 122
17.542062759399 12.589700698853 66.182998657227 138 138 138
17.528337478638 12.597167968750 66.218002319336 115 115 115
17.564464569092 12.630876541138 66.262008666992 106 106 106
17.594333648682 12.685777664185 66.318008422852 128 128 128
17.556997299194 12.617151260376 66.333007812500 135 135 135
17.505331039429 12.538534164429 66.341995239258 137 137 137
17.542062759399 12.589700698853 66.399002075195 80 80 80
17.793560028076 12.381721496582 64.759002685547 53 53 53
17.801631927490 12.412906646729 64.792007446289 100 100 100
17.793560028076 12.381721496582 64.824996948242 106 106 106
17.794166564941 12.399181365967 64.858001708984 122 122 122
17.800422668457 12.377988815308 64.891006469727 119 119 119
17.793560028076 12.381721496582 64.925003051758 118 118 118
17.793560028076 12.381721496582 64.958007812500 118 118 118
17.794166564941 12.399181365967 64.990997314453 88 88 88
17.815357208252 12.405439376831 65.025009155273 79 79 79
17.540004730225 13.337905883789 66.102005004883 91 91 91
17.540004730225 13.337905883789 66.057006835938 158 158 158
17.533142089844 13.341640472412 66.012008666992 167 167 167
17.519416809082 13.349105834961 65.523010253906 119 119 119
17.512554168701 13.352840423584 65.479003906250 73 73 73
17.334159851074 12.845113754272 66.328002929688 103 103 103
17.476852416992 12.927570343018 66.317001342773 106 106 106
17.541637420654 12.981262207031 66.033004760742 130 130 130
17.562831878662 12.987520217896 65.990997314453 180 180 180
17.541637420654 12.981262207031 65.947998046875 190 190 190
17.562831878662 12.987520217896 65.906005859375 177 177 177
17.563434600830 13.004978179932 65.863998413086 185 185 185
17.542243957520 12.998722076416 65.820999145508 167 167 167
17.534774780273 12.984996795654 65.735000610352 139 139 139
17.542243957520 12.998722076416 65.693008422852 185 185 185
17.542243957520 12.998722076416 65.650009155273 195 195 195
17.542243957520 12.998722076416 65.608001708984 183 183 183
17.527912139893 12.988729476929 65.566009521484 194 194 194
17.542243957520 12.998722076416 65.524002075195 185 185 185
17.549709320068 13.012447357178 65.483001708984 95 95 95
17.464155197144 12.560935974121 66.384002685547 110 110 110
17.442358016968 12.537218093872 66.337005615234 140 140 140
17.685359954834 12.689617156982 66.350006103516 134 134 134
17.685359954834 12.689617156982 66.307998657227 102 102 102
17.500282287598 12.594644546509 66.227996826172 87 87 87
17.521474838257 12.600902557373 66.188995361328 89 89 89
17.565069198608 12.648336410522 65.955001831055 79 79 79
17.565069198608 12.648336410522 65.915008544922 174 174 174
17.571931838989 12.644601821899 65.876007080078 183 183 183
17.565069198608 12.648336410522 65.835006713867 184 184 184
17.565069198608 12.648336410522 65.794006347656 193 193 193
17.565069198608 12.648336410522 65.753997802734 191 191 191
17.565069198608 12.648336410522 65.712997436523 189 189 189
17.565069198608 12.648336410522 65.675003051758 192 192 192
17.565673828125 12.665794372559 65.635009765625 181 181 181
17.816143035889 12.831916809082 65.117996215820 121 121 121
17.801813125610 12.821926116943 65.076004028320 142 142 142
17.801813125610 12.821926116943 65.035003662109 146 146 146
17.751960754395 12.795684814453 64.992996215820 134 134 134
17.630458831787 12.719486236572 64.954010009766 124 124 124
17.601799011230 12.699502944946 64.914001464844 140 140 140
17.530755996704 12.667003631592 64.876007080078 158 158 158
17.530755996704 12.667003631592 64.835998535156 159 159 159
17.530755996704 12.667003631592 64.796005249023 156 156 156
17.559413909912 12.686986923218 64.755996704102 149 149 149
17.680915832520 12.763187408447 64.708999633789 186 186 186
17.602405548096 12.716960906982 64.671997070313 150 150 150
17.602405548096 12.716960906982 64.632003784180 152 152 152
17.581211090088 12.710702896118 64.593002319336 160 160 160
17.588073730469 12.706970214844 64.552001953125 155 155 155
17.588073730469 12.706970214844 64.512008666992 157 157 157
17.638530731201 12.750669479370 64.466995239258 190 190 190
17.560020446777 12.704444885254 64.434005737305 134 134 134
17.545688629150 12.694454193115 64.395004272461 135 135 135
17.545688629150 12.694454193115 64.354995727539 141 141 141
17.545688629150 12.694454193115 64.315002441406 125 125 125
17.545688629150 12.694454193115 64.274002075195 128 128 128
17.545688629150 12.694454193115 64.234008789063 122 122 122
17.545688629150 12.694454193115 64.194000244141 118 118 118
17.553157806396 12.708179473877 64.152999877930 119 119 119
17.531963348389 12.701921463013 64.113998413086 117 117 117
17.531963348389 12.701921463013 64.072998046875 123 123 123
17.553157806396 12.708179473877 64.031005859375 121 121 121
17.553157806396 12.708179473877 63.990005493164 132 132 132
17.553157806396 12.708179473877 63.949996948242 125 125 125
17.560623168945 12.721904754639 63.906005859375 115 115 115
17.546295166016 12.711912155151 63.865997314453 129 129 129
17.546295166016 12.711912155151 63.824996948242 127 127 127
17.546295166016 12.711912155151 63.785003662109 117 117 117
17.546897888184 12.729372024536 63.742004394531 126 126 126
17.546897888184 12.729372024536 63.701995849609 126 126 126
17.546897888184 12.729372024536 63.660003662109 130 130 130
17.546897888184 12.729372024536 63.619003295898 137 137 137
17.546897888184 12.729372024536 63.574996948242 137 137 137
17.518239974976 12.709388732910 63.537002563477 135 135 135
17.525707244873 12.723114013672 63.495010375977 148 148 148
17.546897888184 12.729372024536 63.449005126953 152 152 152
17.561832427979 12.756822586060 63.402999877930 176 176 176
17.561832427979 12.756822586060 63.361007690430 166 166 166
17.540035247803 12.733104705811 63.322006225586 158 158 158
17.540035247803 12.733104705811 63.279006958008 153 153 153
17.540035247803 12.733104705811 63.238006591797 154 154 154
17.547504425049 12.746829986572 63.194000244141 158 158 158
17.547504425049 12.746829986572 63.151000976563 151 151 151
17.547504425049 12.746829986572 63.111007690430 153 153 153
17.540641784668 12.750564575195 63.063003540039 153 153 153
17.540641784668 12.750564575195 63.020004272461 149 149 149
17.547504425049 12.746829986572 62.979003906250 143 143 143
17.540641784668 12.750564575195 62.934997558594 136 136 136
17.540641784668 12.750564575195 62.889007568359 137 137 137
17.540641784668 12.750564575195 62.847000122070 142 142 142
17.541246414185 12.768022537231 62.800003051758 138 138 138
17.512586593628 12.748039245605 62.766998291016 154 154 154
17.519449234009 12.744306564331 62.721008300781 157 157 157
17.552371978760 12.281700134277 66.065002441406 197 197 197
17.552371978760 12.281700134277 66.027008056641 191 191 191
17.566701889038 12.291692733765 65.990005493164 214 214 214
17.566701889038 12.291692733765 65.951995849609 194 194 194
17.566701889038 12.291692733765 65.915008544922 167 167 167
17.588499069214 12.315408706665 65.650009155273 171 171 171
17.581636428833 12.319143295288 65.611999511719 205 205 205
17.588499069214 12.315408706665 65.572998046875 213 213 213
17.610296249390 12.339126586914 65.535995483398 201 201 201
17.581636428833 12.319143295288 65.497009277344 198 198 198
17.589103698730 12.332868576050 65.460006713867 179 179 179
17.581636428833 12.319143295288 65.421005249023 83 83 83
17.804050445557 12.482742309570 65.082000732422 117 117 117
17.804050445557 12.482742309570 65.042007446289 150 150 150
17.804050445557 12.482742309570 65.003005981445 148 148 148
17.782253265381 12.459026336670 64.964004516602 138 138 138
17.775390625000 12.462759017944 64.925003051758 145 145 145
17.761062622070 12.452766418457 64.886001586914 165 165 165
17.775390625000 12.462759017944 64.846008300781 135 135 135
17.782859802246 12.476484298706 64.805999755859 126 126 126
17.782859802246 12.476484298706 64.766998291016 138 138 138
17.768527984619 12.466491699219 64.727996826172 143 143 143
17.782859802246 12.476484298706 64.688003540039 136 136 136
17.782859802246 12.476484298706 64.649002075195 98 98 98
17.600410461426 12.255565643311 65.531997680664 167 167 167
17.600410461426 12.255565643311 65.494003295898 199 199 199
17.593547821045 12.259298324585 65.457000732422 206 206 206
17.614740371704 12.265556335449 65.419998168945 181 181 181
17.837154388428 12.429157257080 64.932998657227 44 44 44
17.815963745117 12.422897338867 64.895004272461 136 136 136
17.794769287109 12.416641235352 64.856002807617 131 131 131
17.794769287109 12.416641235352 64.818008422852 129 129 129
17.794769287109 12.416641235352 64.779006958008 126 126 126
17.794769287109 12.416641235352 64.740005493164 34 34 34
17.625623703003 12.579814910889 66.273010253906 43 43 43
17.533386230469 12.541057586670 65.975997924805 119 119 119
17.554578781128 12.547317504883 65.938003540039 190 190 190
17.547716140747 12.551050186157 65.899002075195 206 206 206
17.576375961304 12.571033477783 65.861007690430 195 195 195
17.576375961304 12.571033477783 65.820999145508 201 201 201
17.576375961304 12.571033477783 65.781997680664 216 216 216
17.569513320923 12.574768066406 65.744003295898 187 187 187
17.576980590820 12.588493347168 65.706008911133 180 180 180
17.576980590820 12.588493347168 65.667007446289 204 204 204
17.576980590820 12.588493347168 65.626998901367 197 197 197
17.576980590820 12.588493347168 65.587997436523 200 200 200
17.584447860718 12.602218627930 65.548995971680 220 220 220
17.584447860718 12.602218627930 65.509002685547 165 165 165
17.806861877441 12.765817642212 65.040008544922 124 124 124
17.813724517822 12.762083053589 64.999008178711 127 127 127
17.806861877441 12.765817642212 64.958999633789 138 138 138
17.814329147339 12.779541015625 64.917999267578 140 140 140
17.806861877441 12.765817642212 64.876998901367 141 141 141
17.785671234131 12.759559631348 64.837005615234 144 144 144
17.806861877441 12.765817642212 64.794998168945 153 153 153
17.793136596680 12.773284912109 64.755004882813 177 177 177
17.714019775391 12.709600448608 64.718002319336 167 167 167
17.764476776123 12.753299713135 64.673995971680 189 189 189
17.771945953369 12.767024993896 64.632995605469 144 144 144
17.722091674805 12.740783691406 64.596008300781 141 141 141
17.693431854248 12.720802307129 64.557006835938 184 184 184
17.693431854248 12.720802307129 64.516998291016 167 167 167
17.728954315186 12.737051010132 64.473999023438 148 148 148
17.786273956299 12.777017593384 64.428009033203 173 173 173
17.772548675537 12.784484863281 64.388000488281 129 129 129
17.786273956299 12.777017593384 64.346008300781 31 31 31
17.379779815674 12.749143600464 66.352996826172 153 153 153
17.337394714355 12.736627578735 66.301010131836 139 139 139
17.401575088501 12.772859573364 66.277008056641 123 123 123
17.409042358398 12.786584854126 66.236007690430 117 117 117
17.387849807739 12.780326843262 66.191009521484 122 122 122
17.387849807739 12.780326843262 66.152999877930 139 139 139
17.409646987915 12.804042816162 66.113006591797 117 117 117
17.552946090698 12.903961181641 65.895004272461 160 160 160
17.552946090698 12.903961181641 65.852005004883 184 184 184
17.574138641357 12.910217285156 65.811996459961 180 180 180
17.552946090698 12.903961181641 65.768997192383 180 180 180
17.552946090698 12.903961181641 65.727005004883 182 182 182
17.552946090698 12.903961181641 65.686004638672 189 189 189
17.552946090698 12.903961181641 65.645004272461 189 189 189
17.553550720215 12.921417236328 65.604003906250 191 191 191
17.553550720215 12.921417236328 65.561996459961 189 189 189
17.553550720215 12.921417236328 65.522003173828 155 155 155
17.790294647217 13.095008850098 65.027999877930 14 14 14
17.818954467773 13.114992141724 64.985000610352 128 128 128
17.812091827393 13.118726730347 64.942001342773 150 150 150
17.812091827393 13.118726730347 64.899002075195 147 147 147
17.797760009766 13.108734130859 64.857009887695 145 145 145
17.812091827393 13.118726730347 64.813003540039 154 154 154
17.812091827393 13.118726730347 64.770004272461 152 152 152
17.783432006836 13.098743438721 64.727996826172 108 108 108
17.798366546631 13.126194000244 64.684997558594 35 35 35
17.578762054443 13.245668411255 66.100006103516 74 74 74
17.556964874268 13.221952438354 66.054000854492 178 178 178
17.543239593506 13.229419708252 66.009002685547 186 186 186
17.557571411133 13.239410400391 65.966995239258 199 199 199
17.557571411133 13.239410400391 65.921997070313 221 221 221
17.558174133301 13.256870269775 65.880004882813 173 173 173
17.536983489990 13.250612258911 65.574005126953 73 73 73
17.536983489990 13.250612258911 65.531005859375 188 188 188
17.551311492920 13.260602951050 65.488998413086 197 197 197
17.537586212158 13.268070220947 65.445007324219 181 181 181
17.537586212158 13.268070220947 65.402008056641 191 191 191
17.551311492920 13.260602951050 65.359008789063 184 184 184
17.551311492920 13.260602951050 65.316009521484 113 113 113
17.780832290649 12.619888305664 64.458007812500 67 67 67
17.795162200928 12.629878997803 64.492004394531 74 74 74
17.795162200928 12.629878997803 64.526000976563 97 97 97
17.795162200928 12.629878997803 64.559997558594 99 99 99
17.795162200928 12.629878997803 64.594009399414 109 109 109
17.795162200928 12.629878997803 64.628005981445 98 98 98
17.780832290649 12.619888305664 64.662002563477 115 115 115
17.780227661133 12.602428436279 64.695999145508 181 181 181
17.765897750854 12.592437744141 64.729003906250 141 141 141
17.750358581543 12.547529220581 64.763000488281 148 148 148
17.749755859375 12.530069351196 64.796005249023 171 171 171
17.728561401367 12.523811340332 64.829010009766 177 177 177
17.728561401367 12.523811340332 64.861999511719 177 177 177
17.750358581543 12.547529220581 64.897003173828 166 166 166
17.780227661133 12.602428436279 64.932998657227 123 123 123
17.825031280518 12.684780120850 64.971008300781 105 105 105
17.825031280518 12.684780120850 65.005004882813 103 103 103
17.825031280518 12.684780120850 65.040008544922 93 93 93
17.615345001221 12.283016204834 65.333007812500 119 119 119
17.615345001221 12.283016204834 65.365997314453 129 129 129
17.615345001221 12.283016204834 65.398010253906 125 125 125
17.622812271118 12.296741485596 65.430999755859 132 132 132
17.615345001221 12.283016204834 65.462005615234 176 176 176
17.622812271118 12.296741485596 65.496002197266 172 172 172
17.615345001221 12.283016204834 65.527008056641 130 130 130
17.615949630737 12.300474166870 65.563003540039 53 53 53
17.601015090942 12.273023605347 65.885009765625 48 48 48
17.493812561035 12.811616897583 62.736999511719 166 166 166
17.493812561035 12.811616897583 62.775009155273 153 153 153
17.501279830933 12.825342178345 62.809997558594 153 153 153
17.501279830933 12.825342178345 62.848007202148 151 151 151
17.501279830933 12.825342178345 62.886001586914 155 155 155
17.493812561035 12.811616897583 62.923995971680 147 147 147
17.493812561035 12.811616897583 62.962005615234 146 146 146
17.501279830933 12.825342178345 62.998001098633 145 145 145
17.501279830933 12.825342178345 63.031997680664 145 145 145
17.493812561035 12.811616897583 63.072998046875 139 139 139
17.493812561035 12.811616897583 63.111007690430 143 143 143
17.493207931519 12.794158935547 63.148010253906 151 151 151
17.493812561035 12.811616897583 63.184005737305 142 142 142
17.493812561035 12.811616897583 63.218002319336 144 144 144
17.493812561035 12.811616897583 63.255996704102 142 142 142
17.493207931519 12.794158935547 63.292999267578 143 143 143
17.501279830933 12.825342178345 63.326004028320 146 146 146
17.493207931519 12.794158935547 63.365997314453 141 141 141
17.493812561035 12.811616897583 63.400009155273 143 143 143
17.493812561035 12.811616897583 63.436004638672 146 146 146
17.493812561035 12.811616897583 63.472000122070 153 153 153
17.493812561035 12.811616897583 63.507003784180 154 154 154
17.493207931519 12.794158935547 63.544006347656 159 159 159
17.493207931519 12.794158935547 63.579010009766 155 155 155
17.493207931519 12.794158935547 63.615005493164 150 150 150
17.493207931519 12.794158935547 63.650009155273 153 153 153
17.486345291138 12.797891616821 63.686004638672 158 158 158
17.493207931519 12.794158935547 63.721008300781 153 153 153
17.486345291138 12.797891616821 63.757003784180 150 150 150
17.486345291138 12.797891616821 63.792007446289 155 155 155
17.486345291138 12.797891616821 63.826995849609 148 148 148
17.486345291138 12.797891616821 63.861999511719 155 155 155
17.485740661621 12.780433654785 63.898010253906 146 146 146
17.486345291138 12.797891616821 63.930999755859 149 149 149
17.486345291138 12.797891616821 63.966003417969 150 150 150
17.485740661621 12.780433654785 64.001007080078 146 146 146
17.486345291138 12.797891616821 64.035003662109 152 152 152
17.486345291138 12.797891616821 64.069000244141 147 147 147
17.485740661621 12.780433654785 64.104995727539 152 152 152
17.486345291138 12.797891616821 64.138000488281 151 151 151
17.486345291138 12.797891616821 64.173004150391 152 152 152
17.486345291138 12.797891616821 64.207000732422 149 149 149
17.486345291138 12.797891616821 64.242004394531 150 150 150
17.486345291138 12.797891616821 64.276000976563 154 154 154
17.485740661621 12.780433654785 64.309997558594 158 158 158
17.485740661621 12.780433654785 64.345001220703 156 156 156
17.485740661621 12.780433654785 64.378997802734 162 162 162
17.486345291138 12.797891616821 64.412002563477 156 156 156
17.485740661621 12.780433654785 64.447006225586 166 166 166
17.485740661621 12.780433654785 64.481002807617 163 163 163
17.485740661621 12.780433654785 64.514999389648 157 157 157
17.485740661621 12.780433654785 64.548995971680 160 160 160
17.485740661621 12.780433654785 64.583007812500 161 161 161
17.485740661621 12.780433654785 64.617004394531 163 163 163
17.485740661621 12.780433654785 64.651000976563 163 163 163
17.471410751343 12.770441055298 64.684997558594 158 158 158
17.492603302002 12.776699066162 64.719009399414 161 161 161
17.485740661621 12.780433654785 64.753005981445 160 160 160
17.471410751343 12.770441055298 64.787002563477 158 158 158
17.492603302002 12.776699066162 64.820999145508 161 161 161
17.471410751343 12.770441055298 64.854995727539 161 161 161
17.471410751343 12.770441055298 64.889007568359 166 166 166
17.485740661621 12.780433654785 64.923004150391 164 164 164
17.485740661621 12.780433654785 64.957000732422 162 162 162
17.492603302002 12.776699066162 64.990997314453 163 163 163
17.471410751343 12.770441055298 65.025009155273 161 161 161
17.471410751343 12.770441055298 65.059005737305 160 160 160
17.471410751343 12.770441055298 65.093002319336 171 171 171
17.471410751343 12.770441055298 65.126998901367 168 168 168
17.492603302002 12.776699066162 65.162002563477 155 155 155
17.471410751343 12.770441055298 65.195007324219 158 158 158
17.471410751343 12.770441055298 65.229003906250 157 157 157
17.471410751343 12.770441055298 65.263000488281 153 153 153
17.478273391724 12.766708374023 65.296997070313 151 151 151
17.471410751343 12.770441055298 65.332000732422 155 155 155
17.492603302002 12.776699066162 65.367004394531 160 160 160
17.471410751343 12.770441055298 65.400009155273 158 158 158
17.478273391724 12.766708374023 65.434005737305 153 153 153
17.492603302002 12.776699066162 65.471008300781 157 157 157
17.471410751343 12.770441055298 65.503997802734 157 157 157
17.478273391724 12.766708374023 65.537002563477 181 181 181
17.478273391724 12.766708374023 65.572006225586 168 168 168
17.470806121826 12.752983093262 65.606002807617 171 171 171
17.478273391724 12.766708374023 65.641006469727 166 166 166
17.478273391724 12.766708374023 65.675003051758 165 165 165
17.478273391724 12.766708374023 65.710998535156 159 159 159
17.478273391724 12.766708374023 65.746002197266 151 151 151
17.456476211548 12.742990493774 65.777999877930 159 159 159
17.478273391724 12.766708374023 65.815002441406 165 165 165
17.471410751343 12.770441055298 65.852005004883 154 154 154
17.478273391724 12.766708374023 65.887008666992 151 151 151
17.456476211548 12.742990493774 65.919006347656 137 137 137
17.418537139893 12.656906127930 65.930007934570 199 199 199
17.478273391724 12.766708374023 65.992004394531 127 127 127
17.478273391724 12.766708374023 66.029006958008 115 115 115
17.471410751343 12.770441055298 66.065002441406 86 86 86
17.463338851929 12.739257812500 66.094009399414 101 101 101
17.426609039307 12.688091278076 66.113998413086 151 151 151
17.426609039307 12.688091278076 66.154006958008 146 146 146
17.426609039307 12.688091278076 66.182998657227 110 110 110
17.448406219482 12.711807250977 66.229003906250 124 124 124
17.441543579102 12.715541839600 66.268997192383 121 121 121
17.381805419922 12.605739593506 66.270004272461 136 136 136
17.425399780273 12.653171539307 66.322006225586 143 143 143
17.448406219482 12.711807250977 66.375000000000 67 67 67
17.908592224121 12.674896240234 64.565002441406 160 160 160
17.909196853638 12.692354202271 64.604995727539 17 17 17
17.916271209717 12.492839813232 64.841995239258 43 43 43
17.602405548096 12.716960906982 64.707000732422 127 127 127
17.609268188477 12.713228225708 64.745010375977 147 147 147
17.588073730469 12.706970214844 64.783996582031 155 155 155
17.588073730469 12.706970214844 64.822998046875 149 149 149
17.591098785400 12.794263839722 64.861007690430 161 161 161
17.576766967773 12.784273147583 65.095001220703 80 80 80
17.569904327393 12.788005828857 65.134002685547 166 166 166
17.569904327393 12.788005828857 65.173004150391 167 167 167
17.569904327393 12.788005828857 65.212005615234 177 177 177
17.576766967773 12.784273147583 65.251007080078 188 188 188
17.576766967773 12.784273147583 65.290008544922 185 185 185
17.576766967773 12.784273147583 65.329010009766 169 169 169
17.583629608154 12.780538558960 65.367996215820 155 155 155
17.561832427979 12.756822586060 65.406005859375 160 160 160
17.568695068359 12.753087997437 65.444000244141 158 158 158
17.574954986572 12.731895446777 65.481002807617 125 125 125
17.574348449707 12.714437484741 65.518997192383 116 116 116
17.574954986572 12.731895446777 65.559005737305 123 123 123
17.575557708740 12.749355316162 65.598999023438 136 136 136
17.574954986572 12.731895446777 65.638000488281 134 134 134
17.560623168945 12.721904754639 65.675003051758 128 128 128
17.566276550293 12.683252334595 65.710006713867 129 129 129
17.578794479370 12.640869140625 65.742004394531 155 155 155
17.570722579956 12.609683990479 65.777008056641 153 153 153
17.569513320923 12.574768066406 65.811996459961 159 159 159
17.576375961304 12.571033477783 65.847000122070 148 148 148
17.559627532959 12.491207122803 65.876998901367 138 138 138
17.559627532959 12.491207122803 65.915008544922 155 155 155
17.557813644409 12.438829421997 65.943008422852 157 157 157
17.562259674072 12.365261077881 65.970001220703 157 157 157
17.566701889038 12.291692733765 65.994003295898 152 152 152
17.554790496826 12.351535797119 66.117996215820 138 138 138
17.555397033691 12.368995666504 66.158996582031 142 142 142
17.552551269531 12.690719604492 66.263000488281 129 129 129
17.548925399780 12.585968017578 66.281997680664 148 148 148
17.542667388916 12.607160568237 66.326004028320 150 150 150
17.530755996704 12.667003631592 66.380004882813 91 91 91
