26.227653503418 28.592977523804 4.336990356445 141 141 141
26.226799011230 28.570894241333 4.363998413086 141 141 141
26.227653503418 28.592977523804 4.392990112305 132 132 132
26.227653503418 28.592977523804 4.419998168945 149 149 149
26.227653503418 28.592977523804 4.447998046875 164 164 164
26.206424713135 28.615911483765 4.473999023438 187 187 187
26.227653503418 28.592977523804 4.503997802734 171 171 171
26.206424713135 28.615911483765 4.529998779297 151 151 151
26.206424713135 28.615911483765 4.556991577148 78 78 78
26.239120483398 28.603590011597 4.929000854492 95 95 95
26.239120483398 28.603590011597 4.957992553711 135 135 135
26.239120483398 28.603590011597 4.989990234375 132 132 132
26.239120483398 28.603590011597 5.018997192383 139 139 139
26.239120483398 28.603590011597 5.044998168945 132 132 132
26.239120483398 28.603590011597 5.078002929688 132 132 132
26.239120483398 28.603590011597 5.106002807617 121 121 121
26.239120483398 28.603590011597 5.134002685547 111 111 111
26.239120483398 28.603590011597 5.162994384766 26 26 26
26.125434875488 29.094488143921 1.728988647461 150 150 150
26.135192871094 29.060937881470 1.757995605469 153 153 153
26.125434875488 29.094488143921 1.789001464844 153 153 153
26.125434875488 29.094488143921 1.819992065430 150 150 150
26.125434875488 29.094488143921 1.849990844727 149 149 149
26.125434875488 29.094488143921 1.881988525391 151 151 151
26.125434875488 29.094488143921 1.912994384766 155 155 155
26.125434875488 29.094488143921 1.940994262695 157 157 157
26.125434875488 29.094488143921 1.970993041992 154 154 154
26.167884826660 29.048618316650 1.981994628906 141 141 141
26.136901855469 29.105100631714 2.407989501953 159 159 159
26.136901855469 29.105100631714 2.434997558594 162 162 162
26.136901855469 29.105100631714 2.462997436523 160 160 160
26.136901855469 29.105100631714 2.488998413086 160 160 160
26.136901855469 29.105100631714 2.516998291016 159 159 159
26.136901855469 29.105100631714 2.543991088867 159 159 159
26.148368835449 29.115713119507 2.569000244141 154 154 154
26.136901855469 29.105100631714 2.599990844727 154 154 154
26.136901855469 29.105100631714 2.628997802734 161 161 161
26.136901855469 29.105100631714 2.652999877930 167 167 167
26.136901855469 29.105100631714 2.679992675781 161 161 161
26.136901855469 29.105100631714 2.705993652344 164 164 164
26.136901855469 29.105100631714 2.735000610352 162 162 162
26.148368835449 29.115713119507 2.759002685547 163 163 163
26.136901855469 29.105100631714 2.787002563477 162 162 162
26.148368835449 29.115713119507 2.811996459961 162 162 162
26.136901855469 29.105100631714 2.841003417969 162 162 162
26.136901855469 29.105100631714 2.865997314453 165 165 165
26.136901855469 29.105100631714 2.892990112305 168 168 168
26.148368835449 29.115713119507 2.916992187500 166 166 166
26.136901855469 29.105100631714 2.944992065430 166 166 166
26.159835815430 29.126327514648 2.970001220703 168 168 168
26.136901855469 29.105100631714 2.996994018555 165 165 165
26.159835815430 29.126327514648 3.022003173828 170 170 170
26.159835815430 29.126327514648 3.047988891602 170 170 170
26.136901855469 29.105100631714 3.074996948242 163 163 163
26.136901855469 29.105100631714 3.100997924805 162 162 162
26.159835815430 29.126327514648 3.125000000000 162 162 162
26.159835815430 29.126327514648 3.149993896484 164 164 164
26.159835815430 29.126327514648 3.175994873047 166 166 166
26.148368835449 29.115713119507 3.199996948242 167 167 167
26.136901855469 29.105100631714 3.227996826172 163 163 163
26.159835815430 29.126327514648 3.251998901367 163 163 163
26.159835815430 29.126327514648 3.277999877930 165 165 165
26.138610839844 29.149263381958 3.304992675781 167 167 167
26.136901855469 29.105100631714 3.328994750977 162 162 162
26.159835815430 29.126327514648 3.353988647461 166 166 166
26.159835815430 29.126327514648 3.378997802734 169 169 169
26.138610839844 29.149263381958 3.404998779297 163 163 163
26.159835815430 29.126327514648 3.429992675781 165 165 165
26.138610839844 29.149263381958 3.455001831055 162 162 162
26.159835815430 29.126327514648 3.478988647461 160 160 160
26.159835815430 29.126327514648 3.504989624023 160 160 160
26.159835815430 29.126327514648 3.529998779297 156 156 156
26.159835815430 29.126327514648 3.554992675781 152 152 152
26.159835815430 29.126327514648 3.578994750977 151 151 151
26.159835815430 29.126327514648 3.603988647461 154 154 154
26.159835815430 29.126327514648 3.628997802734 154 154 154
26.159835815430 29.126327514648 3.653991699219 150 150 150
26.159835815430 29.126327514648 3.679000854492 148 148 148
26.159835815430 29.126327514648 3.703994750977 145 145 145
26.159835815430 29.126327514648 3.728988647461 154 154 154
26.159835815430 29.126327514648 3.753997802734 155 155 155
26.159835815430 29.126327514648 3.778991699219 155 155 155
26.159835815430 29.126327514648 3.802993774414 157 157 157
26.159835815430 29.126327514648 3.828002929688 153 153 153
26.159835815430 29.126327514648 3.852996826172 152 152 152
26.159835815430 29.126327514648 3.877990722656 145 145 145
26.159835815430 29.126327514648 3.902999877930 153 153 153
26.171302795410 29.136940002441 3.927993774414 152 152 152
26.159835815430 29.126327514648 3.951995849609 154 154 154
26.171302795410 29.136940002441 3.976989746094 155 155 155
26.171302795410 29.136940002441 4.001998901367 153 153 153
26.159835815430 29.126327514648 4.026992797852 159 159 159
26.159835815430 29.126327514648 4.050994873047 155 155 155
26.171302795410 29.136940002441 4.076995849609 156 156 156
26.159835815430 29.126327514648 4.100997924805 152 152 152
26.159835815430 29.126327514648 4.125991821289 149 149 149
26.171302795410 29.136940002441 4.151992797852 146 146 146
26.171302795410 29.136940002441 4.177001953125 148 148 148
26.171302795410 29.136940002441 4.200988769531 151 151 151
26.171302795410 29.136940002441 4.225997924805 142 142 142
26.171302795410 29.136940002441 4.250991821289 146 146 146
26.171302795410 29.136940002441 4.276000976563 138 138 138
26.150077819824 29.159875869751 4.300994873047 135 135 135
26.182769775391 29.147552490234 4.325988769531 136 136 136
26.171302795410 29.136940002441 4.350997924805 138 138 138
26.182769775391 29.147552490234 4.376998901367 137 137 137
26.182769775391 29.147552490234 4.401992797852 134 134 134
26.182769775391 29.147552490234 4.427001953125 142 142 142
26.182769775391 29.147552490234 4.451995849609 134 134 134
26.182769775391 29.147552490234 4.476989746094 138 138 138
26.182769775391 29.147552490234 4.502990722656 139 139 139
26.171302795410 29.136940002441 4.528991699219 135 135 135
26.182769775391 29.147552490234 4.554000854492 135 135 135
26.182769775391 29.147552490234 4.578994750977 132 132 132
26.182769775391 29.147552490234 4.602996826172 133 133 133
26.182769775391 29.147552490234 4.628997802734 135 135 135
26.182769775391 29.147552490234 4.655990600586 133 133 133
26.182769775391 29.147552490234 4.680999755859 132 132 132
26.182769775391 29.147552490234 4.705993652344 133 133 133
26.182769775391 29.147552490234 4.733001708984 131 131 131
26.182769775391 29.147552490234 4.757995605469 134 134 134
26.182769775391 29.147552490234 4.784988403320 132 132 132
26.161544799805 29.170488357544 4.808990478516 131 131 131
26.161544799805 29.170488357544 4.833999633789 125 125 125
26.182769775391 29.147552490234 4.861999511719 130 130 130
26.182769775391 29.147552490234 4.888992309570 129 129 129
26.182769775391 29.147552490234 4.916000366211 127 127 127
26.161544799805 29.170488357544 4.940002441406 122 122 122
26.161544799805 29.170488357544 4.966003417969 127 127 127
26.161544799805 29.170488357544 4.991989135742 129 129 129
26.161544799805 29.170488357544 5.019989013672 104 104 104
26.161544799805 29.170488357544 5.041000366211 114 114 114
26.182769775391 29.147552490234 5.075988769531 133 133 133
26.161544799805 29.170488357544 5.097991943359 118 118 118
26.119091033936 29.216358184814 5.104995727539 108 108 108
26.097866058350 29.239292144775 5.121994018555 126 126 126
26.130558013916 29.226972579956 5.151000976563 105 105 105
26.099575042725 29.283454895020 5.167999267578 137 137 137
26.130558013916 29.226972579956 5.203994750977 119 119 119
26.151786804199 29.204036712646 5.241989135742 132 132 132
26.151786804199 29.204036712646 5.270996093750 138 138 138
26.097866058350 29.239292144775 5.278991699219 140 140 140
26.066879272461 29.295776367188 5.282989501953 144 144 144
26.099575042725 29.283454895020 5.330001831055 159 159 159
26.142028808594 29.237585067749 5.371002197266 78 78 78
26.496170043945 29.245994567871 3.576995849609 122 122 122
26.463478088379 29.258316040039 3.602996826172 160 160 160
26.496170043945 29.245994567871 3.627990722656 149 149 149
26.517395019531 29.223058700562 3.651992797852 144 144 144
26.559848785400 29.177188873291 3.675003051758 121 121 121
26.305137634277 29.452407836914 3.738998413086 68 68 68
26.305137634277 29.452407836914 3.763000488281 106 106 106
26.305137634277 29.452407836914 3.787002563477 132 132 132
26.293670654297 29.441795349121 3.810989379883 141 141 141
26.305137634277 29.452407836914 3.834991455078 137 137 137
26.305137634277 29.452407836914 3.858993530273 135 135 135
26.305137634277 29.452407836914 3.882995605469 136 136 136
26.305137634277 29.452407836914 3.906997680664 139 139 139
26.316604614258 29.463020324707 3.930999755859 139 139 139
26.305137634277 29.452407836914 3.955993652344 137 137 137
26.305137634277 29.452407836914 3.979995727539 136 136 136
26.305137634277 29.452407836914 4.003997802734 126 126 126
26.305137634277 29.452407836914 4.027999877930 76 76 76
26.146793365479 29.646501541138 4.291000366211 115 115 115
26.146793365479 29.646501541138 4.311996459961 138 138 138
26.146793365479 29.646501541138 4.335998535156 135 135 135
26.146793365479 29.646501541138 4.358001708984 137 137 137
26.146793365479 29.646501541138 4.380996704102 138 138 138
26.146793365479 29.646501541138 4.401992797852 180 180 180
26.146793365479 29.646501541138 4.425994873047 186 186 186
26.146793365479 29.646501541138 4.448989868164 172 172 172
26.146793365479 29.646501541138 4.472000122070 135 135 135
26.146793365479 29.646501541138 4.496002197266 123 123 123
26.137035369873 29.680049896240 4.892990112305 128 128 128
26.137035369873 29.680049896240 4.914993286133 170 170 170
26.137035369873 29.680049896240 4.938995361328 184 184 184
26.137035369873 29.680049896240 4.966003417969 170 170 170
26.137035369873 29.680049896240 4.988998413086 155 155 155
26.137035369873 29.680049896240 5.011001586914 166 166 166
26.137035369873 29.680049896240 5.037994384766 138 138 138
26.137035369873 29.680049896240 5.060989379883 153 153 153
26.137035369873 29.680049896240 5.084991455078 149 149 149
26.119091033936 29.216358184814 5.407989501953 32 32 32
26.120803833008 29.260519027710 5.365997314453 172 172 172
26.111042022705 29.294067382813 5.323989868164 162 162 162
26.101284027100 29.327615737915 5.283996582031 144 144 144
26.130558013916 29.226972579956 5.284988403320 157 157 157
26.119091033936 29.216358184814 5.257995605469 150 150 150
26.130558013916 29.226972579956 5.223999023438 131 131 131
26.097866058350 29.239292144775 5.190994262695 162 162 162
26.130558013916 29.226972579956 5.166992187500 147 147 147
26.097866058350 29.239292144775 5.136993408203 150 150 150
26.117385864258 29.172197341919 5.123001098633 93 93 93
26.127143859863 29.138648986816 5.099990844727 128 128 128
26.117385864258 29.172197341919 5.069000244141 171 171 171
26.117385864258 29.172197341919 5.039001464844 160 160 160
26.105915069580 29.161582946777 5.009002685547 172 172 172
26.105915069580 29.161582946777 4.979995727539 179 179 179
26.105915069580 29.161582946777 4.950988769531 182 182 182
26.105915069580 29.161582946777 4.921997070313 181 181 181
26.115676879883 29.128036499023 4.894989013672 181 181 181
26.105915069580 29.161582946777 4.863998413086 183 183 183
26.105915069580 29.161582946777 4.835998535156 178 178 178
26.105915069580 29.161582946777 4.806991577148 181 181 181
26.115676879883 29.128036499023 4.778991699219 179 179 179
26.115676879883 29.128036499023 4.750991821289 181 181 181
26.115676879883 29.128036499023 4.722991943359 184 184 184
26.115676879883 29.128036499023 4.692993164063 185 185 185
26.115676879883 29.128036499023 4.664001464844 189 189 189
26.094448089600 29.150970458984 4.634994506836 207 207 207
26.094448089600 29.150970458984 4.608001708984 190 190 190
26.094448089600 29.150970458984 4.578994750977 187 187 187
26.094448089600 29.150970458984 4.550003051758 186 186 186
26.094448089600 29.150970458984 4.522994995117 187 187 187
26.094448089600 29.150970458984 4.494003295898 187 187 187
26.094448089600 29.150970458984 4.466003417969 185 185 185
26.094448089600 29.150970458984 4.438003540039 185 185 185
26.094448089600 29.150970458984 4.408996582031 183 183 183
26.094448089600 29.150970458984 4.381988525391 177 177 177
26.094448089600 29.150970458984 4.352996826172 170 170 170
26.094448089600 29.150970458984 4.324996948242 181 181 181
26.094448089600 29.150970458984 4.296997070313 180 180 180
26.082981109619 29.140357971191 4.268997192383 175 175 175
26.082981109619 29.140357971191 4.239990234375 171 171 171
26.082981109619 29.140357971191 4.211990356445 173 173 173
26.082981109619 29.140357971191 4.183990478516 171 171 171
26.071514129639 29.129743576050 4.155990600586 171 171 171
26.071514129639 29.129743576050 4.127990722656 170 170 170
26.071514129639 29.129743576050 4.099990844727 169 169 169
26.071514129639 29.129743576050 4.071990966797 167 167 167
26.071514129639 29.129743576050 4.042999267578 164 164 164
26.071514129639 29.129743576050 4.014999389648 158 158 158
26.071514129639 29.129743576050 3.986999511719 155 155 155
26.071514129639 29.129743576050 3.958999633789 146 146 146
26.071514129639 29.129743576050 3.930999755859 142 142 142
26.071514129639 29.129743576050 3.901992797852 130 130 130
26.071514129639 29.129743576050 3.873992919922 123 123 123
26.069805145264 29.085584640503 3.845001220703 110 110 110
26.069805145264 29.085584640503 3.817001342773 91 91 91
26.069805145264 29.085584640503 3.787994384766 71 71 71
26.069805145264 29.085584640503 3.759994506836 31 31 31
26.330993652344 29.263442993164 4.076995849609 124 124 124
26.330993652344 29.263442993164 4.048995971680 143 143 143
26.308059692383 29.242216110229 4.019989013672 138 138 138
26.308059692383 29.242216110229 3.990997314453 135 135 135
26.309768676758 29.286376953125 3.962997436523 151 151 151
26.290252685547 29.353473663330 3.935989379883 152 152 152
26.301719665527 29.364086151123 3.907989501953 188 188 188
26.291957855225 29.397634506226 3.879989624023 211 211 211
26.290252685547 29.353473663330 3.851989746094 169 169 169
26.290252685547 29.353473663330 3.822998046875 216 216 216
26.311477661133 29.330539703369 3.793991088867 141 141 141
26.300010681152 29.319925308228 3.764999389648 153 153 153
26.300010681152 29.319925308228 3.735992431641 145 145 145
26.290252685547 29.353473663330 3.710998535156 129 129 129
26.291957855225 29.397634506226 3.684997558594 165 165 165
26.291957855225 29.397634506226 3.655990600586 142 142 142
26.290252685547 29.353473663330 3.625991821289 144 144 144
26.288539886475 29.309312820435 3.593994140625 130 130 130
26.309768676758 29.286376953125 3.561996459961 129 129 129
26.286834716797 29.265150070190 3.532989501953 118 118 118
26.286834716797 29.265150070190 3.500991821289 109 109 109
26.286834716797 29.265150070190 3.474990844727 58 58 58
26.579860687256 29.408609390259 3.942993164063 94 94 94
26.558631896973 29.431543350220 3.914001464844 38 38 38
26.626945495605 29.196706771851 3.666000366211 85 85 85
26.231071472168 28.681299209595 4.388000488281 187 187 187
26.231071472168 28.681299209595 4.418991088867 196 196 196
26.231071472168 28.681299209595 4.449996948242 198 198 198
26.219604492188 28.670684814453 4.481002807617 197 197 197
26.219604492188 28.670684814453 4.513000488281 218 218 218
26.219604492188 28.670684814453 4.543991088867 208 208 208
26.219604492188 28.670684814453 4.574996948242 197 197 197
26.219604492188 28.670684814453 4.606994628906 145 145 145
26.219604492188 28.670684814453 4.891998291016 73 73 73
26.219604492188 28.670684814453 4.921997070313 190 190 190
26.219604492188 28.670684814453 4.955001831055 194 194 194
26.219604492188 28.670684814453 4.987991333008 213 213 213
26.219604492188 28.670684814453 5.018997192383 191 191 191
26.219604492188 28.670684814453 5.050994873047 187 187 187
26.240829467773 28.647748947144 5.083999633789 192 192 192
26.240829467773 28.647748947144 5.116989135742 192 192 192
26.240829467773 28.647748947144 5.149002075195 150 150 150
26.112258911133 29.039712905884 2.056991577148 161 161 161
26.112258911133 29.039712905884 2.088989257813 166 166 166
26.112258911133 29.039712905884 2.121994018555 175 175 175
26.068092346191 29.041421890259 2.166000366211 146 146 146
26.154708862305 28.993843078613 2.434997558594 80 80 80
26.154708862305 28.993843078613 2.466995239258 55 55 55
26.296951293945 28.955167770386 3.461990356445 87 87 87
26.308418273926 28.965782165527 3.490997314453 164 164 164
26.308418273926 28.965782165527 3.520996093750 168 168 168
26.341110229492 28.953460693359 3.550003051758 175 175 175
26.318176269531 28.932233810425 3.580993652344 173 173 173
26.318176269531 28.932233810425 3.610000610352 170 170 170
26.318176269531 28.932233810425 3.640991210938 173 173 173
26.296951293945 28.955167770386 3.673995971680 170 170 170
26.264259338379 28.967491149902 3.707000732422 173 173 173
26.318176269531 28.932233810425 3.731994628906 193 193 193
26.318176269531 28.932233810425 3.763000488281 204 204 204
26.318176269531 28.932233810425 3.792999267578 158 158 158
26.318176269531 28.932233810425 3.823989868164 157 157 157
26.296951293945 28.955167770386 3.856002807617 116 116 116
26.264259338379 28.967491149902 3.886001586914 112 112 112
26.296951293945 28.955167770386 3.914993286133 108 108 108
26.296951293945 28.955167770386 3.944992065430 110 110 110
26.362339019775 28.930524826050 3.972991943359 171 171 171
26.362339019775 28.930524826050 4.002990722656 171 171 171
26.362339019775 28.930524826050 4.033996582031 171 171 171
26.362339019775 28.930524826050 4.063995361328 169 169 169
26.362339019775 28.930524826050 4.095001220703 92 92 92
26.208625793457 28.958585739136 4.537994384766 178 178 178
26.208625793457 28.958585739136 4.567001342773 210 210 210
26.208625793457 28.958585739136 4.597000122070 216 216 216
26.208625793457 28.958585739136 4.625991821289 209 209 209
26.208625793457 28.958585739136 4.656997680664 197 197 197
26.208625793457 28.958585739136 4.685989379883 214 214 214
26.208625793457 28.958585739136 4.714996337891 204 204 204
26.208625793457 28.958585739136 4.744995117188 189 189 189
26.208625793457 28.958585739136 4.776992797852 197 197 197
26.208625793457 28.958585739136 4.806991577148 192 192 192
26.208625793457 28.958585739136 4.837997436523 189 189 189
26.208625793457 28.958585739136 4.866989135742 193 193 193
26.208625793457 28.958585739136 4.897003173828 195 195 195
26.208625793457 28.958585739136 4.929000854492 190 190 190
26.241325378418 28.946264266968 4.960998535156 147 147 147
26.066387176514 28.997261047363 5.199996948242 76 76 76
26.252792358398 28.956878662109 5.272003173828 94 94 94
26.241325378418 28.946264266968 5.296997070313 131 131 131
26.175933837891 28.970909118652 5.317993164063 132 132 132
26.000999450684 29.021905899048 5.302001953125 132 132 132
25.968307495117 29.034227371216 5.328002929688 49 49 49
26.156417846680 29.038003921509 1.998001098633 131 131 131
26.286834716797 29.265150070190 3.449996948242 127 127 127
26.286834716797 29.265150070190 3.478988647461 170 170 170
26.286834716797 29.265150070190 3.506988525391 174 174 174
26.286834716797 29.265150070190 3.537002563477 168 168 168
26.286834716797 29.265150070190 3.565994262695 154 154 154
26.286834716797 29.265150070190 3.593994140625 172 172 172
26.308059692383 29.242216110229 3.621002197266 170 170 170
26.296592712402 29.231603622437 3.651992797852 187 187 187
26.308059692383 29.242216110229 3.679000854492 181 181 181
26.296592712402 29.231603622437 3.708999633789 197 197 197
26.308059692383 29.242216110229 3.735992431641 173 173 173
26.308059692383 29.242216110229 3.764999389648 168 168 168
26.308059692383 29.242216110229 3.793991088867 165 165 165
26.286834716797 29.265150070190 3.824996948242 169 169 169
26.275367736816 29.254537582397 3.853988647461 168 168 168
26.275367736816 29.254537582397 3.881988525391 174 174 174
26.263896942139 29.243925094604 3.909988403320 167 167 167
26.296592712402 29.231603622437 3.938003540039 164 164 164
26.308059692383 29.242216110229 3.966003417969 165 165 165
26.308059692383 29.242216110229 3.994003295898 165 165 165
26.329284667969 29.219280242920 4.022994995117 172 172 172
26.329284667969 29.219280242920 4.052001953125 168 168 168
26.329284667969 29.219280242920 4.080001831055 153 153 153
26.209121704102 29.257101058960 4.527999877930 182 182 182
26.209121704102 29.257101058960 4.556991577148 193 193 193
26.209121704102 29.257101058960 4.584991455078 198 198 198
26.209121704102 29.257101058960 4.612991333008 190 190 190
26.209121704102 29.257101058960 4.640991210938 188 188 188
26.209121704102 29.257101058960 4.668991088867 192 192 192
26.176429748535 29.269424438477 4.695999145508 196 196 196
26.176429748535 29.269424438477 4.724990844727 185 185 185
26.176429748535 29.269424438477 4.751998901367 196 196 196
26.176429748535 29.269424438477 4.779998779297 201 201 201
26.176429748535 29.269424438477 4.808990478516 197 197 197
26.176429748535 29.269424438477 4.836990356445 199 199 199
26.176429748535 29.269424438477 4.865997314453 197 197 197
26.209121704102 29.257101058960 4.895996093750 192 192 192
26.176429748535 29.269424438477 4.922988891602 129 129 129
26.164962768555 29.258811950684 5.175994873047 87 87 87
26.317817687988 29.208667755127 5.246994018555 74 74 74
26.329284667969 29.219280242920 5.278991699219 127 127 127
26.308059692383 29.242216110229 5.302001953125 137 137 137
26.263896942139 29.243925094604 5.321990966797 139 139 139
26.066879272461 29.295776367188 5.293991088867 132 132 132
26.099575042725 29.283454895020 5.335998535156 104 104 104
26.166313171387 29.579406738281 4.326995849609 174 174 174
26.166313171387 29.579406738281 4.352996826172 193 193 193
26.166313171387 29.579406738281 4.378997802734 199 199 199
26.166313171387 29.579406738281 4.405990600586 199 199 199
26.166313171387 29.579406738281 4.431991577148 192 192 192
26.166313171387 29.579406738281 4.457992553711 192 192 192
26.166313171387 29.579406738281 4.485000610352 197 197 197
26.166313171387 29.579406738281 4.511001586914 195 195 195
26.166313171387 29.579406738281 4.537002563477 189 189 189
26.166313171387 29.579406738281 4.563995361328 156 156 156
26.166313171387 29.579406738281 4.856002807617 185 185 185
26.154846191406 29.568794250488 4.882995605469 208 208 208
26.154846191406 29.568794250488 4.909988403320 216 216 216
26.166313171387 29.579406738281 4.938003540039 218 218 218
26.154846191406 29.568794250488 4.963989257813 201 201 201
26.166313171387 29.579406738281 4.988998413086 195 195 195
26.154846191406 29.568794250488 5.017990112305 199 199 199
26.166313171387 29.579406738281 5.046997070313 201 201 201
26.154846191406 29.568794250488 5.071990966797 166 166 166
26.391746520996 29.404830932617 3.996994018555 102 102 102
26.381988525391 29.438377380371 3.968994140625 121 121 121
26.383697509766 29.482540130615 3.942001342773 143 143 143
26.351005554199 29.494859695435 3.914993286133 168 168 168
26.360763549805 29.461313247681 3.886993408203 171 171 171
26.381988525391 29.438377380371 3.856994628906 143 143 143
26.370521545410 29.427764892578 3.828002929688 115 115 115
26.401504516602 29.371280670166 3.797988891602 92 92 92
26.394668579102 29.194637298584 3.700988769531 90 90 90
26.396381378174 29.238800048828 3.673995971680 155 155 155
26.375152587891 29.261734008789 3.645996093750 161 161 161
26.375152587891 29.261734008789 3.617996215820 148 148 148
26.375152587891 29.261734008789 3.588989257813 116 116 116
26.375152587891 29.261734008789 3.558990478516 64 64 64
26.373443603516 29.217573165894 3.526000976563 45 45 45
26.242668151855 29.266860961914 5.389999389648 120 120 120
26.244380950928 29.311019897461 5.349990844727 153 153 153
26.224861145020 29.378116607666 5.302001953125 145 145 145
26.242668151855 29.266860961914 5.302993774414 143 143 143
26.252429962158 29.233310699463 5.279998779297 132 132 132
26.230350494385 29.234167098999 5.246002197266 128 128 128
26.221443176270 29.289794921875 5.203994750977 141 141 141
26.230350494385 29.234167098999 5.186996459961 99 99 99
26.242668151855 29.266860961914 5.154998779297 56 56 56
26.240104675293 29.200618743896 5.134002685547 128 128 128
26.240104675293 29.200618743896 5.106002807617 125 125 125
26.251575469971 29.211231231689 5.071990966797 163 163 163
26.251575469971 29.211231231689 5.041992187500 151 151 151
26.230350494385 29.234167098999 5.013992309570 148 148 148
26.230350494385 29.234167098999 4.983001708984 142 142 142
26.209976196289 29.279180526733 4.949996948242 155 155 155
26.209976196289 29.279180526733 4.920989990234 159 159 159
26.209121704102 29.257101058960 4.889999389648 147 147 147
26.230350494385 29.234167098999 4.865997314453 134 134 134
26.230350494385 29.234167098999 4.838989257813 127 127 127
26.209121704102 29.257101058960 4.807998657227 127 127 127
26.230350494385 29.234167098999 4.781997680664 128 128 128
26.228637695313 29.190006256104 4.757995605469 139 139 139
26.228637695313 29.190006256104 4.726989746094 132 132 132
26.228637695313 29.190006256104 4.697998046875 128 128 128
26.228637695313 29.190006256104 4.670989990234 137 137 137
26.217170715332 29.179391860962 4.642990112305 142 142 142
26.207412719727 29.212942123413 4.612991333008 142 142 142
26.205703735352 29.168779373169 4.585998535156 153 153 153
26.207412719727 29.212942123413 4.555999755859 166 166 166
26.207412719727 29.212942123413 4.526992797852 173 173 173
26.205703735352 29.168779373169 4.500000000000 173 173 173
26.205703735352 29.168779373169 4.470993041992 168 168 168
26.205703735352 29.168779373169 4.442993164063 165 165 165
26.205703735352 29.168779373169 4.414993286133 169 169 169
26.205703735352 29.168779373169 4.386001586914 174 174 174
26.184478759766 29.191715240479 4.358001708984 179 179 179
26.184478759766 29.191715240479 4.328994750977 180 180 180
26.184478759766 29.191715240479 4.300994873047 183 183 183
26.194236755371 29.158166885376 4.272994995117 189 189 189
26.194236755371 29.158166885376 4.244003295898 192 192 192
26.194236755371 29.158166885376 4.216003417969 203 203 203
26.194236755371 29.158166885376 4.188003540039 204 204 204
26.194236755371 29.158166885376 4.158996582031 201 201 201
26.194236755371 29.158166885376 4.130996704102 194 194 194
26.194236755371 29.158166885376 4.102996826172 199 199 199
26.161544799805 29.170488357544 4.073989868164 192 192 192
26.161544799805 29.170488357544 4.045989990234 192 192 192
26.161544799805 29.170488357544 4.016998291016 192 192 192
26.161544799805 29.170488357544 3.988998413086 182 182 182
26.182769775391 29.147552490234 3.960998535156 186 186 186
26.161544799805 29.170488357544 3.931991577148 192 192 192
26.161544799805 29.170488357544 3.903991699219 192 192 192
26.182769775391 29.147552490234 3.875000000000 192 192 192
26.161544799805 29.170488357544 3.847000122070 192 192 192
26.150077819824 29.159875869751 3.819000244141 190 190 190
26.150077819824 29.159875869751 3.789993286133 191 191 191
26.161544799805 29.170488357544 3.761993408203 185 185 185
26.150077819824 29.159875869751 3.733001708984 186 186 186
26.150077819824 29.159875869751 3.705001831055 186 186 186
26.150077819824 29.159875869751 3.675994873047 183 183 183
26.150077819824 29.159875869751 3.647003173828 184 184 184
26.150077819824 29.159875869751 3.619003295898 185 185 185
26.138610839844 29.149263381958 3.591003417969 186 186 186
26.138610839844 29.149263381958 3.561996459961 184 184 184
26.138610839844 29.149263381958 3.532989501953 185 185 185
26.138610839844 29.149263381958 3.504989624023 184 184 184
26.138610839844 29.149263381958 3.474990844727 191 191 191
26.138610839844 29.149263381958 3.446990966797 179 179 179
26.138610839844 29.149263381958 3.417999267578 184 184 184
26.138610839844 29.149263381958 3.388992309570 185 185 185
26.117385864258 29.172197341919 3.360000610352 187 187 187
26.127143859863 29.138648986816 3.330993652344 185 185 185
26.127143859863 29.138648986816 3.302001953125 186 186 186
26.117385864258 29.172197341919 3.272994995117 188 188 188
26.127143859863 29.138648986816 3.242996215820 186 186 186
26.127143859863 29.138648986816 3.214996337891 187 187 187
26.127143859863 29.138648986816 3.184997558594 186 186 186
26.127143859863 29.138648986816 3.155990600586 186 186 186
26.127143859863 29.138648986816 3.125991821289 186 186 186
26.115676879883 29.128036499023 3.097000122070 186 186 186
26.115676879883 29.128036499023 3.067001342773 188 188 188
26.115676879883 29.128036499023 3.037002563477 184 184 184
26.115676879883 29.128036499023 3.006988525391 178 178 178
26.115676879883 29.128036499023 2.977996826172 173 173 173
26.115676879883 29.128036499023 2.946990966797 167 167 167
26.115676879883 29.128036499023 2.916992187500 166 166 166
26.115676879883 29.128036499023 2.888000488281 162 162 162
26.115676879883 29.128036499023 2.856994628906 159 159 159
26.071514129639 29.129743576050 2.826995849609 157 157 157
26.071514129639 29.129743576050 2.794998168945 155 155 155
26.071514129639 29.129743576050 2.764999389648 153 153 153
26.071514129639 29.129743576050 2.733001708984 142 142 142
26.071514129639 29.129743576050 2.705993652344 132 132 132
26.071514129639 29.129743576050 2.672988891602 102 102 102
26.071514129639 29.129743576050 2.641998291016 88 88 88
26.092742919922 29.106809616089 2.608993530273 37 37 37
26.009544372559 29.242710113525 5.305999755859 99 99 99
26.014175415039 29.076679229736 5.320999145508 143 143 143
26.000999450684 29.021905899048 5.305999755859 139 139 139
26.189247131348 29.600631713867 4.345993041992 99 99 99
26.189247131348 29.600631713867 4.371994018555 193 193 193
26.189247131348 29.600631713867 4.399002075195 193 193 193
26.189247131348 29.600631713867 4.425003051758 198 198 198
26.189247131348 29.600631713867 4.451995849609 198 198 198
26.166313171387 29.579406738281 4.477996826172 192 192 192
26.189247131348 29.600631713867 4.504989624023 194 194 194
26.189247131348 29.600631713867 4.530990600586 195 195 195
26.189247131348 29.600631713867 4.556991577148 187 187 187
26.189247131348 29.600631713867 4.584991455078 185 185 185
26.210472106934 29.577695846558 4.612991333008 37 37 37
26.187538146973 29.556470870972 4.852996826172 182 182 182
26.166313171387 29.579406738281 4.878997802734 201 201 201
26.166313171387 29.579406738281 4.905990600586 217 217 217
26.199005126953 29.567083358765 4.936996459961 228 228 228
26.187538146973 29.556470870972 4.960998535156 203 203 203
26.187538146973 29.556470870972 4.987991333008 196 196 196
26.187538146973 29.556470870972 5.016998291016 197 197 197
26.187538146973 29.556470870972 5.043991088867 199 199 199
26.166313171387 29.579406738281 5.067993164063 158 158 158
26.288539886475 29.309312820435 3.466995239258 41 41 41
26.288539886475 29.309312820435 3.496002197266 159 159 159
26.321235656738 29.296989440918 3.524002075195 165 165 165
26.321235656738 29.296989440918 3.552001953125 168 168 168
26.321235656738 29.296989440918 3.582000732422 144 144 144
26.309768676758 29.286376953125 3.608993530273 169 169 169
26.277072906494 29.298700332642 3.642990112305 164 164 164
26.309768676758 29.286376953125 3.667999267578 177 177 177
26.309768676758 29.286376953125 3.695999145508 181 181 181
26.309768676758 29.286376953125 3.724990844727 183 183 183
26.342460632324 29.274055480957 3.751998901367 172 172 172
26.342460632324 29.274055480957 3.779998779297 166 166 166
26.342460632324 29.274055480957 3.809997558594 170 170 170
26.277072906494 29.298700332642 3.841003417969 166 166 166
26.277072906494 29.298700332642 3.869003295898 170 170 170
26.277072906494 29.298700332642 3.897994995117 178 178 178
26.277072906494 29.298700332642 3.925994873047 168 168 168
26.309768676758 29.286376953125 3.953994750977 160 160 160
26.330993652344 29.263442993164 3.981002807617 168 168 168
26.330993652344 29.263442993164 4.009002685547 163 163 163
26.375152587891 29.261734008789 4.037994384766 168 168 168
26.375152587891 29.261734008789 4.067001342773 170 170 170
26.363685607910 29.251119613647 4.095001220703 147 147 147
26.221443176270 29.289794921875 4.543991088867 178 178 178
26.188751220703 29.302116394043 4.571990966797 189 189 189
26.221443176270 29.289794921875 4.600997924805 194 194 194
26.221443176270 29.289794921875 4.628997802734 192 192 192
26.221443176270 29.289794921875 4.655990600586 188 188 188
26.221443176270 29.289794921875 4.684997558594 191 191 191
26.221443176270 29.289794921875 4.713989257813 197 197 197
26.188751220703 29.302116394043 4.739990234375 195 195 195
26.188751220703 29.302116394043 4.768997192383 198 198 198
26.188751220703 29.302116394043 4.797988891602 199 199 199
26.188751220703 29.302116394043 4.825988769531 197 197 197
26.188751220703 29.302116394043 4.853988647461 198 198 198
26.187896728516 29.280036926270 4.882995605469 199 199 199
26.187896728516 29.280036926270 4.910995483398 188 188 188
26.166671752930 29.302970886230 5.162002563477 42 42 42
26.176429748535 29.269424438477 5.192001342773 108 108 108
26.242668151855 29.266860961914 5.240997314453 115 115 115
26.373443603516 29.217573165894 5.300003051758 129 129 129
26.329284667969 29.219280242920 5.321990966797 137 137 137
26.296592712402 29.231603622437 5.345001220703 136 136 136
26.057121276855 29.329324722290 5.310989379883 137 137 137
26.111042022705 29.294067382813 5.350997924805 146 146 146
26.225223541260 29.101682662964 1.985992431641 129 129 129
26.159835815430 29.126327514648 2.052993774414 137 137 137
26.159835815430 29.126327514648 2.089996337891 130 130 130
26.159835815430 29.126327514648 2.123001098633 123 123 123
26.159835815430 29.126327514648 2.153991699219 124 124 124
26.136901855469 29.105100631714 2.196990966797 124 124 124
26.115676879883 29.128036499023 2.464996337891 149 149 149
26.115676879883 29.128036499023 2.498001098633 147 147 147
26.115676879883 29.128036499023 2.527999877930 142 142 142
26.115676879883 29.128036499023 2.557998657227 138 138 138
26.115676879883 29.128036499023 2.589996337891 137 137 137
26.104209899902 29.117424011230 2.621002197266 141 141 141
26.104209899902 29.117424011230 2.652999877930 146 146 146
26.104209899902 29.117424011230 2.684997558594 146 146 146
26.104209899902 29.117424011230 2.716995239258 149 149 149
26.104209899902 29.117424011230 2.748001098633 150 150 150
26.104209899902 29.117424011230 2.777999877930 150 150 150
26.104209899902 29.117424011230 2.807998657227 146 146 146
26.104209899902 29.117424011230 2.837997436523 143 143 143
26.104209899902 29.117424011230 2.867996215820 146 146 146
26.104209899902 29.117424011230 2.899002075195 148 148 148
26.104209899902 29.117424011230 2.927001953125 152 152 152
26.115676879883 29.128036499023 2.955001831055 153 153 153
26.125434875488 29.094488143921 2.981994628906 155 155 155
26.125434875488 29.094488143921 3.009994506836 156 156 156
26.125434875488 29.094488143921 3.039001464844 156 156 156
26.125434875488 29.094488143921 3.070999145508 148 148 148
26.113967895508 29.083873748779 3.102996826172 137 137 137
26.113967895508 29.083873748779 3.131988525391 133 133 133
26.113967895508 29.083873748779 3.164993286133 136 136 136
26.113967895508 29.083873748779 3.194992065430 135 135 135
26.113967895508 29.083873748779 3.224990844727 140 140 140
26.113967895508 29.083873748779 3.253997802734 137 137 137
26.113967895508 29.083873748779 3.280990600586 132 132 132
26.125434875488 29.094488143921 3.308990478516 124 124 124
26.158126831055 29.082164764404 3.332000732422 120 120 120
26.179351806641 29.059230804443 3.360000610352 115 115 115
26.179351806641 29.059230804443 3.388992309570 90 90 90
26.179351806641 29.059230804443 3.418991088867 42 42 42
26.321594238281 29.020557403564 3.457992553711 146 146 146
26.321594238281 29.020557403564 3.487991333008 174 174 174
26.321594238281 29.020557403564 3.517990112305 178 178 178
26.321594238281 29.020557403564 3.546997070313 175 175 175
26.321594238281 29.020557403564 3.576995849609 168 168 168
26.342819213867 28.997621536255 3.606002807617 171 171 171
26.342819213867 28.997621536255 3.636993408203 168 168 168
26.342819213867 28.997621536255 3.666992187500 170 170 170
26.221805572510 29.013360977173 3.707992553711 164 164 164
26.200576782227 29.036294937134 3.737991333008 162 162 162
26.244743347168 29.034587860107 3.764999389648 166 166 166
26.277435302734 29.022264480591 3.792999267578 153 153 153
26.277435302734 29.022264480591 3.822998046875 146 146 146
26.221805572510 29.013360977173 3.854995727539 155 155 155
26.200576782227 29.036294937134 3.886001586914 153 153 153
26.221805572510 29.013360977173 3.914001464844 130 130 130
26.298660278320 28.999330520630 3.940002441406 109 109 109
26.342819213867 28.997621536255 3.968002319336 119 119 119
26.375514984131 28.985300064087 3.996994018555 168 168 168
26.375514984131 28.985300064087 4.026992797852 174 174 174
26.375514984131 28.985300064087 4.056991577148 172 172 172
26.375514984131 28.985300064087 4.087997436523 169 169 169
26.396743774414 28.962364196777 4.117996215820 31 31 31
26.221805572510 29.013360977173 4.560989379883 177 177 177
26.210338592529 29.002748489380 4.589996337891 202 202 202
26.210338592529 29.002748489380 4.619995117188 212 212 212
26.210338592529 29.002748489380 4.649002075195 206 206 206
26.210338592529 29.002748489380 4.677993774414 205 205 205
26.210338592529 29.002748489380 4.708999633789 215 215 215
26.221805572510 29.013360977173 4.738998413086 204 204 204
26.210338592529 29.002748489380 4.768997192383 195 195 195
26.221805572510 29.013360977173 4.798995971680 193 193 193
26.254497528076 29.001037597656 4.830001831055 190 190 190
26.254497528076 29.001037597656 4.858993530273 190 190 190
26.254497528076 29.001037597656 4.889999389648 190 190 190
26.254497528076 29.001037597656 4.920989990234 191 191 191
26.254497528076 29.001037597656 4.950988769531 188 188 188
26.254497528076 29.001037597656 4.985992431641 42 42 42
26.122016906738 29.006166458130 5.199996948242 47 47 47
26.068092346191 29.041421890259 5.220001220703 61 61 61
26.275726318359 28.978103637695 5.297988891602 120 120 120
26.231563568115 28.979812622070 5.319000244141 131 131 131
26.198871612549 28.992134094238 5.339996337891 137 137 137
26.002708435059 29.066066741943 5.321990966797 119 119 119
26.244247436523 28.736072540283 4.418991088867 182 182 182
26.244247436523 28.736072540283 4.449996948242 196 196 196
26.244247436523 28.736072540283 4.481002807617 193 193 193
26.244247436523 28.736072540283 4.511993408203 196 196 196
26.244247436523 28.736072540283 4.542999267578 204 204 204
26.244247436523 28.736072540283 4.574996948242 215 215 215
26.244247436523 28.736072540283 4.604995727539 203 203 203
26.244247436523 28.736072540283 4.636001586914 142 142 142
26.298164367676 28.700815200806 4.893997192383 50 50 50
26.265472412109 28.713138580322 4.920989990234 191 191 191
26.265472412109 28.713138580322 4.953002929688 209 209 209
26.265472412109 28.713138580322 4.985000610352 202 202 202
26.265472412109 28.713138580322 5.016998291016 204 204 204
26.265472412109 28.713138580322 5.050003051758 189 189 189
26.265472412109 28.713138580322 5.080993652344 189 189 189
26.265472412109 28.713138580322 5.112991333008 188 188 188
26.265472412109 28.713138580322 5.144989013672 168 168 168
26.581569671631 29.452768325806 3.933990478516 49 49 49
26.602798461914 29.429834365845 3.959991455078 48 48 48
26.300010681152 29.319925308228 3.481994628906 74 74 74
26.300010681152 29.319925308228 3.506988525391 118 118 118
26.321235656738 29.296989440918 3.530990600586 145 145 145
26.321235656738 29.296989440918 3.554992675781 153 153 153
26.321235656738 29.296989440918 3.580993652344 136 136 136
26.290252685547 29.353473663330 3.608993530273 127 127 127
26.269023895264 29.376409530640 3.634994506836 142 142 142
26.269023895264 29.376409530640 3.659988403320 134 134 134
26.269023895264 29.376409530640 3.683990478516 121 121 121
26.278785705566 29.342859268188 3.705993652344 153 153 153
26.300010681152 29.319925308228 3.729995727539 174 174 174
26.300010681152 29.319925308228 3.754989624023 187 187 187
26.300010681152 29.319925308228 3.778991699219 182 182 182
26.300010681152 29.319925308228 3.804000854492 164 164 164
26.278785705566 29.342859268188 3.828994750977 153 153 153
26.290252685547 29.353473663330 3.853988647461 163 163 163
26.278785705566 29.342859268188 3.877990722656 162 162 162
26.290252685547 29.353473663330 3.901992797852 150 150 150
26.278785705566 29.342859268188 3.927001953125 156 156 156
26.278785705566 29.342859268188 3.951995849609 151 151 151
26.330993652344 29.263442993164 3.977996826172 146 146 146
26.330993652344 29.263442993164 4.002990722656 150 150 150
26.330993652344 29.263442993164 4.028991699219 140 140 140
26.375152587891 29.261734008789 4.054000854492 137 137 137
26.375152587891 29.261734008789 4.078994750977 138 138 138
26.184120178223 29.468149185181 4.421997070313 73 73 73
26.184120178223 29.468149185181 4.448989868164 135 135 135
26.184120178223 29.468149185181 4.473999023438 141 141 141
26.193878173828 29.434598922729 4.498992919922 140 140 140
26.184120178223 29.468149185181 4.522994995117 137 137 137
26.184120178223 29.468149185181 4.544998168945 136 136 136
26.184120178223 29.468149185181 4.570999145508 142 142 142
26.184120178223 29.468149185181 4.595001220703 135 135 135
26.184120178223 29.468149185181 4.619995117188 134 134 134
26.184120178223 29.468149185181 4.643997192383 129 129 129
26.205345153809 29.445213317871 4.670989990234 77 77 77
26.205345153809 29.445213317871 4.768997192383 118 118 118
26.184120178223 29.468149185181 4.789001464844 158 158 158
26.184120178223 29.468149185181 4.813995361328 149 149 149
26.184120178223 29.468149185181 4.841003417969 140 140 140
26.184120178223 29.468149185181 4.865997314453 154 154 154
26.184120178223 29.468149185181 4.888000488281 151 151 151
26.184120178223 29.468149185181 4.916000366211 134 134 134
26.184120178223 29.468149185181 4.940002441406 150 150 150
26.184120178223 29.468149185181 4.964996337891 160 160 160
26.184120178223 29.468149185181 4.987991333008 128 128 128
26.363685607910 29.251119613647 5.255996704102 101 101 101
26.332702636719 29.307603836060 5.265991210938 118 118 118
26.269023895264 29.376409530640 5.263000488281 58 58 58
26.113967895508 29.083873748779 1.727996826172 166 166 166
26.081272125244 29.096197128296 1.761993408203 167 167 167
26.113967895508 29.083873748779 1.791000366211 166 166 166
26.113967895508 29.083873748779 1.821990966797 166 166 166
26.113967895508 29.083873748779 1.851989746094 167 167 167
26.113967895508 29.083873748779 1.880996704102 165 165 165
26.113967895508 29.083873748779 1.912994384766 163 163 163
26.081272125244 29.096197128296 1.944992065430 161 161 161
26.113967895508 29.083873748779 1.972991943359 161 161 161
26.113967895508 29.083873748779 1.998992919922 162 162 162
26.081272125244 29.096197128296 2.033996582031 161 161 161
26.081272125244 29.096197128296 2.065002441406 158 158 158
26.113967895508 29.083873748779 2.089996337891 157 157 157
26.113967895508 29.083873748779 2.422988891602 177 177 177
26.113967895508 29.083873748779 2.447998046875 184 184 184
26.102497100830 29.073261260986 2.475997924805 189 189 189
26.113967895508 29.083873748779 2.514999389648 142 142 142
26.113967895508 29.083873748779 2.539993286133 142 142 142
26.081272125244 29.096197128296 2.570999145508 143 143 143
26.081272125244 29.096197128296 2.597991943359 143 143 143
26.113967895508 29.083873748779 2.621002197266 141 141 141
26.081272125244 29.096197128296 2.651000976563 136 136 136
26.113967895508 29.083873748779 2.675994873047 135 135 135
26.081272125244 29.096197128296 2.703994750977 138 138 138
26.081272125244 29.096197128296 2.731994628906 134 134 134
26.113967895508 29.083873748779 2.756988525391 135 135 135
26.092742919922 29.106809616089 2.787002563477 136 136 136
26.113967895508 29.083873748779 2.809997558594 137 137 137
26.113967895508 29.083873748779 2.835998535156 133 133 133
26.081272125244 29.096197128296 2.862991333008 128 128 128
26.081272125244 29.096197128296 2.888992309570 133 133 133
26.081272125244 29.096197128296 2.914993286133 132 132 132
26.113967895508 29.083873748779 2.940002441406 134 134 134
26.081272125244 29.096197128296 2.968002319336 135 135 135
26.081272125244 29.096197128296 2.992996215820 135 135 135
26.092742919922 29.106809616089 3.019989013672 129 129 129
26.092742919922 29.106809616089 3.046997070313 130 130 130
26.092742919922 29.106809616089 3.071990966797 128 128 128
26.092742919922 29.106809616089 3.097991943359 128 128 128
26.092742919922 29.106809616089 3.121994018555 132 132 132
26.081272125244 29.096197128296 3.147994995117 123 123 123
26.092742919922 29.106809616089 3.173995971680 125 125 125
26.092742919922 29.106809616089 3.199996948242 124 124 124
26.081272125244 29.096197128296 3.223999023438 125 125 125
26.092742919922 29.106809616089 3.250000000000 126 126 126
26.092742919922 29.106809616089 3.276000976563 125 125 125
26.092742919922 29.106809616089 3.300994873047 115 115 115
26.092742919922 29.106809616089 3.325988769531 113 113 113
26.092742919922 29.106809616089 3.349990844727 107 107 107
26.092742919922 29.106809616089 3.376998901367 109 109 109
26.092742919922 29.106809616089 3.401992797852 99 99 99
26.092742919922 29.106809616089 3.425994873047 96 96 96
26.092742919922 29.106809616089 3.449996948242 84 84 84
26.092742919922 29.106809616089 3.476989746094 78 78 78
26.092742919922 29.106809616089 3.500991821289 73 73 73
26.092742919922 29.106809616089 3.526000976563 72 72 72
26.092742919922 29.106809616089 3.550994873047 55 55 55
26.092742919922 29.106809616089 3.574996948242 48 48 48
26.092742919922 29.106809616089 3.599990844727 44 44 44
26.092742919922 29.106809616089 3.625000000000 33 33 33
26.293533325195 28.866846084595 3.791992187500 106 106 106
26.314758300781 28.843912124634 3.817993164063 123 123 123
26.335983276367 28.820976257324 3.845001220703 133 133 133
26.335983276367 28.820976257324 3.871994018555 137 137 137
26.335983276367 28.820976257324 3.899002075195 140 140 140
26.347454071045 28.831588745117 3.925994873047 136 136 136
26.357212066650 28.798042297363 3.953002929688 132 132 132
26.347454071045 28.831588745117 3.979995727539 114 114 114
26.231563568115 28.979812622070 4.524002075195 127 127 127
26.231563568115 28.979812622070 4.550994873047 150 150 150
26.231563568115 28.979812622070 4.578002929688 173 173 173
26.208625793457 28.958585739136 4.601989746094 184 184 184
26.208625793457 28.958585739136 4.627990722656 177 177 177
26.208625793457 28.958585739136 4.655990600586 180 180 180
26.231563568115 28.979812622070 4.683990478516 180 180 180
26.231563568115 28.979812622070 4.710998535156 162 162 162
26.187400817871 28.981521606445 4.731994628906 123 123 123
26.166175842285 29.004455566406 4.748992919922 134 134 134
26.241325378418 28.946264266968 4.792999267578 138 138 138
26.252792358398 28.956878662109 4.821990966797 140 140 140
26.252792358398 28.956878662109 4.849990844727 136 136 136
26.231563568115 28.979812622070 4.873992919922 136 136 136
26.241325378418 28.946264266968 4.901992797852 134 134 134
26.241325378418 28.946264266968 4.930999755859 138 138 138
26.231563568115 28.979812622070 4.949996948242 139 139 139
26.156417846680 29.038003921509 4.950988769531 131 131 131
26.113967895508 29.083873748779 4.970001220703 134 134 134
26.113967895508 29.083873748779 4.992996215820 171 171 171
26.113967895508 29.083873748779 5.017990112305 199 199 199
26.113967895508 29.083873748779 5.042999267578 207 207 207
26.113967895508 29.083873748779 5.069992065430 198 198 198
26.113967895508 29.083873748779 5.099990844727 166 166 166
26.113967895508 29.083873748779 5.129989624023 102 102 102
26.050285339355 29.152679443359 5.130996704102 97 97 97
26.029060363770 29.175613403320 5.144989013672 122 122 122
26.050285339355 29.152679443359 5.177993774414 122 122 122
26.029060363770 29.175613403320 5.194000244141 135 135 135
26.071514129639 29.129743576050 5.246994018555 132 132 132
26.135192871094 29.060937881470 5.297988891602 142 142 142
26.156417846680 29.038003921509 5.343002319336 154 154 154
26.104209899902 29.117424011230 5.335998535156 160 160 160
25.976852416992 29.255033493042 5.302993774414 129 129 129
26.040527343750 29.186227798462 5.353988647461 94 94 94
26.029060363770 29.175613403320 5.401992797852 105 105 105
26.009544372559 29.242710113525 5.345993041992 125 125 125
25.988319396973 29.265645980835 5.311996459961 139 139 139
26.082981109619 29.140357971191 5.335998535156 133 133 133
26.050285339355 29.152679443359 5.298995971680 130 130 130
26.040527343750 29.186227798462 5.267990112305 130 130 130
26.030769348145 29.219776153564 5.226989746094 131 131 131
26.061752319336 29.163293838501 5.220993041992 131 131 131
26.030769348145 29.219776153564 5.175003051758 154 154 154
26.040527343750 29.186227798462 5.155990600586 135 135 135
26.104209899902 29.117424011230 5.158996582031 105 105 105
26.113967895508 29.083873748779 5.140991210938 128 128 128
26.104209899902 29.117424011230 5.103988647461 193 193 193
26.104209899902 29.117424011230 5.076995849609 188 188 188
26.104209899902 29.117424011230 5.052001953125 188 188 188
26.104209899902 29.117424011230 5.022994995117 190 190 190
26.071514129639 29.129743576050 4.990997314453 144 144 144
26.082981109619 29.140357971191 4.961990356445 145 145 145
26.071514129639 29.129743576050 4.940002441406 157 157 157
26.082981109619 29.140357971191 4.909988403320 172 172 172
26.071514129639 29.129743576050 4.884994506836 170 170 170
26.061752319336 29.163293838501 4.852996826172 162 162 162
26.082981109619 29.140357971191 4.828002929688 160 160 160
26.082981109619 29.140357971191 4.805999755859 170 170 170
26.082981109619 29.140357971191 4.777999877930 178 178 178
26.061752319336 29.163293838501 4.748992919922 171 171 171
26.061752319336 29.163293838501 4.722991943359 166 166 166
26.082981109619 29.140357971191 4.699996948242 173 173 173
26.061752319336 29.163293838501 4.671997070313 166 166 166
26.061752319336 29.163293838501 4.647003173828 168 168 168
26.082981109619 29.140357971191 4.625000000000 166 166 166
26.082981109619 29.140357971191 4.597000122070 166 166 166
26.082981109619 29.140357971191 4.571990966797 164 164 164
26.082981109619 29.140357971191 4.545989990234 168 168 168
26.082981109619 29.140357971191 4.522003173828 172 172 172
26.082981109619 29.140357971191 4.496002197266 169 169 169
26.082981109619 29.140357971191 4.472000122070 172 172 172
26.082981109619 29.140357971191 4.444992065430 172 172 172
26.082981109619 29.140357971191 4.419998168945 172 172 172
26.082981109619 29.140357971191 4.395996093750 168 168 168
26.082981109619 29.140357971191 4.371002197266 171 171 171
26.082981109619 29.140357971191 4.345993041992 173 173 173
26.082981109619 29.140357971191 4.319992065430 171 171 171
26.082981109619 29.140357971191 4.294998168945 174 174 174
26.082981109619 29.140357971191 4.269989013672 171 171 171
26.073219299316 29.173906326294 4.244995117188 169 169 169
26.082981109619 29.140357971191 4.220001220703 172 172 172
26.082981109619 29.140357971191 4.194992065430 173 173 173
26.082981109619 29.140357971191 4.170989990234 173 173 173
26.073219299316 29.173906326294 4.144989013672 171 171 171
26.073219299316 29.173906326294 4.119995117188 169 169 169
26.082981109619 29.140357971191 4.095993041992 175 175 175
26.082981109619 29.140357971191 4.070999145508 173 173 173
26.082981109619 29.140357971191 4.045989990234 175 175 175
26.082981109619 29.140357971191 4.020996093750 172 172 172
26.082981109619 29.140357971191 3.996002197266 172 172 172
26.082981109619 29.140357971191 3.970993041992 168 168 168
26.082981109619 29.140357971191 3.946990966797 172 172 172
26.082981109619 29.140357971191 3.921997070313 170 170 170
26.082981109619 29.140357971191 3.897003173828 170 170 170
26.082981109619 29.140357971191 3.871994018555 168 168 168
26.082981109619 29.140357971191 3.847000122070 167 167 167
26.082981109619 29.140357971191 3.821990966797 170 170 170
26.082981109619 29.140357971191 3.797988891602 169 169 169
26.094448089600 29.150970458984 3.772003173828 169 169 169
26.073219299316 29.173906326294 3.748001098633 168 168 168
26.082981109619 29.140357971191 3.722991943359 168 168 168
26.082981109619 29.140357971191 3.697998046875 167 167 167
26.082981109619 29.140357971191 3.672988891602 166 166 166
26.094448089600 29.150970458984 3.647994995117 170 170 170
26.094448089600 29.150970458984 3.623001098633 165 165 165
26.082981109619 29.140357971191 3.597991943359 167 167 167
26.082981109619 29.140357971191 3.572998046875 165 165 165
26.082981109619 29.140357971191 3.547988891602 167 167 167
26.082981109619 29.140357971191 3.522994995117 166 166 166
26.094448089600 29.150970458984 3.498001098633 164 164 164
26.094448089600 29.150970458984 3.472000122070 167 167 167
26.094448089600 29.150970458984 3.447998046875 166 166 166
26.094448089600 29.150970458984 3.421997070313 163 163 163
26.094448089600 29.150970458984 3.397003173828 159 159 159
26.094448089600 29.150970458984 3.371002197266 159 159 159
26.094448089600 29.150970458984 3.345993041992 164 164 164
26.094448089600 29.150970458984 3.320999145508 162 162 162
26.094448089600 29.150970458984 3.294998168945 165 165 165
26.094448089600 29.150970458984 3.268997192383 167 167 167
26.094448089600 29.150970458984 3.244995117188 162 162 162
26.071514129639 29.129743576050 3.216995239258 164 164 164
26.094448089600 29.150970458984 3.192001342773 164 164 164
26.094448089600 29.150970458984 3.166992187500 162 162 162
26.094448089600 29.150970458984 3.140991210938 163 163 163
26.094448089600 29.150970458984 3.114990234375 165 165 165
26.071514129639 29.129743576050 3.088989257813 162 162 162
26.094448089600 29.150970458984 3.063995361328 157 157 157
26.071514129639 29.129743576050 3.037002563477 163 163 163
26.071514129639 29.129743576050 3.011001586914 159 159 159
26.115676879883 29.128036499023 2.983993530273 160 160 160
26.115676879883 29.128036499023 2.955993652344 158 158 158
26.115676879883 29.128036499023 2.929000854492 159 159 159
26.115676879883 29.128036499023 2.904998779297 157 157 157
26.115676879883 29.128036499023 2.877990722656 158 158 158
26.115676879883 29.128036499023 2.850997924805 159 159 159
26.115676879883 29.128036499023 2.825988769531 158 158 158
26.115676879883 29.128036499023 2.797988891602 160 160 160
26.115676879883 29.128036499023 2.770996093750 159 159 159
26.115676879883 29.128036499023 2.744003295898 161 161 161
26.115676879883 29.128036499023 2.718002319336 159 159 159
26.115676879883 29.128036499023 2.690994262695 158 158 158
26.115676879883 29.128036499023 2.664001464844 158 158 158
26.115676879883 29.128036499023 2.636001586914 155 155 155
26.115676879883 29.128036499023 2.608993530273 157 157 157
26.115676879883 29.128036499023 2.582000732422 155 155 155
26.115676879883 29.128036499023 2.552993774414 155 155 155
26.115676879883 29.128036499023 2.526000976563 153 153 153
26.115676879883 29.128036499023 2.498992919922 156 156 156
26.115676879883 29.128036499023 2.470001220703 156 156 156
26.115676879883 29.128036499023 2.442001342773 155 155 155
26.158126831055 29.082164764404 2.011001586914 130 130 130
26.115676879883 29.128036499023 1.998992919922 157 157 157
26.115676879883 29.128036499023 1.972000122070 154 154 154
26.115676879883 29.128036499023 1.938003540039 152 152 152
26.115676879883 29.128036499023 1.906997680664 152 152 152
26.115676879883 29.128036499023 1.875991821289 148 148 148
26.125434875488 29.094488143921 1.843002319336 150 150 150
26.115676879883 29.128036499023 1.813995361328 149 149 149
26.125434875488 29.094488143921 1.779998779297 155 155 155
26.115676879883 29.128036499023 1.756988525391 146 146 146
26.115676879883 29.128036499023 1.726989746094 163 163 163
26.145084381104 29.602340698242 5.095993041992 137 137 137
26.156551361084 29.612953186035 5.071990966797 165 165 165
26.156551361084 29.612953186035 5.047988891602 160 160 160
26.135326385498 29.635889053345 5.018997192383 137 137 137
26.135326385498 29.635889053345 4.994995117188 171 171 171
26.145084381104 29.602340698242 4.970993041992 200 200 200
26.135326385498 29.635889053345 4.944000244141 188 188 188
26.156551361084 29.612953186035 4.922988891602 176 176 176
26.135326385498 29.635889053345 4.897003173828 159 159 159
26.156551361084 29.612953186035 4.873992919922 75 75 75
26.156551361084 29.612953186035 4.585998535156 86 86 86
26.135326385498 29.635889053345 4.559997558594 134 134 134
26.156551361084 29.612953186035 4.537002563477 134 134 134
26.156551361084 29.612953186035 4.513992309570 137 137 137
26.135326385498 29.635889053345 4.488998413086 137 137 137
26.156551361084 29.612953186035 4.466003417969 140 140 140
26.156551361084 29.612953186035 4.442001342773 139 139 139
26.135326385498 29.635889053345 4.418991088867 137 137 137
26.135326385498 29.635889053345 4.394989013672 140 140 140
26.135326385498 29.635889053345 4.371994018555 137 137 137
26.135326385498 29.635889053345 4.347991943359 130 130 130
26.135326385498 29.635889053345 4.323989868164 44 44 44
26.314895629883 29.418861389160 4.082000732422 117 117 117
26.314895629883 29.418861389160 4.056991577148 135 135 135
26.314895629883 29.418861389160 4.031997680664 134 134 134
26.314895629883 29.418861389160 4.007995605469 136 136 136
26.314895629883 29.418861389160 3.983001708984 135 135 135
26.293670654297 29.441795349121 3.958999633789 134 134 134
26.293670654297 29.441795349121 3.933990478516 136 136 136
26.293670654297 29.441795349121 3.909988403320 137 137 137
26.293670654297 29.441795349121 3.884994506836 138 138 138
26.293670654297 29.441795349121 3.860992431641 134 134 134
26.293670654297 29.441795349121 3.835998535156 138 138 138
26.305137634277 29.452407836914 3.811996459961 139 139 139
26.272441864014 29.464731216431 3.787994384766 130 130 130
26.272441864014 29.464731216431 3.763992309570 102 102 102
26.314895629883 29.418861389160 3.737991333008 75 75 75
26.517395019531 29.223058700562 3.700988769531 145 145 145
26.463478088379 29.258316040039 3.677001953125 157 157 157
26.463478088379 29.258316040039 3.651992797852 160 160 160
26.463478088379 29.258316040039 3.625991821289 161 161 161
26.442253112793 29.281251907349 3.601989746094 88 88 88
26.213260650635 28.792554855347 4.453994750977 178 178 178
26.201793670654 28.781942367554 4.483993530273 195 195 195
26.201793670654 28.781942367554 4.513992309570 195 195 195
26.213260650635 28.792554855347 4.544998168945 207 207 207
26.201793670654 28.781942367554 4.574996948242 195 195 195
26.213260650635 28.792554855347 4.606994628906 197 197 197
26.201793670654 28.781942367554 4.636993408203 204 204 204
26.223018646240 28.759008407593 4.667999267578 164 164 164
26.223018646240 28.759008407593 4.886993408203 155 155 155
26.223018646240 28.759008407593 4.916000366211 196 196 196
26.223018646240 28.759008407593 4.948989868164 217 217 217
26.223018646240 28.759008407593 4.981002807617 210 210 210
26.223018646240 28.759008407593 5.011001586914 188 188 188
26.223018646240 28.759008407593 5.041992187500 183 183 183
26.223018646240 28.759008407593 5.074996948242 187 187 187
26.223018646240 28.759008407593 5.106002807617 189 189 189
26.223018646240 28.759008407593 5.138992309570 105 105 105
26.161544799805 29.170488357544 2.571990966797 40 40 40
26.161544799805 29.170488357544 2.604995727539 57 57 57
26.150077819824 29.159875869751 2.638000488281 64 64 64
26.161544799805 29.170488357544 2.666992187500 72 72 72
26.161544799805 29.170488357544 2.696990966797 77 77 77
26.150077819824 29.159875869751 2.729995727539 76 76 76
26.161544799805 29.170488357544 2.757995605469 82 82 82
26.161544799805 29.170488357544 2.787002563477 80 80 80
26.161544799805 29.170488357544 2.819992065430 86 86 86
26.161544799805 29.170488357544 2.848999023438 90 90 90
26.161544799805 29.170488357544 2.880996704102 104 104 104
26.150077819824 29.159875869751 2.912002563477 113 113 113
26.161544799805 29.170488357544 2.940994262695 119 119 119
26.161544799805 29.170488357544 2.970993041992 125 125 125
26.150077819824 29.159875869751 3.001998901367 125 125 125
26.161544799805 29.170488357544 3.029998779297 133 133 133
26.150077819824 29.159875869751 3.063995361328 133 133 133
26.150077819824 29.159875869751 3.087997436523 144 144 144
26.150077819824 29.159875869751 3.117996215820 146 146 146
26.150077819824 29.159875869751 3.147994995117 146 146 146
26.150077819824 29.159875869751 3.177993774414 146 146 146
26.150077819824 29.159875869751 3.207000732422 150 150 150
26.150077819824 29.159875869751 3.235992431641 148 148 148
26.150077819824 29.159875869751 3.264999389648 152 152 152
26.150077819824 29.159875869751 3.295989990234 156 156 156
26.150077819824 29.159875869751 3.324996948242 163 163 163
26.150077819824 29.159875869751 3.351989746094 172 172 172
26.150077819824 29.159875869751 3.380996704102 143 143 143
26.150077819824 29.159875869751 3.412002563477 156 156 156
26.150077819824 29.159875869751 3.440002441406 155 155 155
26.150077819824 29.159875869751 3.468994140625 150 150 150
26.150077819824 29.159875869751 3.498001098633 149 149 149
26.150077819824 29.159875869751 3.526992797852 151 151 151
26.150077819824 29.159875869751 3.555999755859 164 164 164
26.150077819824 29.159875869751 3.584991455078 154 154 154
26.150077819824 29.159875869751 3.612991333008 158 158 158
26.159835815430 29.126327514648 3.641998291016 153 153 153
26.138610839844 29.149263381958 3.670989990234 144 144 144
26.159835815430 29.126327514648 3.698989868164 133 133 133
26.138610839844 29.149263381958 3.728988647461 132 132 132
26.138610839844 29.149263381958 3.756988525391 126 126 126
26.138610839844 29.149263381958 3.784988403320 130 130 130
26.117385864258 29.172197341919 3.815002441406 125 125 125
26.138610839844 29.149263381958 3.841995239258 126 126 126
26.127143859863 29.138648986816 3.871002197266 127 127 127
26.127143859863 29.138648986816 3.899993896484 122 122 122
26.127143859863 29.138648986816 3.927993774414 117 117 117
26.127143859863 29.138648986816 3.955993652344 122 122 122
26.115676879883 29.128036499023 3.985000610352 123 123 123
26.115676879883 29.128036499023 4.013000488281 126 126 126
26.105915069580 29.161582946777 4.041000366211 126 126 126
26.115676879883 29.128036499023 4.069000244141 130 130 130
26.115676879883 29.128036499023 4.097000122070 138 138 138
26.115676879883 29.128036499023 4.125000000000 138 138 138
26.094448089600 29.150970458984 4.153991699219 139 139 139
26.094448089600 29.150970458984 4.181991577148 142 142 142
26.094448089600 29.150970458984 4.209991455078 146 146 146
26.094448089600 29.150970458984 4.237991333008 152 152 152
26.094448089600 29.150970458984 4.264999389648 155 155 155
26.073219299316 29.173906326294 4.292999267578 157 157 157
26.073219299316 29.173906326294 4.320999145508 159 159 159
26.082981109619 29.140357971191 4.348999023438 148 148 148
26.082981109619 29.140357971191 4.376998901367 143 143 143
26.082981109619 29.140357971191 4.404998779297 136 136 136
26.082981109619 29.140357971191 4.432998657227 147 147 147
26.094448089600 29.150970458984 4.461990356445 147 147 147
26.094448089600 29.150970458984 4.489990234375 149 149 149
26.094448089600 29.150970458984 4.517990112305 146 146 146
26.082981109619 29.140357971191 4.545989990234 148 148 148
26.082981109619 29.140357971191 4.573989868164 152 152 152
26.082981109619 29.140357971191 4.601989746094 158 158 158
26.082981109619 29.140357971191 4.629989624023 164 164 164
26.082981109619 29.140357971191 4.656997680664 205 205 205
26.082981109619 29.140357971191 4.685989379883 186 186 186
26.050285339355 29.152679443359 4.712997436523 190 190 190
26.050285339355 29.152679443359 4.739990234375 198 198 198
26.082981109619 29.140357971191 4.772003173828 168 168 168
26.082981109619 29.140357971191 4.800003051758 166 166 166
26.082981109619 29.140357971191 4.828002929688 186 186 186
26.050285339355 29.152679443359 4.854995727539 189 189 189
26.071514129639 29.129743576050 4.886993408203 170 170 170
26.071514129639 29.129743576050 4.916000366211 152 152 152
26.071514129639 29.129743576050 4.945999145508 128 128 128
26.071514129639 29.129743576050 4.974990844727 130 130 130
26.071514129639 29.129743576050 5.002990722656 126 126 126
26.071514129639 29.129743576050 5.029998779297 119 119 119
26.071514129639 29.129743576050 5.059997558594 118 118 118
26.071514129639 29.129743576050 5.087997436523 121 121 121
26.071514129639 29.129743576050 5.119995117188 125 125 125
26.115676879883 29.128036499023 5.156997680664 107 107 107
26.038818359375 29.142066955566 5.162002563477 110 110 110
26.006126403809 29.154388427734 5.186996459961 129 129 129
26.038818359375 29.142066955566 5.223999023438 141 141 141
26.038818359375 29.142066955566 5.250991821289 124 124 124
26.027351379395 29.131454467773 5.284988403320 141 141 141
26.071514129639 29.129743576050 5.319992065430 136 136 136
25.940738677979 29.179031372070 5.319992065430 137 137 137
25.973434448242 29.166711807251 5.350997924805 121 121 121
26.027351379395 29.131454467773 5.397003173828 113 113 113
26.293670654297 29.441795349121 3.720001220703 134 134 134
26.282203674316 29.431182861328 3.748992919922 166 166 166
26.293670654297 29.441795349121 3.776000976563 163 163 163
26.293670654297 29.441795349121 3.804000854492 166 166 166
26.314895629883 29.418861389160 3.830993652344 171 171 171
26.303428649902 29.408248901367 3.858993530273 171 171 171
26.303428649902 29.408248901367 3.886001586914 172 172 172
26.303428649902 29.408248901367 3.914001464844 169 169 169
26.303428649902 29.408248901367 3.942001342773 171 171 171
26.314895629883 29.418861389160 3.968994140625 169 169 169
26.314895629883 29.418861389160 3.996994018555 169 169 169
26.314895629883 29.418861389160 4.024993896484 168 168 168
26.314895629883 29.418861389160 4.052001953125 164 164 164
26.314895629883 29.418861389160 4.080001831055 158 158 158
26.161186218262 29.446922302246 4.430999755859 65 65 65
26.161186218262 29.446922302246 4.457992553711 186 186 186
26.161186218262 29.446922302246 4.485000610352 192 192 192
26.161186218262 29.446922302246 4.511993408203 195 195 195
26.161186218262 29.446922302246 4.539001464844 196 196 196
26.161186218262 29.446922302246 4.565002441406 190 190 190
26.161186218262 29.446922302246 4.593002319336 196 196 196
26.161186218262 29.446922302246 4.621002197266 193 193 193
26.161186218262 29.446922302246 4.647003173828 190 190 190
26.161186218262 29.446922302246 4.673995971680 177 177 177
26.161186218262 29.446922302246 4.783996582031 94 94 94
26.161186218262 29.446922302246 4.809997558594 199 199 199
26.161186218262 29.446922302246 4.836990356445 191 191 191
26.161186218262 29.446922302246 4.865997314453 193 193 193
26.161186218262 29.446922302246 4.892990112305 198 198 198
26.161186218262 29.446922302246 4.918991088867 192 192 192
26.161186218262 29.446922302246 4.947998046875 190 190 190
26.161186218262 29.446922302246 4.975997924805 198 198 198
26.161186218262 29.446922302246 5.003997802734 189 189 189
26.140453338623 29.768371582031 4.962997436523 102 102 102
26.151920318604 29.778984069824 4.989990234375 147 147 147
26.097866058350 29.239292144775 5.405990600586 157 157 157
26.066879272461 29.295776367188 5.361999511719 160 160 160
26.057121276855 29.329324722290 5.319000244141 140 140 140
26.074932098389 29.218067169189 5.319000244141 134 134 134
26.074932098389 29.218067169189 5.294998168945 140 140 140
26.065170288086 29.251615524292 5.256988525391 126 126 126
26.076637268066 29.262228012085 5.218994140625 138 138 138
26.065170288086 29.251615524292 5.195999145508 131 131 131
26.065170288086 29.251615524292 5.166992187500 124 124 124
26.073219299316 29.173906326294 5.154998779297 96 96 96
26.073219299316 29.173906326294 5.126998901367 78 78 78
26.092742919922 29.106809616089 5.103988647461 180 180 180
26.092742919922 29.106809616089 5.073989868164 201 201 201
26.092742919922 29.106809616089 5.044998168945 180 180 180
26.082981109619 29.140357971191 5.007995605469 133 133 133
26.082981109619 29.140357971191 4.978988647461 126 126 126
26.082981109619 29.140357971191 4.949996948242 114 114 114
26.082981109619 29.140357971191 4.921997070313 142 142 142
26.082981109619 29.140357971191 4.890991210938 151 151 151
26.073219299316 29.173906326294 4.860000610352 214 214 214
26.073219299316 29.173906326294 4.830001831055 197 197 197
26.082981109619 29.140357971191 4.804000854492 106 106 106
26.082981109619 29.140357971191 4.772994995117 107 107 107
26.061752319336 29.163293838501 4.742996215820 216 216 216
26.061752319336 29.163293838501 4.713989257813 191 191 191
26.061752319336 29.163293838501 4.683990478516 206 206 206
26.061752319336 29.163293838501 4.655990600586 212 212 212
26.071514129639 29.129743576050 4.630996704102 34 34 34
26.330993652344 29.263442993164 4.123992919922 28 28 28
26.311477661133 29.330539703369 4.095001220703 123 123 123
26.311477661133 29.330539703369 4.065994262695 119 119 119
26.311477661133 29.330539703369 4.037002563477 131 131 131
26.311477661133 29.330539703369 4.007995605469 131 131 131
26.313186645508 29.374698638916 3.979995727539 119 119 119
26.291957855225 29.397634506226 3.951995849609 152 152 152
26.314895629883 29.418861389160 3.923995971680 174 174 174
26.303428649902 29.408248901367 3.895996093750 159 159 159
26.303428649902 29.408248901367 3.866989135742 162 162 162
26.293670654297 29.441795349121 3.838989257813 161 161 161
26.293670654297 29.441795349121 3.811996459961 132 132 132
26.303428649902 29.408248901367 3.780990600586 131 131 131
26.301719665527 29.364086151123 3.750000000000 112 112 112
26.313186645508 29.374698638916 3.720993041992 122 122 122
26.290252685547 29.353473663330 3.690002441406 117 117 117
26.321235656738 29.296989440918 3.656997680664 120 120 120
26.309768676758 29.286376953125 3.625991821289 120 120 120
26.329284667969 29.219280242920 3.589996337891 101 101 101
26.329284667969 29.219280242920 3.559997558594 84 84 84
26.306350708008 29.198055267334 3.526992797852 77 77 77
26.156551361084 29.612953186035 4.272003173828 134 134 134
26.156551361084 29.612953186035 4.297988891602 195 195 195
26.156551361084 29.612953186035 4.323989868164 198 198 198
26.156551361084 29.612953186035 4.350997924805 202 202 202
26.156551361084 29.612953186035 4.376998901367 197 197 197
26.133617401123 29.591728210449 4.402999877930 191 191 191
26.133617401123 29.591728210449 4.429992675781 194 194 194
26.133617401123 29.591728210449 4.457000732422 196 196 196
26.133617401123 29.591728210449 4.481994628906 195 195 195
26.133617401123 29.591728210449 4.507995605469 191 191 191
26.177780151367 29.590019226074 4.537002563477 47 47 47
26.166313171387 29.579406738281 4.804000854492 160 160 160
26.166313171387 29.579406738281 4.828002929688 204 204 204
26.166313171387 29.579406738281 4.856002807617 225 225 225
26.166313171387 29.579406738281 4.881988525391 219 219 219
26.166313171387 29.579406738281 4.907989501953 209 209 209
26.166313171387 29.579406738281 4.936996459961 193 193 193
26.154846191406 29.568794250488 4.963989257813 197 197 197
26.154846191406 29.568794250488 4.990997314453 201 201 201
26.154846191406 29.568794250488 5.016998291016 175 175 175
26.265605926514 29.288085937500 3.427993774414 88 88 88
26.277072906494 29.298700332642 3.455001831055 169 169 169
26.277072906494 29.298700332642 3.483993530273 168 168 168
26.286834716797 29.265150070190 3.513000488281 169 169 169
26.286834716797 29.265150070190 3.541992187500 139 139 139
26.286834716797 29.265150070190 3.569992065430 173 173 173
26.265605926514 29.288085937500 3.599990844727 170 170 170
26.286834716797 29.265150070190 3.626998901367 197 197 197
26.286834716797 29.265150070190 3.654998779297 190 190 190
26.286834716797 29.265150070190 3.681991577148 179 179 179
26.286834716797 29.265150070190 3.710998535156 175 175 175
26.286834716797 29.265150070190 3.738998413086 165 165 165
26.286834716797 29.265150070190 3.767990112305 173 173 173
26.286834716797 29.265150070190 3.797988891602 179 179 179
26.265605926514 29.288085937500 3.826995849609 177 177 177
26.265605926514 29.288085937500 3.854995727539 173 173 173
26.265605926514 29.288085937500 3.882995605469 170 170 170
26.319526672363 29.252830505371 3.909988403320 166 166 166
26.308059692383 29.242216110229 3.938003540039 170 170 170
26.308059692383 29.242216110229 3.966003417969 169 169 169
26.308059692383 29.242216110229 3.994995117188 173 173 173
26.308059692383 29.242216110229 4.024002075195 171 171 171
26.308059692383 29.242216110229 4.052001953125 124 124 124
26.176429748535 29.269424438477 4.498001098633 168 168 168
26.176429748535 29.269424438477 4.526000976563 192 192 192
26.176429748535 29.269424438477 4.554992675781 196 196 196
26.209121704102 29.257101058960 4.582992553711 196 196 196
26.176429748535 29.269424438477 4.610992431641 190 190 190
26.209121704102 29.257101058960 4.639999389648 195 195 195
26.176429748535 29.269424438477 4.666992187500 202 202 202
26.186187744141 29.235876083374 4.695999145508 199 199 199
26.186187744141 29.235876083374 4.723999023438 202 202 202
26.186187744141 29.235876083374 4.751998901367 201 201 201
26.186187744141 29.235876083374 4.781997680664 199 199 199
26.186187744141 29.235876083374 4.807998657227 200 200 200
26.186187744141 29.235876083374 4.836990356445 194 194 194
26.186187744141 29.235876083374 4.865997314453 119 119 119
26.186187744141 29.235876083374 5.067993164063 29 29 29
26.120803833008 29.260519027710 5.087997436523 67 67 67
26.099575042725 29.283454895020 5.106994628906 100 100 100
26.120803833008 29.260519027710 5.142990112305 109 109 109
26.088104248047 29.272842407227 5.162994384766 116 116 116
26.186187744141 29.235876083374 5.214996337891 114 114 114
26.207412719727 29.212942123413 5.254989624023 124 124 124
26.207412719727 29.212942123413 5.283996582031 127 127 127
26.011253356934 29.286872863770 5.252990722656 136 136 136
26.043945312500 29.274549484253 5.295989990234 163 163 163
26.097866058350 29.239292144775 5.341995239258 133 133 133
26.081272125244 29.096197128296 2.022994995117 142 142 142
26.081272125244 29.096197128296 2.055999755859 139 139 139
26.081272125244 29.096197128296 2.088989257813 139 139 139
26.069805145264 29.085584640503 2.121994018555 139 139 139
26.069805145264 29.085584640503 2.157989501953 144 144 144
26.113967895508 29.083873748779 2.403991699219 155 155 155
26.102497100830 29.073261260986 2.430999755859 168 168 168
26.091030120850 29.062648773193 2.464996337891 151 151 151
26.069805145264 29.085584640503 2.501998901367 149 149 149
26.069805145264 29.085584640503 2.537002563477 142 142 142
26.069805145264 29.085584640503 2.567993164063 144 144 144
26.069805145264 29.085584640503 2.599990844727 143 143 143
26.091030120850 29.062648773193 2.621994018555 138 138 138
26.102497100830 29.073261260986 2.645996093750 130 130 130
26.156417846680 29.038003921509 2.668991088867 119 119 119
26.156417846680 29.038003921509 2.698989868164 73 73 73
26.296951293945 28.955167770386 3.462997436523 121 121 121
26.318176269531 28.932233810425 3.489990234375 157 157 157
26.318176269531 28.932233810425 3.520996093750 178 178 178
26.318176269531 28.932233810425 3.550994873047 182 182 182
26.318176269531 28.932233810425 3.580001831055 180 180 180
26.318176269531 28.932233810425 3.610992431641 177 177 177
26.318176269531 28.932233810425 3.640991210938 179 179 179
26.318176269531 28.932233810425 3.670989990234 173 173 173
26.318176269531 28.932233810425 3.701995849609 165 165 165
26.350872039795 28.919912338257 3.731002807617 165 165 165
26.350872039795 28.919912338257 3.761001586914 173 173 173
26.318176269531 28.932233810425 3.792999267578 138 138 138
26.274017333984 28.933942794800 3.824996948242 116 116 116
26.296951293945 28.955167770386 3.853988647461 110 110 110
26.306709289551 28.921621322632 3.884002685547 107 107 107
26.318176269531 28.932233810425 3.912994384766 133 133 133
26.339401245117 28.909297943115 3.942001342773 173 173 173
26.339401245117 28.909297943115 3.972991943359 174 174 174
26.339401245117 28.909297943115 4.002990722656 172 172 172
26.339401245117 28.909297943115 4.032989501953 166 166 166
26.185691833496 28.937360763550 4.477996826172 189 189 189
26.185691833496 28.937360763550 4.506988525391 204 204 204
26.185691833496 28.937360763550 4.537002563477 220 220 220
26.229854583740 28.935651779175 4.567993164063 199 199 199
26.229854583740 28.935651779175 4.597991943359 218 218 218
26.185691833496 28.937360763550 4.626998901367 210 210 210
26.185691833496 28.937360763550 4.655990600586 204 204 204
26.206920623779 28.914426803589 4.686996459961 166 166 166
26.206920623779 28.914426803589 4.718994140625 172 172 172
26.206920623779 28.914426803589 4.750000000000 189 189 189
26.206920623779 28.914426803589 4.778991699219 193 193 193
26.206920623779 28.914426803589 4.809997558594 206 206 206
26.206920623779 28.914426803589 4.838989257813 188 188 188
26.206920623779 28.914426803589 4.869995117188 193 193 193
26.239616394043 28.902103424072 4.901992797852 194 194 194
26.206920623779 28.914426803589 4.930999755859 190 190 190
26.239616394043 28.902103424072 4.963989257813 157 157 157
26.107131958008 28.907230377197 5.246994018555 92 92 92
26.020515441895 28.954807281494 5.257995605469 62 62 62
26.239120483398 28.603590011597 4.292999267578 119 119 119
26.206424713135 28.615911483765 4.323989868164 192 192 192
26.239120483398 28.603590011597 4.354995727539 193 193 193
26.206424713135 28.615911483765 4.386001586914 197 197 197
26.239120483398 28.603590011597 4.417999267578 206 206 206
26.206424713135 28.615911483765 4.448989868164 217 217 217
26.206424713135 28.615911483765 4.481002807617 206 206 206
26.206424713135 28.615911483765 4.511993408203 175 175 175
26.248023986816 28.547960281372 4.929992675781 123 123 123
26.248023986816 28.547960281372 4.960998535156 189 189 189
26.248023986816 28.547960281372 4.994003295898 188 188 188
26.248023986816 28.547960281372 5.026000976563 168 168 168
26.248023986816 28.547960281372 5.058990478516 26 26 26
26.535697937012 29.410316467285 3.922988891602 79 79 79
26.514472961426 29.433252334595 3.897003173828 82 82 82
26.514472961426 29.433252334595 3.871994018555 93 93 93
26.493247985840 29.456186294556 3.845993041992 66 66 66
26.180702209473 29.379825592041 5.251998901367 84 84 84
26.223152160645 29.333955764771 5.244995117188 131 131 131
26.285125732422 29.220991134644 5.264999389648 126 126 126
26.327575683594 29.175121307373 5.250000000000 121 121 121
26.327575683594 29.175121307373 5.233001708984 127 127 127
26.348800659180 29.152185440063 5.211990356445 55 55 55
26.169235229492 29.369213104248 4.907989501953 78 78 78
26.169235229492 29.369213104248 4.884002685547 153 153 153
26.169235229492 29.369213104248 4.858993530273 149 149 149
26.169235229492 29.369213104248 4.833999633789 129 129 129
26.169235229492 29.369213104248 4.806991577148 148 148 148
26.169235229492 29.369213104248 4.780990600586 159 159 159
26.169235229492 29.369213104248 4.754989624023 136 136 136
26.169235229492 29.369213104248 4.731002807617 132 132 132
26.169235229492 29.369213104248 4.705001831055 152 152 152
26.169235229492 29.369213104248 4.680999755859 141 141 141
26.157768249512 29.358600616455 4.655990600586 133 133 133
26.178993225098 29.335664749146 4.632995605469 132 132 132
26.178993225098 29.335664749146 4.608001708984 131 131 131
26.157768249512 29.358600616455 4.580993652344 133 133 133
26.157768249512 29.358600616455 4.555999755859 138 138 138
26.157768249512 29.358600616455 4.530990600586 136 136 136
26.178993225098 29.335664749146 4.506988525391 137 137 137
26.157768249512 29.358600616455 4.481002807617 135 135 135
26.169235229492 29.369213104248 4.453994750977 106 106 106
26.336479187012 29.119491577148 4.050994873047 93 93 93
26.336479187012 29.119491577148 4.024993896484 140 140 140
26.336479187012 29.119491577148 3.998992919922 142 142 142
26.336479187012 29.119491577148 3.972991943359 138 138 138
26.315254211426 29.142425537109 3.946990966797 143 143 143
26.336479187012 29.119491577148 3.920989990234 138 138 138
26.336479187012 29.119491577148 3.894989013672 143 143 143
26.315254211426 29.142425537109 3.869003295898 143 143 143
26.315254211426 29.142425537109 3.843002319336 160 160 160
26.315254211426 29.142425537109 3.817001342773 148 148 148
26.315254211426 29.142425537109 3.791992187500 144 144 144
26.272804260254 29.188295364380 3.766998291016 158 158 158
26.252429962158 29.233310699463 3.741989135742 159 159 159
26.252429962158 29.233310699463 3.716995239258 159 159 159
26.294029235840 29.165361404419 3.690002441406 150 150 150
26.294029235840 29.165361404419 3.664001464844 166 166 166
26.315254211426 29.142425537109 3.636993408203 143 143 143
26.294029235840 29.165361404419 3.612991333008 113 113 113
26.252429962158 29.233310699463 3.589996337891 170 170 170
26.272804260254 29.188295364380 3.563995361328 140 140 140
26.272804260254 29.188295364380 3.537994384766 132 132 132
26.294029235840 29.165361404419 3.511001586914 110 110 110
26.252429962158 29.233310699463 3.489990234375 93 93 93
26.294029235840 29.165361404419 3.458999633789 129 129 129
26.294029235840 29.165361404419 3.432998657227 138 138 138
26.294029235840 29.165361404419 3.407989501953 133 133 133
26.272804260254 29.188295364380 3.384002685547 169 169 169
26.272804260254 29.188295364380 3.358001708984 77 77 77
25.939029693604 29.134872436523 5.256988525391 98 98 98
26.000999450684 29.021905899048 5.269989013672 143 143 143
26.043449401855 28.976034164429 5.261001586914 149 149 149
26.064678192139 28.953100204468 5.244003295898 132 132 132
26.223018646240 28.759008407593 5.060989379883 87 87 87
26.223018646240 28.759008407593 5.030990600586 126 126 126
26.223018646240 28.759008407593 5.002990722656 129 129 129
26.223018646240 28.759008407593 4.974990844727 125 125 125
26.223018646240 28.759008407593 4.944992065430 140 140 140
26.223018646240 28.759008407593 4.916000366211 173 173 173
26.223018646240 28.759008407593 4.888000488281 188 188 188
26.223018646240 28.759008407593 4.858993530273 169 169 169
26.223018646240 28.759008407593 4.828002929688 99 99 99
26.201793670654 28.781942367554 4.601989746094 84 84 84
26.213260650635 28.792554855347 4.573989868164 158 158 158
26.223018646240 28.759008407593 4.547988891602 185 185 185
26.223018646240 28.759008407593 4.520996093750 186 186 186
26.223018646240 28.759008407593 4.494003295898 166 166 166
26.223018646240 28.759008407593 4.466003417969 151 151 151
26.223018646240 28.759008407593 4.438995361328 132 132 132
26.223018646240 28.759008407593 4.408996582031 140 140 140
26.223018646240 28.759008407593 4.384002685547 140 140 140
26.223018646240 28.759008407593 4.358001708984 31 31 31
26.496170043945 29.245994567871 3.947998046875 77 77 77
26.447380065918 29.413734436035 3.920989990234 86 86 86
26.449085235596 29.457895278931 3.892990112305 99 99 99
26.449085235596 29.457895278931 3.863998413086 141 141 141
26.449085235596 29.457895278931 3.835998535156 151 151 151
26.494461059570 29.201833724976 3.641998291016 136 136 136
26.463478088379 29.258316040039 3.614990234375 157 157 157
26.463478088379 29.258316040039 3.586990356445 158 158 158
26.463478088379 29.258316040039 3.555999755859 166 166 166
26.244380950928 29.311019897461 5.263000488281 109 109 109
26.265605926514 29.288085937500 5.237991333008 139 139 139
26.323303222656 29.064716339111 5.261001586914 128 128 128
26.300369262695 29.043491363525 5.237991333008 119 119 119
26.272804260254 29.188295364380 5.134002685547 46 46 46
26.158264160156 29.657115936279 4.487991333008 39 39 39
26.137035369873 29.680049896240 4.458999633789 66 66 66
26.138740539551 29.724210739136 4.429000854492 75 75 75
26.138740539551 29.724210739136 4.401992797852 113 113 113
26.159969329834 29.701274871826 4.377990722656 100 100 100
26.159969329834 29.701274871826 4.350997924805 96 96 96
26.137035369873 29.680049896240 4.326995849609 108 108 108
26.146793365479 29.646501541138 4.300994873047 96 96 96
26.137035369873 29.680049896240 4.274002075195 92 92 92
26.215461730957 29.135231018066 3.860000610352 103 103 103
26.205703735352 29.168779373169 3.832000732422 149 149 149
26.207412719727 29.212942123413 3.804992675781 156 156 156
26.186187744141 29.235876083374 3.776000976563 162 162 162
26.186187744141 29.235876083374 3.746994018555 165 165 165
26.186187744141 29.235876083374 3.718002319336 163 163 163
26.184478759766 29.191715240479 3.686996459961 138 138 138
26.186187744141 29.235876083374 3.659988403320 62 62 62
26.203994750977 29.124616622925 3.593994140625 124 124 124
26.194236755371 29.158166885376 3.477996826172 92 92 92
26.173011779785 29.181102752686 3.123992919922 64 64 64
26.173011779785 29.181102752686 3.093002319336 105 105 105
26.173011779785 29.181102752686 3.063003540039 106 106 106
26.161544799805 29.170488357544 3.030990600586 96 96 96
26.161544799805 29.170488357544 3.000000000000 87 87 87
26.161544799805 29.170488357544 2.970001220703 86 86 86
26.161544799805 29.170488357544 2.938995361328 93 93 93
26.161544799805 29.170488357544 2.908996582031 91 91 91
26.161544799805 29.170488357544 2.877990722656 94 94 94
26.150077819824 29.159875869751 2.845001220703 96 96 96
26.161544799805 29.170488357544 2.815002441406 91 91 91
26.150077819824 29.159875869751 2.779998779297 97 97 97
26.150077819824 29.159875869751 2.750991821289 99 99 99
26.150077819824 29.159875869751 2.718994140625 116 116 116
26.150077819824 29.159875869751 2.686996459961 120 120 120
26.159835815430 29.126327514648 2.652999877930 131 131 131
26.159835815430 29.126327514648 2.621994018555 143 143 143
26.159835815430 29.126327514648 2.591003417969 144 144 144
26.159835815430 29.126327514648 2.555999755859 177 177 177
26.159835815430 29.126327514648 2.524993896484 161 161 161
26.136901855469 29.105100631714 2.491989135742 159 159 159
26.138610839844 29.149263381958 2.462997436523 154 154 154
26.136901855469 29.105100631714 2.427993774414 155 155 155
26.138610839844 29.149263381958 2.397994995117 151 151 151
26.138610839844 29.149263381958 2.363998413086 153 153 153
26.136901855469 29.105100631714 2.330993652344 149 149 149
26.136901855469 29.105100631714 2.297988891602 151 151 151
26.136901855469 29.105100631714 2.263000488281 150 150 150
26.136901855469 29.105100631714 2.229995727539 156 156 156
26.136901855469 29.105100631714 2.195999145508 156 156 156
26.115676879883 29.128036499023 2.164001464844 159 159 159
26.115676879883 29.128036499023 2.128997802734 162 162 162
26.115676879883 29.128036499023 2.093002319336 162 162 162
26.115676879883 29.128036499023 2.061996459961 165 165 165
26.115676879883 29.128036499023 2.024993896484 164 164 164
26.115676879883 29.128036499023 1.991989135742 161 161 161
26.115676879883 29.128036499023 1.955993652344 163 163 163
26.115676879883 29.128036499023 1.923995971680 162 162 162
26.115676879883 29.128036499023 1.888000488281 160 160 160
26.115676879883 29.128036499023 1.852996826172 160 160 160
26.115676879883 29.128036499023 1.819000244141 158 158 158
26.113967895508 29.083873748779 1.778991699219 155 155 155
26.104209899902 29.117424011230 1.744995117188 157 157 157
25.988319396973 29.265645980835 5.274002075195 126 126 126
26.006126403809 29.154388427734 5.270996093750 149 149 149
26.000999450684 29.021905899048 5.276000976563 149 149 149
26.022224426270 28.998970031738 5.252990722656 139 139 139
26.006126403809 29.154388427734 5.152999877930 82 82 82
26.006126403809 29.154388427734 5.121994018555 25 25 25
