8.438701629639 5.026061058044 59.110996246338 91 91 91
8.432699203491 5.032103061676 59.022998809814 105 105 105
8.454372406006 5.010228157043 58.572998046875 75 75 75
8.447259902954 5.019193649292 58.485996246338 158 158 158
8.458816528320 5.005715370178 58.396999359131 131 131 131
8.698293685913 4.619026184082 59.378997802734 16 16 16
8.443302154541 4.891686439514 59.101997375488 112 112 112
8.445312500000 4.891551017761 59.011997222900 109 109 109
8.447649002075 4.889256954193 58.921997070313 114 114 114
8.467927932739 4.867832183838 58.653999328613 63 63 63
8.449523925781 4.887112617493 58.569000244141 181 181 181
8.465110778809 4.871819972992 58.478996276855 110 110 110
8.585872650146 4.611701011658 59.406997680664 104 104 104
8.654500961304 4.539780616760 59.298000335693 32 32 32
8.452865600586 4.755197048187 59.002998352051 111 111 111
8.441804885864 4.765437602997 58.916999816895 177 177 177
8.455135345459 4.751898765564 58.826000213623 86 86 86
8.471036911011 4.735991001129 58.734996795654 75 75 75
8.464719772339 4.742648124695 58.648998260498 175 175 175
8.468219757080 4.739978790283 58.560997009277 158 158 158
8.425243377686 4.785662651062 58.479999542236 14 14 14
8.390224456787 4.822619915009 58.396999359131 104 104 104
8.397403717041 4.814658641815 58.308998107910 99 99 99
8.408630371094 4.803339004517 58.219997406006 31 31 31
8.661350250244 4.533977508545 57.119998931885 12 12 12
8.663194656372 4.534921646118 57.036998748779 24 24 24
8.656345367432 4.540723800659 56.951999664307 38 38 38
8.655401229858 4.542568206787 56.867996215820 55 55 55
8.659612655640 4.538130760193 56.784000396729 73 73 73
8.659612655640 4.538130760193 56.698997497559 73 73 73
8.667091369629 4.531098365784 56.615997314453 80 80 80
8.668964385986 4.528954505920 56.530998229980 85 85 85
8.673257827759 4.523976802826 56.446998596191 89 89 89
8.671699523926 4.525506019592 56.360996246338 99 99 99
8.670988082886 4.527275085449 56.273998260498 105 105 105
8.680818557739 4.516405105591 56.190998077393 117 117 117
8.632093429565 4.436185836792 59.469997406006 111 111 111
8.640201568604 4.427924156189 59.380996704102 107 107 107
8.653152465820 4.413996219635 59.289997100830 104 104 104
8.611021041870 4.459918975830 59.216999053955 78 78 78
8.610475540161 4.460608959198 59.130996704102 184 184 184
8.619527816772 4.450503826141 59.041999816895 182 182 182
8.623424530029 4.446680068970 58.955997467041 186 186 186
8.618747711182 4.451268196106 58.871997833252 192 192 192
8.621086120605 4.448974609375 58.786998748779 189 189 189
8.626241683960 4.442692279816 58.701000213623 196 196 196
8.619527816772 4.450503826141 58.618999481201 200 200 200
8.618747711182 4.451268196106 58.534996032715 196 196 196
8.622644424438 4.447444915771 58.449996948242 202 202 202
8.620141983032 4.450818061829 58.366996765137 206 206 206
8.621086120605 4.448974609375 58.284000396729 208 208 208
8.619827270508 4.451433181763 58.201000213623 211 211 211
8.624816894531 4.446230411530 58.116996765137 214 214 214
8.627771377563 4.444251060486 58.034000396729 217 217 217
8.629644393921 4.442107200623 57.951000213623 216 216 216
8.613975524902 4.457939624786 57.867996215820 233 233 233
8.618268966675 4.452962398529 57.784996032715 239 239 239
8.624271392822 4.446920394897 57.701999664307 224 224 224
8.624816894531 4.446230411530 57.618999481201 216 216 216
8.622165679932 4.449138641357 57.535999298096 214 214 214
8.623558044434 4.448688983917 57.452999114990 212 212 212
8.623874664307 4.448074340820 57.369998931885 208 208 208
8.621221542358 4.450983047485 57.286998748779 207 207 207
8.619430541992 4.452587127686 57.202999114990 204 204 204
8.626512527466 4.446709632874 57.119998931885 200 200 200
8.617158889771 4.455885410309 57.034996032715 199 199 199
8.616214752197 4.457729816437 56.951000213623 195 195 195
8.626113891602 4.447864055634 56.867996215820 192 192 192
8.618719100952 4.454356193542 56.781997680664 187 187 187
8.618719100952 4.454356193542 56.697998046875 184 184 184
8.618719100952 4.454356193542 56.612998962402 184 184 184
8.610895156860 4.465090751648 56.524997711182 177 177 177
8.615272521973 4.459573745728 56.439998626709 176 176 176
8.606601715088 4.470067977905 56.350997924805 174 174 174
8.618171691895 4.455046176910 56.267997741699 164 164 164
8.606998443604 4.468914031982 56.176998138428 162 162 162
8.567722320557 4.377434730530 59.483997344971 93 93 93
8.619819641113 4.322650909424 59.378997802734 123 123 123
8.597204208374 4.346369266510 59.299999237061 96 96 96
8.559434890747 4.388319015503 59.224998474121 96 96 96
8.524814605713 4.424122333527 59.147998809814 136 136 136
8.508035659790 4.442878246307 59.064998626709 155 155 155
8.514802932739 4.437615394592 58.976997375488 158 158 158
8.512247085571 4.438440322876 58.890998840332 157 157 157
8.507091522217 4.444722175598 58.805999755859 161 161 161
8.514802932739 4.437615394592 58.718997955322 163 163 163
8.501867294312 4.449999809265 58.634998321533 167 167 167
8.499132156372 4.453447818756 58.549999237061 171 171 171
8.506694793701 4.445876121521 58.463996887207 175 175 175
8.506378173828 4.446491241455 58.378997802734 177 177 177
8.506378173828 4.446491241455 58.293998718262 177 177 177
8.504041671753 4.448784828186 58.208999633789 182 182 182
8.504041671753 4.448784828186 58.124996185303 174 174 174
8.506694793701 4.445876121521 58.039997100830 169 169 169
8.497476577759 4.457060813904 57.955997467041 168 168 168
8.506694793701 4.445876121521 57.870998382568 157 157 157
8.504041671753 4.448784828186 57.786998748779 148 148 148
8.515335083008 4.438469886780 57.701999664307 139 139 139
8.518384933472 4.434407234192 57.617996215820 129 129 129
8.516279220581 4.436625480652 57.534000396729 126 126 126
8.510591506958 4.442053318024 57.448997497559 122 122 122
8.513378143311 4.441153526306 57.363998413086 114 114 114
8.513774871826 4.439999103546 57.279998779297 113 113 113
8.521337509155 4.432427406311 57.195999145508 106 106 106
8.507772445679 4.446041107178 57.108997344971 105 105 105
8.521652221680 4.431812763214 57.025997161865 96 96 96
8.509332656860 4.444512367249 56.938999176025 98 98 98
8.525234222412 4.428604125977 56.855998992920 94 94 94
8.516330718994 4.439174175262 56.767997741699 90 90 90
8.521337509155 4.432427406311 56.682998657227 78 78 78
8.529745101929 4.425095558167 56.598999023438 61 61 61
8.520229339600 4.435350418091 56.509998321533 25 25 25
8.552698135376 4.268892288208 59.392997741699 120 120 120
8.325727462769 4.509932518005 59.375999450684 107 107 107
8.466745376587 4.360258102417 59.243999481201 65 65 65
8.509489059448 4.314650535583 58.970996856689 40 40 40
8.488582611084 4.337304115295 58.889999389648 131 131 131
8.486310958862 4.340602397919 58.803997039795 130 130 130
8.488101959229 4.338997840881 58.717998504639 138 138 138
8.490755081177 4.336089611053 58.631996154785 132 132 132
8.361127853394 4.473364353180 58.479999542236 123 123 123
8.349407196045 4.487922191620 58.393997192383 107 107 107
8.416341781616 4.415521621704 58.299999237061 108 108 108
8.448310852051 4.382627487183 58.211997985840 122 122 122
8.363300323486 4.472149848938 58.131996154785 106 106 106
8.404621124268 4.430079460144 58.043998718262 49 49 49
8.380529403687 4.454787731171 57.958999633789 100 100 100
8.373582839966 4.462674140930 57.872997283936 154 154 154
8.491916656494 4.335714340210 57.786998748779 50 50 50
8.323171615601 4.389154911041 59.369998931885 58 58 58
8.517860412598 4.181624412537 59.049999237061 41 41 41
8.501562118530 4.198685646057 58.967998504639 121 121 121
8.501562118530 4.198685646057 58.881996154785 111 111 111
8.494997024536 4.206961631775 58.798999786377 65 65 65
8.489391326904 4.211849689484 58.713996887207 107 107 107
8.494997024536 4.206961631775 58.627998352051 126 126 126
8.498661041260 4.203213691711 58.542999267578 121 121 121
8.339239120483 4.372168540955 58.480998992920 110 110 110
8.343982696533 4.368584632874 58.392997741699 84 84 84
8.354360580444 4.357025146484 58.305000305176 59 59 59
8.344530105591 4.367895126343 58.219997406006 159 159 159
8.362304687500 4.349843978882 58.131996154785 146 146 146
8.368867874146 4.341567993164 58.045997619629 137 137 137
8.351543426514 4.361013412476 57.959999084473 181 181 181
8.404119491577 4.304534912109 57.872997283936 51 51 51
8.524236679077 4.047189712524 59.125999450684 44 44 44
8.513065338135 4.061057567596 59.043998718262 107 107 107
8.512517929077 4.061747550964 58.958999633789 119 119 119
8.495056152344 4.079184055328 58.877998352051 69 69 69
8.498952865601 4.075361251831 58.622997283936 110 110 110
8.510959625244 4.063276290894 58.536998748779 120 120 120
8.507293701172 4.067024707794 58.453998565674 121 121 121
8.338024139404 4.248393058777 58.390998840332 101 101 101
8.345272064209 4.241436004639 58.303997039795 74 74 74
8.343713760376 4.242965698242 58.217998504639 111 111 111
8.364934921265 4.219696521759 58.129997253418 162 162 162
8.329370498657 4.257343292236 58.045997619629 114 114 114
8.524364471436 3.920415878296 59.117996215820 108 108 108
8.517253875732 3.929381370544 59.034996032715 191 191 191
8.509693145752 3.936952829361 58.951999664307 71 71 71
8.514204025269 3.933444499969 58.530998229980 115 115 115
8.517650604248 3.928227186203 58.446998596191 150 150 150
8.476068496704 3.973460197449 58.369998931885 121 121 121
8.308753967285 4.152144908905 58.302997589111 107 107 107
8.320144653320 4.139745712280 58.215999603271 86 86 86
8.445672988892 4.983277320862 58.352996826172 164 164 164
8.443199157715 4.983561992645 58.430000305176 191 191 191
8.431980133057 4.986157417297 58.507999420166 195 195 195
8.418315887451 4.985949993134 58.980998992920 175 175 175
8.420953750610 4.984585285187 59.059997558594 172 172 172
8.422662734985 4.983520984650 59.138996124268 157 157 157
8.454887390137 4.875119209290 58.423000335693 185 185 185
8.447851181030 4.876365661621 58.499996185303 187 187 187
8.448247909546 4.875211238861 58.576999664307 204 204 204
8.430618286133 4.877822875977 58.890998840332 93 93 93
8.419017791748 4.880027770996 58.972999572754 180 180 180
8.425373077393 4.877463340759 59.049999237061 179 179 179
8.425918579102 4.876773834229 59.129997253418 148 148 148
8.384344100952 4.791680812836 58.273998260498 158 158 158
8.382648468018 4.791201591492 58.350997924805 170 170 170
8.376459121704 4.792686462402 58.428997039795 129 129 129
8.459470748901 4.766918659210 58.492996215820 198 198 198
8.458856582642 4.766603469849 58.569000244141 189 189 189
8.459650039673 4.764295101166 58.645996093750 196 196 196
8.444330215454 4.767701148987 58.880996704102 193 193 193
8.432264328003 4.770056247711 58.961997985840 178 178 178
8.438619613647 4.767491817474 59.038997650146 171 171 171
8.392847061157 4.685292243958 58.041000366211 86 86 86
8.378538131714 4.687858581543 58.117996215820 188 188 188
8.376214981079 4.688608169556 58.194000244141 188 188 188
8.376529693604 4.687994003296 58.269996643066 183 183 183
8.373126983643 4.688578605652 58.346996307373 153 153 153
8.366485595703 4.688670158386 58.423999786377 183 183 183
8.365257263184 4.688040733337 58.500999450684 180 180 180
8.462278366089 4.658777236938 58.562999725342 195 195 195
8.464218139648 4.657637596130 58.638996124268 191 191 191
8.464614868164 4.656483650208 58.714996337891 185 185 185
8.451154708862 4.659288883209 58.793998718262 185 185 185
8.456184387207 4.658179283142 58.870998382568 192 192 192
8.436532974243 4.662469863892 58.952999114990 180 180 180
8.450965881348 4.654731750488 59.343997955322 69 69 69
8.622402191162 4.602475166321 59.371997833252 84 84 84
8.675228118896 4.519749641418 55.594997406006 157 157 157
8.669038772583 4.521234512329 55.671997070313 168 168 168
8.676172256470 4.517905235291 55.751998901367 169 169 169
8.670911788940 4.519090652466 55.827999114990 170 170 170
8.653476715088 4.517534732819 56.501998901367 158 158 158
8.653640747070 4.516455650330 56.574996948242 156 156 156
8.656909942627 4.513861179352 56.648998260498 155 155 155
8.647315979004 4.515931606293 56.720996856689 155 155 155
8.639881134033 4.518331527710 56.792999267578 155 155 155
8.654052734375 4.513756752014 56.866996765137 148 148 148
8.645471572876 4.514987945557 56.938999176025 146 146 146
8.645172119141 4.514058113098 57.010997772217 143 143 143
8.641769409180 4.514643192291 57.083000183105 146 146 146
8.644174575806 4.513353824615 57.155998229980 137 137 137
8.630865097046 4.516624450684 57.226997375488 134 134 134
8.642480850220 4.512874603271 57.299999237061 129 129 129
8.636371612549 4.513819694519 57.370998382568 126 126 126
8.623540878296 4.515396118164 57.442996978760 125 125 125
8.639955520630 4.510611534119 57.514999389648 112 112 112
8.624485015869 4.513552188873 57.586997985840 118 118 118
8.634475708008 4.510327339172 57.659000396729 108 108 108
8.630990982056 4.511452674866 57.730998992920 110 110 110
8.624963760376 4.511857986450 57.802997589111 101 101 101
8.603139877319 4.517363548279 57.875999450684 116 116 116
8.486385345459 4.551457405090 57.955997467041 173 173 173
8.479183197021 4.553782463074 58.030998229980 176 176 176
8.467117309570 4.556137561798 58.105998992920 177 177 177
8.493917465210 4.546974182129 58.177997589111 169 169 169
8.518148422241 4.540179252625 58.249996185303 120 120 120
8.514446258545 4.539834976196 58.323997497559 129 129 129
8.378339767456 4.579148292542 58.417999267578 170 170 170
8.365028381348 4.582418918610 58.495998382568 177 177 177
8.478544235229 4.547831058502 58.553997039795 49 49 49
8.472122192383 4.549390792847 58.630996704102 199 199 199
8.473831176758 4.548326492310 58.706996917725 187 187 187
8.470825195313 4.547757148743 58.784000396729 186 186 186
8.456518173218 4.550323009491 58.862998962402 183 183 183
8.453962326050 4.551147937775 58.940998077393 143 143 143
8.550134658813 4.521645545959 58.995998382568 171 171 171
8.557733535767 4.518166065216 59.070999145508 90 90 90
8.580339431763 4.511896133423 59.141998291016 105 105 105
8.601945877075 4.504921913147 59.212997436523 100 100 100
8.644313812256 4.490733146667 59.277996063232 104 104 104
8.486368179321 4.537096500397 59.403999328613 108 108 108
8.658884048462 4.485004425049 59.428997039795 99 99 99
8.496690750122 4.466549873352 55.623996734619 215 215 215
8.531925201416 4.455690383911 55.714996337891 173 173 173
8.531076431274 4.455451011658 55.792999267578 168 168 168
8.544021606445 4.450246810913 55.874996185303 168 168 168
8.546043395996 4.448567867279 55.953998565674 168 168 168
8.548997879028 4.446588516235 56.031997680664 171 171 171
8.551950454712 4.444609642029 56.109996795654 169 169 169
8.549970626831 4.441657066345 56.486999511719 181 181 181
8.555164337158 4.439466953278 56.562000274658 179 179 179
8.552309036255 4.439362525940 56.635997772217 178 178 178
8.547279357910 4.440473079681 56.708999633789 182 182 182
8.551626205444 4.438043594360 56.784000396729 182 182 182
8.546596527100 4.439153671265 56.856998443604 183 183 183
8.551176071167 4.436649322510 56.930999755859 187 187 187
8.563341140747 4.432210445404 57.004997253418 181 181 181
8.553281784058 4.434431076050 57.076999664307 184 184 184
8.554990768433 4.433365821838 57.149997711182 181 181 181
8.565063476563 4.429601669312 57.222999572754 178 178 178
8.565610885620 4.428912162781 57.295997619629 176 176 176
8.574207305908 4.426136970520 57.368999481201 175 175 175
8.576313018799 4.423918724060 57.440998077393 170 170 170
8.580493927002 4.422568321228 57.512996673584 171 171 171
8.602266311646 4.414515018463 57.584999084473 153 153 153
8.586631774902 4.418535232544 57.656997680664 172 172 172
8.603210449219 4.412670612335 57.728996276855 158 158 158
8.604604721069 4.412220954895 57.800998687744 158 158 158
8.598415374756 4.413705825806 57.872997283936 158 158 158
8.600288391113 4.411561965942 57.944999694824 167 167 167
8.599126815796 4.411936759949 58.017997741699 162 162 162
8.600915908813 4.410332679749 58.089996337891 167 167 167
8.599838256836 4.410168170929 58.161998748779 165 165 165
8.601396560669 4.408638954163 58.234996795654 170 170 170
8.593511581421 4.409644126892 58.308998107910 169 169 169
8.605129241943 4.405894756317 58.379997253418 168 168 168
8.601890563965 4.405400753021 58.453998565674 169 169 169
8.606073379517 4.404050827026 58.527000427246 169 169 169
8.601276397705 4.405085563660 58.600997924805 175 175 175
8.599746704102 4.403527259827 58.674999237061 172 172 172
8.603546142578 4.401787757874 58.748996734619 174 174 174
8.595115661621 4.403483390808 58.826000213623 175 175 175
8.605651855469 4.399568557739 58.897998809814 173 173 173
8.602863311768 4.400468826294 58.973999023438 174 174 174
8.588623046875 4.404038429260 59.053997039795 169 169 169
8.594215393066 4.400694847107 59.128997802734 169 169 169
8.593683242798 4.399840831757 59.205997467041 108 108 108
8.652599334717 4.382876396179 59.265998840332 115 115 115
8.600584030151 4.396586418152 59.357997894287 114 114 114
8.666090011597 4.376982688904 59.416000366211 125 125 125
8.505813598633 4.335847377777 57.729999542236 14 14 14
8.367000579834 4.375521183014 57.882999420166 201 201 201
8.357408523560 4.377591609955 57.958999633789 193 193 193
8.356561660767 4.377351760864 58.034000396729 183 183 183
8.343099594116 4.380157470703 58.109996795654 180 180 180
8.402330398560 4.362578392029 58.178997039795 159 159 159
8.370447158813 4.370304107666 58.256996154785 176 176 176
8.423091888428 4.355364322662 58.326000213623 182 182 182
8.335926055908 4.379394531250 58.412998199463 190 190 190
8.328889846802 4.380639553070 58.489997863770 181 181 181
8.467729568481 4.337877750397 58.618999481201 184 184 184
8.475711822510 4.334788322449 58.692996978760 185 185 185
8.485088348389 4.331249237061 58.765998840332 185 185 185
8.476259231567 4.334098815918 58.843997955322 188 188 188
8.483558654785 4.329689979553 58.918998718262 179 179 179
8.512149810791 4.318922042847 59.219997406006 63 63 63
8.489013671875 4.324337959290 59.303997039795 109 109 109
8.405319213867 4.348786354065 59.407997131348 106 106 106
8.342609405518 4.277698516846 57.956996917725 160 160 160
8.373592376709 4.267185211182 58.028999328613 172 172 172
8.367567062378 4.267590522766 58.103996276855 178 178 178
8.336282730103 4.277174949646 58.181999206543 192 192 192
8.368511199951 4.265746593475 58.252998352051 93 93 93
8.376260757446 4.262732028961 58.326999664307 69 69 69
8.327798843384 4.276321887970 58.409000396729 179 179 179
8.317741394043 4.278542041779 58.485996246338 186 186 186
8.480648040771 4.230064392090 58.535999298096 181 181 181
8.488246917725 4.226585388184 58.608997344971 183 183 183
8.474935531616 4.229855537415 58.685997009277 184 184 184
8.486553192139 4.226106166840 58.758998870850 141 141 141
8.483316421509 4.225612163544 58.834999084473 186 186 186
8.491064071655 4.222597599030 58.909000396729 183 183 183
8.492855072021 4.220993041992 58.984996795654 173 173 173
8.323808670044 4.176531791687 58.104999542236 151 151 151
8.321733474731 4.175662994385 58.180000305176 180 180 180
8.317783355713 4.176937580109 58.255996704102 185 185 185
8.300918579102 4.180328369141 58.333000183105 185 185 185
8.314245223999 4.175514221191 58.406997680664 189 189 189
8.478546142578 4.126586914063 58.458000183105 184 184 184
8.489713668823 4.121442794800 58.529998779297 182 182 182
8.493511199951 4.119703292847 58.602996826172 184 184 184
8.483837127686 4.122313499451 58.678997039795 152 152 152
8.499799728394 4.116134643555 58.826000213623 160 160 160
8.495168685913 4.116090297699 58.902000427246 180 180 180
8.489128112793 4.118040084839 58.978996276855 182 182 182
8.491083145142 4.115356445313 59.055000305176 159 159 159
8.304626464844 4.074975013733 58.253997802734 114 114 114
8.298818588257 4.076849937439 58.329998016357 158 158 158
8.456079483032 4.029168128967 58.382999420166 154 154 154
8.504257202148 4.013104915619 58.448997497559 186 186 186
8.495660781860 4.015879631042 58.523998260498 188 188 188
8.499610900879 4.014604568481 58.596996307373 175 175 175
8.502277374268 4.010151863098 58.893997192383 176 176 176
8.508018493652 4.007272720337 58.967998504639 206 206 206
8.500583648682 4.009672641754 59.044998168945 177 177 177
8.505012512207 4.006703853607 59.119998931885 124 124 124
8.504613876343 3.910885334015 58.371997833252 185 185 185
8.509590148926 3.907226800919 58.444000244141 185 185 185
8.511598587036 3.907091617584 58.515998840332 180 180 180
8.512804031372 3.902084589005 58.958999633789 184 184 184
8.511110305786 3.901605129242 59.034996032715 205 205 205
8.507242202759 3.902340412140 59.110996246338 176 176 176
8.495615005493 3.801937103271 59.031997680664 23 23 23
8.443714141846 5.091657638550 58.500999450684 204 204 204
8.425094604492 5.084840297699 59.038997650146 204 204 204
8.461671829224 5.005819797516 58.407997131348 210 210 210
8.454048156738 5.003662109375 58.496997833252 205 205 205
8.453367233276 5.002343654633 58.584999084473 154 154 154
8.441207885742 4.998058319092 58.940998077393 130 130 130
8.450225830078 4.999765396118 59.027996063232 213 213 213
8.444610595703 4.997472763062 59.118999481201 212 212 212
8.466310501099 4.916071891785 58.403999328613 204 204 204
8.470396041870 4.916805267334 58.489997863770 214 214 214
8.456842422485 4.912970542908 58.578998565674 206 206 206
8.451625823975 4.909523487091 58.932998657227 212 212 212
8.448537826538 4.909493923187 59.021999359131 209 209 209
8.453866958618 4.909313201904 59.110996246338 211 211 211
8.392665863037 4.809517860413 58.228996276855 94 94 94
8.404920578003 4.811719417572 58.315998077393 160 160 160
8.396301269531 4.808857440948 58.403999328613 156 156 156
8.469951629639 4.825618743896 58.484996795654 210 210 210
8.474802017212 4.827132225037 58.570999145508 204 204 204
8.474802017212 4.827132225037 58.659000396729 204 204 204
8.457328796387 4.821484088898 58.835998535156 132 132 132
8.446619033813 4.819296836853 58.925998687744 204 204 204
8.457725524902 4.820329666138 59.012996673584 213 213 213
8.441236495972 4.816929817200 59.104999542236 52 52 52
8.394351959229 4.721749305725 58.052997589111 87 87 87
8.406606674194 4.723950386047 58.138996124268 170 170 170
8.391210556030 4.719171047211 58.226997375488 156 156 156
8.388288497925 4.718062400818 58.313999176025 151 151 151
8.387290954590 4.717358589172 58.402000427246 164 164 164
8.425037384033 4.726210594177 58.485996246338 195 195 195
8.476652145386 4.738283634186 58.566997528076 202 202 202
8.478279113770 4.737758636475 58.653999328613 204 204 204
8.478893280029 4.738073348999 58.740997314453 96 96 96
8.461570739746 4.732890129089 58.830997467041 209 209 209
8.478443145752 4.736679077148 58.916000366211 210 210 210
8.462732315063 4.732515335083 59.005996704102 207 207 207
8.386953353882 4.631268501282 57.963996887207 163 163 163
8.394359588623 4.631956577301 58.050998687744 174 174 174
8.380723953247 4.628661155701 58.137996673584 179 179 179
8.388977050781 4.629589080811 58.223999023438 183 183 183
8.373266220093 4.625424861908 58.312000274658 132 132 132
8.386053085327 4.628480911255 58.397998809814 94 94 94
8.373266220093 4.625424861908 58.486999511719 164 164 164
8.484199523926 4.651188850403 58.562000274658 205 205 205
8.484199523926 4.651188850403 58.648998260498 204 204 204
8.474731445313 4.648087501526 58.735996246338 204 204 204
8.473884582520 4.647847175598 58.823997497559 209 209 209
8.469583511353 4.645644664764 58.911998748779 211 211 211
8.473434448242 4.646453380585 58.998996734619 47 47 47
8.406904220581 4.627906799316 59.366996765137 83 83 83
8.535619735718 4.586360931396 56.511997222900 119 119 119
8.541946411133 4.586884498596 56.599998474121 121 121 121
8.534322738647 4.584727287292 56.684997558594 118 118 118
8.540882110596 4.585175991058 56.771999359131 113 113 113
8.535335540771 4.583888053894 56.857997894287 113 113 113
8.529787063599 4.582599639893 56.942996978760 101 101 101
8.538572311401 4.584381580353 57.028999328613 98 98 98
8.536729812622 4.583437919617 57.113998413086 78 78 78
8.522562026978 4.579288482666 57.197998046875 58 58 58
8.526811599731 4.578942298889 57.282997131348 43 43 43
8.532125473022 4.580306053162 57.367996215820 23 23 23
8.390483856201 4.544443607330 57.876998901367 181 181 181
8.403434753418 4.546420097351 57.962997436523 160 160 160
8.411838531494 4.547812461853 58.048000335693 122 122 122
8.405990600586 4.545595169067 58.134998321533 170 170 170
8.499738693237 4.568183898926 58.214996337891 181 181 181
8.466539382935 4.559915065765 58.302997589111 197 197 197
8.370866775513 4.536921977997 58.395996093750 187 187 187
8.372875213623 4.536786556244 58.482997894287 183 183 183
8.485885620117 4.563419342041 58.643997192383 206 206 206
8.491214752197 4.563238620758 58.729999542236 205 205 205
8.482130050659 4.560526847839 58.816997528076 205 205 205
8.481515884399 4.560212135315 58.903999328613 212 212 212
8.551927566528 4.576479911804 59.065998077393 35 35 35
8.574811935425 4.581407546997 59.148998260498 76 76 76
8.598159790039 4.586185455322 59.230998992920 90 90 90
8.436092376709 4.546653747559 59.352996826172 91 91 91
8.688135147095 4.607425689697 59.384998321533 116 116 116
8.601325988770 4.513331413269 56.442996978760 97 97 97
8.663036346436 4.527276515961 56.539997100830 200 200 200
8.673049926758 4.529688835144 56.626998901367 199 199 199
8.663581848145 4.526587009430 56.709999084473 201 201 201
8.660657882690 4.525478363037 56.793998718262 201 201 201
8.663747787476 4.525507926941 56.877998352051 199 199 199
8.663747787476 4.525507926941 56.961997985840 201 201 201
8.644416809082 4.520459175110 57.042999267578 201 201 201
8.658365249634 4.523139953613 57.127998352051 202 202 202
8.658761978149 4.521986007690 57.210998535156 202 202 202
8.639881134033 4.518331527710 57.292999267578 202 202 202
8.655223846436 4.520562171936 57.376998901367 202 202 202
8.645128250122 4.518690109253 57.458999633789 202 202 202
8.652532577515 4.519378662109 57.541999816895 203 203 203
8.650690078735 4.518434524536 57.624996185303 214 214 214
8.656385421753 4.520187377930 57.708000183105 207 207 207
8.647766113281 4.517325878143 57.789997100830 202 202 202
8.641986846924 4.516112327576 57.872997283936 202 202 202
8.646469116211 4.515691757202 57.955997467041 202 202 202
8.646469116211 4.515691757202 58.037998199463 202 202 202
8.637002944946 4.512590408325 58.121997833252 202 202 202
8.638013839722 4.511750698090 58.204998016357 202 202 202
8.634078979492 4.511482238770 58.287998199463 202 202 202
8.627918243408 4.509878635406 58.371997833252 196 196 196
8.635322570801 4.510566711426 58.454998016357 199 199 199
8.627700805664 4.508409976959 58.538997650146 199 199 199
8.633178710938 4.508693695068 58.621997833252 198 198 198
8.623165130615 4.506282329559 58.708000183105 198 198 198
8.628246307373 4.507719993591 58.791000366211 195 195 195
8.623479843140 4.505667686462 58.876998901367 196 196 196
8.624559402466 4.505832672119 58.961997985840 193 193 193
8.624109268188 4.504438400269 59.046997070313 191 191 191
8.620338439941 4.503089904785 59.132999420166 193 193 193
8.636131286621 4.506714820862 59.215999603271 104 104 104
8.657854080200 4.512017250061 59.298000335693 88 88 88
8.727186203003 4.528120040894 59.367996215820 120 120 120
8.631362915039 4.504662036896 59.477996826172 87 87 87
8.380535125732 4.364995956421 57.874996185303 89 89 89
8.375154495239 4.362627983093 57.960998535156 188 188 188
8.379007339478 4.363436698914 58.046997070313 186 186 186
8.373924255371 4.361998558044 58.131996154785 196 196 196
8.483396530151 4.387207984924 58.211997985840 170 170 170
8.526840209961 4.397813796997 58.292999267578 135 135 135
8.394350051880 4.365667819977 58.388996124268 141 141 141
8.377027511597 4.360484123230 58.475997924805 165 165 165
8.592252731323 4.412102699280 58.539997100830 33 33 33
8.499053955078 4.388824462891 58.634998321533 204 204 204
8.505994796753 4.389662742615 58.718997955322 203 203 203
8.505994796753 4.389662742615 58.805000305176 202 202 202
8.507223129272 4.390292167664 58.889999389648 201 201 201
8.623088836670 4.417029380798 58.956996917725 50 50 50
8.605684280396 4.412385940552 59.044998168945 51 51 51
8.619550704956 4.415606021881 59.127998352051 39 39 39
8.612939834595 4.412609100342 59.214996337891 85 85 85
8.663393020630 4.425057411194 59.289997100830 85 85 85
8.677341461182 4.427738189697 59.372997283936 110 110 110
8.626041412354 4.415050506592 59.471996307373 62 62 62
8.395488739014 4.278588294983 58.044998168945 172 172 172
8.393795013428 4.278108596802 58.129997253418 168 168 168
8.344736099243 4.265211105347 58.217998504639 153 153 153
8.382482528687 4.274063587189 58.300998687744 48 48 48
8.351062774658 4.265734672546 58.388996124268 82 82 82
8.312234878540 4.256716728210 58.478996276855 187 187 187
8.500356674194 4.300665855408 58.545997619629 203 203 203
8.503595352173 4.301159858704 58.629997253418 214 214 214
8.493896484375 4.298133850098 58.715999603271 213 213 213
8.503145217896 4.299765586853 58.799999237061 207 207 207
8.508228302002 4.301203727722 58.884998321533 204 204 204
8.508228302002 4.301203727722 58.970996856689 192 192 192
8.646608352661 4.330935478210 59.372997283936 92 92 92
8.358444213867 4.179718494415 58.129997253418 72 72 72
8.322158813477 4.171420097351 58.216999053955 168 168 168
8.323553085327 4.170970439911 58.302997589111 181 181 181
8.325412750244 4.170370101929 58.388996124268 178 178 178
8.337884902954 4.174040794373 58.473999023438 132 132 132
8.505445480347 4.212311744690 58.541999816895 216 216 216
8.498437881470 4.210469245911 58.626998901367 226 226 226
8.501060485840 4.210648536682 58.710998535156 204 204 204
8.517702102661 4.214513301849 58.793998718262 196 196 196
8.508848190308 4.211726188660 58.879997253418 203 203 203
8.505310058594 4.210303306580 58.965999603271 203 203 203
8.514072418213 4.125380992889 58.452999114990 207 207 207
8.516231536865 4.125710487366 58.536998748779 219 219 219
8.506996154785 4.122533798218 58.621997833252 222 222 222
8.516860961914 4.124481201172 58.873996734619 204 204 204
8.514783859253 4.123611927032 58.958999633789 203 203 203
8.522108078003 4.124839782715 59.042999267578 203 203 203
8.508300781250 4.034375190735 58.366996765137 116 116 116
8.519475936890 4.036412239075 58.448997497559 227 227 227
8.521553039551 4.037281036377 58.531997680664 231 231 231
8.521553039551 4.037281036377 58.614997863770 194 194 194
8.528041839600 4.036725521088 58.865997314453 28 28 28
8.526964187622 4.036561012268 58.951000213623 205 205 205
8.516334533691 4.033834457397 59.036998748779 204 204 204
8.516498565674 4.032754898071 59.121997833252 193 193 193
8.532186508179 3.950215339661 58.361999511719 210 210 210
8.531190872192 3.949511051178 58.444000244141 216 216 216
8.518634796143 3.946380138397 58.527996063232 227 227 227
8.529661178589 3.947952270508 58.944000244141 187 187 187
8.527202606201 3.946693420410 59.028999328613 204 204 204
8.526123046875 3.946528673172 59.113998413086 204 204 204
8.535432815552 3.860917091370 58.439998626709 97 97 97
8.537441253662 3.860781908035 58.521999359131 140 140 140
8.543317794800 3.859911441803 59.019996643066 201 201 201
8.440423965454 4.967013359070 58.335998535156 164 164 164
8.445001602173 4.964509010315 58.411998748779 203 203 203
8.438579559326 4.966069221497 58.489997863770 202 202 202
8.442079544067 4.963400840759 58.565998077393 115 115 115
8.422523498535 4.965607643127 58.960998535156 174 174 174
8.423303604126 4.964842796326 59.039997100830 173 173 173
8.426870346069 4.963178634644 59.118999481201 168 168 168
8.389936447144 4.804241657257 58.180999755859 47 47 47
8.382749557495 4.805022716522 58.257999420166 172 172 172
8.370285034180 4.808532714844 58.335998535156 179 179 179
8.367279052734 4.807963371277 58.413997650146 157 157 157
8.456415176392 4.779706001282 58.476997375488 189 189 189
8.456811904907 4.778551578522 58.552997589111 190 190 190
8.450223922729 4.781190872192 58.630996704102 184 184 184
8.427087783813 4.786606788635 58.789997100830 54 54 54
8.445457458496 4.779138088226 58.863998413086 195 195 195
8.429822921753 4.783158302307 58.945999145508 178 178 178
8.431217193604 4.782708168030 59.023998260498 166 166 166
8.622060775757 4.581549167633 55.643997192383 157 157 157
8.633609771729 4.576795101166 55.726997375488 170 170 170
8.627965927124 4.577590942383 55.802997589111 180 180 180
8.643060684204 4.565535545349 56.486999511719 95 95 95
8.633069992065 4.568760395050 56.558998107910 91 91 91
8.642211914063 4.565295696259 56.633998870850 78 78 78
8.632783889771 4.566287040710 56.704998016357 71 71 71
8.626909255981 4.567157268524 56.777996063232 64 64 64
8.627454757690 4.566467761993 56.850997924805 47 47 47
8.621263504028 4.567952632904 56.923000335693 21 21 21
8.387447357178 4.628030776978 57.873996734619 106 106 106
8.374219894409 4.630761146545 57.949996948242 184 184 184
8.367795944214 4.632321357727 58.025997161865 190 190 190
8.363464355469 4.633206367493 58.101997375488 186 186 186
8.393053054810 4.623142719269 58.174999237061 190 190 190
8.388422012329 4.623098373413 58.250999450684 111 111 111
8.460117340088 4.602009296417 58.316997528076 110 110 110
8.351575851440 4.632938385010 58.407997131348 173 173 173
8.349882125854 4.632459163666 58.484996795654 179 179 179
8.464096069336 4.597646713257 58.542999267578 170 170 170
8.465887069702 4.596042156219 58.617996215820 187 187 187
8.463645935059 4.596252441406 58.694999694824 189 189 189
8.461404800415 4.596462726593 58.771999359131 182 182 182
8.449419021606 4.598278522491 58.850997924805 182 182 182
8.453535079956 4.595924377441 58.926998138428 129 129 129
8.547550201416 4.566092491150 59.058998107910 62 62 62
8.581935882568 4.554993152618 59.127998352051 94 94 94
8.596340179443 4.550343513489 59.201000213623 94 94 94
8.503980636597 4.576562881470 59.305999755859 107 107 107
8.522800445557 4.570488452911 59.378997802734 115 115 115
8.510782241821 4.421980857849 56.988998413086 17 17 17
8.514896392822 4.419626712799 57.062999725342 49 49 49
8.511260986328 4.420287132263 57.134998321533 67 67 67
8.504770278931 4.420842647552 57.208000183105 77 77 77
8.519954681396 4.415428638458 57.281997680664 82 82 82
8.504320144653 4.419448852539 57.353996276855 90 90 90
8.510841369629 4.415804862976 57.426998138428 94 94 94
8.508832931519 4.415940284729 57.499996185303 97 97 97
8.506822586060 4.416075229645 57.571998596191 99 99 99
8.517360687256 4.412161350250 57.644996643066 117 117 117
8.503900527954 4.414966583252 57.717998504639 109 109 109
8.509094238281 4.412776947021 57.791000366211 116 116 116
8.414329528809 4.440286636353 57.868999481201 197 197 197
8.474805831909 4.421792507172 57.938999176025 141 141 141
8.485193252563 4.417413711548 58.011997222900 138 138 138
8.432699203491 4.432818412781 58.089996337891 175 175 175
8.485904693604 4.415644645691 58.159000396729 177 177 177
8.412349700928 4.437334060669 58.240997314453 195 195 195
8.495595932007 4.411490440369 58.305000305176 165 165 165
8.414537429810 4.434575080872 58.390998840332 183 183 183
8.438468933105 4.426850795746 58.461997985840 166 166 166
8.493301391602 4.409152507782 58.527996063232 127 127 127
8.475193023682 4.413457870483 58.606998443604 183 183 183
8.485101699829 4.410773277283 58.680000305176 184 184 184
8.489763259888 4.407729148865 58.754997253418 184 184 184
8.476137161255 4.411613941193 58.833999633789 181 181 181
8.491636276245 4.405585289001 58.905998229980 133 133 133
8.492265701294 4.404356002808 58.982997894287 132 132 132
8.492429733276 4.403276443481 59.059997558594 134 134 134
8.501573562622 4.399811744690 59.134998321533 113 113 113
8.580718994141 4.374779224396 59.189998626709 110 110 110
8.614789962769 4.364295005798 59.256996154785 97 97 97
8.528076171875 4.389719009399 59.360996246338 97 97 97
8.599088668823 4.367310523987 59.417999267578 99 99 99
8.330415725708 4.285225868225 57.944000244141 135 135 135
8.374628067017 4.271981716156 58.014999389648 172 172 172
8.369997024536 4.271937370300 58.089996337891 175 175 175
8.324090957642 4.284702301025 58.168998718262 187 187 187
8.363506317139 4.272493362427 58.239997863770 83 83 83
8.363670349121 4.271413803101 58.314998626709 71 71 71
8.317216873169 4.284868240356 58.395996093750 183 183 183
8.310726165771 4.285424232483 58.472999572754 184 184 184
8.479839324951 4.233917236328 58.520996093750 183 183 183
8.477531433105 4.233123302460 58.595996856689 177 177 177
8.485744476318 4.229959011078 58.668998718262 175 175 175
8.477081298828 4.231729507446 58.745998382568 129 129 129
8.488697052002 4.227979660034 58.819000244141 182 182 182
8.485609054565 4.227950096130 58.894996643066 183 183 183
8.491035461426 4.225685596466 58.969997406006 174 174 174
8.301963806152 4.111237525940 58.238998413086 144 144 144
8.299272537231 4.110053539276 58.313999176025 171 171 171
8.450578689575 4.063781738281 58.367996215820 162 162 162
8.500146865845 4.047268867493 58.433998107910 183 183 183
8.495500564575 4.048768520355 58.507999420166 186 186 186
8.493656158447 4.047824382782 58.581996917725 173 173 173
8.500341415405 4.043101310730 58.877998352051 183 183 183
8.499113082886 4.042471885681 58.952999114990 200 200 200
8.498662948608 4.041077613831 59.028999328613 177 177 177
8.504404067993 4.038198471069 59.103996276855 69 69 69
8.499629974365 3.866829633713 58.423999786377 158 158 158
8.495994567871 3.867489814758 58.496997833252 88 88 88
8.497747421265 3.861793041229 58.938999176025 44 44 44
8.508682250977 3.856724500656 59.010997772217 166 166 166
8.425416946411 5.050872325897 58.303997039795 22 22 22
8.443601608276 5.054751396179 58.390998840332 206 206 206
8.441757202148 5.053807258606 58.478996276855 203 203 203
8.437141418457 5.052219390869 58.566997528076 30 30 30
8.436090469360 5.048966407776 58.921997070313 124 124 124
8.424531936646 5.046540260315 59.013996124268 210 210 210
8.424928665161 5.045385360718 59.103996276855 207 207 207
8.389562606812 4.892100334167 58.303997039795 40 40 40
8.454893112183 4.906929016113 58.385997772217 170 170 170
8.459211349487 4.907588005066 58.472999572754 212 212 212
8.448747634888 4.903782367706 58.560997009277 205 205 205
8.448446273804 4.902853012085 58.648998260498 52 52 52
8.422407150269 4.896891593933 58.828998565674 52 52 52
8.434827804565 4.898013591766 58.914997100830 203 203 203
8.432983398438 4.897069931030 59.004997253418 212 212 212
8.446084976196 4.899510383606 59.090999603271 129 129 129
8.390840530396 4.741866588593 58.039997100830 131 131 131
8.382369995117 4.739469528198 58.126998901367 169 169 169
8.378683090210 4.737581253052 58.213996887207 151 151 151
8.376838684082 4.736637592316 58.300998687744 116 116 116
8.375759124756 4.736472606659 58.388996124268 149 149 149
8.420448303223 4.746163845062 58.471996307373 194 194 194
8.453577041626 4.753428459167 58.555000305176 201 201 201
8.453577041626 4.753428459167 58.641998291016 204 204 204
8.471843719482 4.756768226624 58.726997375488 96 96 96
8.447746276855 4.749666213989 58.817996978760 204 204 204
8.450204849243 4.750925064087 58.904998779297 208 208 208
8.447746276855 4.749666213989 58.992996215820 195 195 195
8.382118225098 4.587677001953 57.865997314453 173 173 173
8.382118225098 4.587677001953 57.951999664307 151 151 151
8.374729156494 4.585445404053 58.037998199463 135 135 135
8.461864471436 4.605036735535 58.119998931885 170 170 170
8.451398849487 4.601231575012 58.205997467041 186 186 186
8.461181640625 4.603717803955 58.291000366211 190 190 190
8.354114532471 4.577219009399 58.385997772217 175 175 175
8.350345611572 4.575870513916 58.472999572754 164 164 164
8.479993820190 4.606368064880 58.546997070313 85 85 85
8.471141815186 4.603581428528 58.633998870850 205 205 205
8.474380493164 4.604075431824 58.718997955322 205 205 205
8.461990356445 4.599865913391 58.807998657227 207 207 207
8.459531784058 4.598607063293 58.894996643066 204 204 204
8.539043426514 4.616041183472 59.055999755859 23 23 23
8.578798294067 4.624758720398 59.134998321533 61 61 61
8.586204528809 4.625447273254 59.219997406006 93 93 93
8.380212783813 4.577004432678 59.352996826172 95 95 95
8.637819290161 4.637519836426 59.382999420166 106 106 106
8.618455886841 4.498053073883 56.440998077393 69 69 69
8.648513793945 4.503744125366 56.530998229980 83 83 83
8.648513793945 4.503744125366 56.615997314453 88 88 88
8.633964538574 4.499204635620 56.697998046875 92 92 92
8.636205673218 4.498994827271 56.782997131348 93 93 93
8.647298812866 4.501570701599 56.867996215820 101 101 101
8.639608383179 4.498409271240 56.951000213623 105 105 105
8.639608383179 4.498409271240 57.034000396729 110 110 110
8.639608383179 4.498409271240 57.116996765137 113 113 113
8.639307022095 4.497479915619 57.199996948242 111 111 111
8.628446578979 4.494828224182 57.281997680664 110 110 110
8.637464523315 4.496536254883 57.365997314453 111 111 111
8.632696151733 4.494482994080 57.447998046875 117 117 117
8.641946792603 4.496115684509 57.530998229980 122 122 122
8.639022827148 4.495006561279 57.613998413086 120 120 120
8.632793426514 4.492399215698 57.695999145508 121 121 121
8.630949020386 4.491455078125 57.777996063232 119 119 119
8.575565338135 4.478034019470 57.861999511719 175 175 175
8.567941665649 4.475876331329 57.944999694824 168 168 168
8.566099166870 4.474932670593 58.027996063232 180 180 180
8.577507019043 4.476894378662 58.110996246338 172 172 172
8.609092712402 4.484144210815 58.192996978760 154 154 154
8.583450317383 4.477027893066 58.277996063232 186 186 186
8.591005325317 4.478180885315 58.360996246338 172 172 172
8.588081359863 4.477071762085 58.444000244141 172 172 172
8.622058868408 4.484576225281 58.524997711182 130 130 130
8.556661605835 4.468743324280 58.615997314453 199 199 199
8.559284210205 4.468922615051 58.699996948242 194 194 194
8.576089859009 4.471707820892 58.782997131348 188 188 188
8.579559326172 4.472126960754 58.866996765137 186 186 186
8.616924285889 4.480589866638 58.945999145508 134 134 134
8.620162963867 4.481083869934 59.030998229980 133 133 133
8.607772827148 4.476873397827 59.118999481201 129 129 129
8.636501312256 4.484019279480 59.198997497559 108 108 108
8.639905929565 4.483433723450 59.284000396729 77 77 77
8.720947265625 4.502427101135 59.350997924805 120 120 120
8.627201080322 4.479838371277 59.459999084473 29 29 29
8.382932662964 4.275457382202 58.031997680664 98 98 98
8.375078201294 4.273375511169 58.116996765137 176 176 176
8.310062408447 4.257931709290 58.206996917725 165 165 165
8.312917709351 4.258036613464 58.291999816895 113 113 113
8.309379577637 4.256612777710 58.378997802734 155 155 155
8.310541152954 4.256237506866 58.464996337891 163 163 163
8.488035202026 4.297459602356 58.532997131348 216 216 216
8.489196777344 4.297084808350 58.616996765137 211 211 211
8.490358352661 4.296710014343 58.701999664307 208 208 208
8.493446350098 4.296739578247 58.785999298096 204 204 204
8.488513946533 4.295765876770 58.872997283936 203 203 203
8.481903076172 4.292769432068 58.958999633789 201 201 201
8.670038223267 4.335173606873 59.349998474121 37 37 37
8.499301910400 4.144001960754 58.439998626709 210 210 210
8.496612548828 4.142817974091 58.523998260498 213 213 213
8.493688583374 4.141709327698 58.608997344971 209 209 209
8.494468688965 4.140944480896 58.861999511719 203 203 203
8.494468688965 4.140944480896 58.946998596191 202 202 202
8.502405166626 4.142487049103 59.030998229980 201 201 201
8.511171340942 3.992401838303 58.350997924805 212 212 212
8.514492034912 3.992356300354 58.432998657227 208 208 208
8.510557174683 3.992087125778 58.515998840332 213 213 213
8.506732940674 3.988190412521 58.934997558594 201 201 201
8.510271072388 3.989613771439 59.018997192383 203 203 203
8.502197265625 3.986062765121 59.105998992920 202 202 202
8.453363418579 5.067506313324 59.066997528076 80 80 80
8.453363418579 5.067506313324 58.976997375488 87 87 87
8.473093032837 5.046771526337 58.528999328613 90 90 90
8.453527450562 5.066427230835 58.444000244141 161 161 161
8.483142852783 5.037370681763 58.352996826172 85 85 85
8.609764099121 4.680952548981 59.363998413086 88 88 88
8.458585739136 4.843654155731 59.053997039795 104 104 104
8.460691452026 4.841435432434 58.963996887207 116 116 116
8.460292816162 4.842589855194 58.875999450684 174 174 174
8.478862762451 4.822229385376 58.608997344971 186 186 186
8.474802017212 4.827132225037 58.521999359131 174 174 174
8.468088150024 4.834943294525 58.435997009277 85 85 85
8.647869110107 4.425449371338 59.424999237061 126 126 126
8.625402450562 4.449633598328 59.344997406006 111 111 111
8.638681411743 4.433546066284 59.253997802734 131 131 131
8.587333679199 4.490653038025 59.182998657227 84 84 84
8.615819931030 4.458884239197 59.088996887207 192 192 192
8.613166809082 4.461792945862 59.003997802734 187 187 187
8.617773056030 4.456200599670 58.916999816895 188 188 188
8.616664886475 4.459123611450 58.833000183105 193 193 193
8.616664886475 4.459123611450 58.747997283936 191 191 191
8.617061614990 4.457969188690 58.663997650146 197 197 197
8.619565963745 4.454596042633 58.578998565674 197 197 197
8.615272521973 4.459573745728 58.495998382568 197 197 197
8.617460250854 4.456814765930 58.411998748779 200 200 200
8.613166809082 4.461792945862 58.328998565674 201 201 201
8.616664886475 4.459123611450 58.244998931885 206 206 206
8.618854522705 4.456364631653 58.160999298096 200 200 200
8.614561080933 4.461342811584 58.078998565674 211 211 211
8.616664886475 4.459123611450 57.994998931885 210 210 210
8.615272521973 4.459573745728 57.911998748779 205 205 205
8.619565963745 4.454596042633 57.828998565674 216 216 216
8.618854522705 4.456364631653 57.745998382568 220 220 220
8.617460250854 4.456814765930 57.662998199463 201 201 201
8.610347747803 4.465780735016 57.579998016357 179 179 179
8.614162445068 4.462496757507 57.496997833252 189 189 189
8.607614517212 4.469228744507 57.412998199463 180 180 180
8.605342864990 4.472526550293 57.329998016357 175 175 175
8.612056732178 4.464715957642 57.246997833252 173 173 173
8.611509323120 4.465405464172 57.162998199463 169 169 169
8.602390289307 4.474505901337 57.077999114990 168 168 168
8.607448577881 4.470308303833 56.994998931885 163 163 163
8.598260879517 4.478404521942 56.909000396729 162 162 162
8.595443725586 4.482392311096 56.823997497559 154 154 154
8.589673995972 4.488359451294 56.737998962402 158 158 158
8.588727951050 4.490203380585 56.652000427246 158 158 158
8.590835571289 4.487984657288 56.566997528076 159 159 159
8.589673995972 4.488359451294 56.480998992920 160 160 160
8.592775344849 4.486845016479 56.394996643066 154 154 154
8.579212188721 4.500458717346 56.305000305176 152 152 152
8.574535369873 4.505046367645 56.215999603271 151 151 151
8.572198867798 4.507340431213 56.127998352051 154 154 154
8.553859710693 4.309051036835 59.354999542236 116 116 116
8.397838592529 4.477420806885 59.316997528076 96 96 96
8.462749481201 4.406699180603 59.208000183105 15 15 15
8.526403427124 4.338437080383 58.930000305176 82 82 82
8.505016326904 4.362785339355 58.848999023438 124 124 124
8.499723434448 4.367058277130 58.764999389648 129 129 129
8.497222900391 4.370431423187 58.678997039795 131 131 131
8.493160247803 4.375334262848 58.594997406006 131 131 131
8.372554779053 4.505591392517 58.527996063232 16 16 16
8.364215850830 4.513927459717 58.441997528076 114 114 114
8.360864639282 4.517061233521 58.354999542236 102 102 102
8.449636459351 4.421707153320 58.258998870850 105 105 105
8.451824188232 4.418948173523 58.173999786377 120 120 120
8.380432128906 4.497405052185 58.092998504639 92 92 92
8.416559219360 4.457524776459 58.004997253418 50 50 50
8.397209167480 4.478650093079 57.919998168945 112 112 112
8.391439437866 4.484617233276 57.833999633789 118 118 118
8.511894226074 4.353894233704 57.747997283936 57 57 57
8.518344879150 4.130671501160 59.007999420166 121 121 121
8.516159057617 4.133430480957 58.923000335693 118 118 118
8.515842437744 4.134045124054 58.837997436523 99 99 99
8.515296936035 4.134735107422 58.584999084473 114 114 114
8.516159057617 4.133430480957 58.499996185303 115 115 115
8.511631011963 4.138483047485 58.416999816895 118 118 118
8.381046295166 4.279145240784 58.348999023438 62 62 62
8.387046813965 4.273103237152 58.262996673584 50 50 50
8.347106933594 4.316267967224 58.180000305176 119 119 119
8.389154434204 4.270884513855 58.090999603271 164 164 164
8.366537094116 4.294603347778 58.006996154785 126 126 126
8.523717880249 3.907284498215 59.079998016357 84 84 84
8.530282974243 3.899008512497 58.992996215820 141 141 141
8.521844863892 3.909428358078 58.492996215820 100 100 100
8.525905609131 3.904525756836 58.409996032715 95 95 95
8.298440933228 4.148803710938 58.353996276855 93 93 93
8.309051513672 4.137169837952 58.266998291016 66 66 66
8.512357711792 3.835527658463 59.083000183105 48 48 48
8.483177185059 3.867522001266 59.005996704102 21 21 21
8.506513595581 3.849214792252 58.500999450684 100 100 100
8.255981445313 4.115817546844 58.363998413086 67 67 67
8.499710083008 4.028426170349 59.097999572754 124 124 124
8.508501052856 4.021483898163 59.010997772217 177 177 177
8.502948760986 4.028920173645 58.927997589111 122 122 122
8.494180679321 4.041498184204 58.593997955322 115 115 115
8.501029968262 4.035696029663 58.508998870850 117 117 117
8.495410919189 4.042127609253 58.426998138428 124 124 124
8.337762832642 4.211022377014 58.360996246338 92 92 92
8.320985794067 4.229777812958 58.277000427246 101 101 101
8.326988220215 4.223735809326 58.189998626709 122 122 122
8.335395812988 4.216403961182 58.103996276855 128 128 128
8.429727554321 4.282929420471 59.394996643066 75 75 75
8.503467559814 4.209358692169 59.025997161865 86 86 86
8.494960784912 4.218774795532 58.942996978760 123 123 123
8.493701934814 4.221233367920 58.857997894287 117 117 117
8.470293045044 4.247260093689 58.777996063232 78 78 78
8.481817245483 4.236869812012 58.690998077393 120 120 120
8.486480712891 4.233826637268 58.604999542236 115 115 115
8.442010879517 4.282042980194 58.527000427246 119 119 119
8.331403732300 4.400351524353 58.455997467041 123 123 123
8.336229324341 4.396228313446 58.368999481201 161 161 161
8.338020324707 4.394623756409 58.282997131348 125 125 125
8.343544006348 4.390275955200 58.195999145508 118 118 118
8.352266311646 4.382329463959 58.108997344971 153 153 153
8.355220794678 4.380350112915 58.022998809814 144 144 144
8.364572525024 4.371174812317 57.937000274658 160 160 160
8.440679550171 4.292222023010 57.850997924805 18 18 18
8.561334609985 4.326648235321 59.458000183105 118 118 118
8.510700225830 4.381986618042 59.386997222900 99 99 99
8.561237335205 4.328732013702 59.284996032715 114 114 114
8.478702545166 4.417969703674 59.221996307373 86 86 86
8.481258392334 4.417144775391 59.133998870850 144 144 144
8.479999542236 4.419603347778 59.048000335693 145 145 145
8.485605239868 4.414715290070 58.959999084473 138 138 138
8.486616134644 4.413875579834 58.872997283936 159 159 159
8.483634948730 4.418942451477 58.787998199463 158 158 158
8.482690811157 4.420786857605 58.702999114990 158 158 158
8.477684020996 4.427533149719 58.617996215820 132 132 132
8.476972579956 4.429302215576 58.532997131348 139 139 139
8.454904556274 4.452331542969 58.451000213623 173 173 173
8.479377746582 4.428012847900 58.362998962402 146 146 146
8.464309692383 4.445704460144 58.278999328613 160 160 160
8.495414733887 4.414113998413 58.191997528076 135 135 135
8.483724594116 4.425583362579 58.107997894287 124 124 124
8.490409851074 4.420860290527 58.022998809814 114 114 114
8.472290039063 4.442614555359 57.939998626709 135 135 135
8.491706848145 4.422493934631 57.854999542236 114 114 114
8.497873306274 4.415372848511 57.770996093750 109 109 109
8.504394531250 4.411728858948 57.687000274658 98 98 98
8.494098663330 4.422748565674 57.601997375488 103 103 103
8.493154525757 4.424592018127 57.517997741699 98 98 98
8.501630783081 4.418265342712 57.433998107910 100 100 100
8.501232147217 4.419419288635 57.349998474121 96 96 96
8.505744934082 4.415910720825 57.264999389648 94 94 94
8.496242523193 4.424621582031 57.180000305176 90 90 90
8.502529144287 4.421052932739 57.095996856689 93 93 93
8.503211975098 4.422371864319 57.009998321533 82 82 82
8.503377914429 4.421292304993 56.924999237061 84 84 84
8.506013870239 4.419928550720 56.839996337891 76 76 76
8.500844955444 4.427754402161 56.752998352051 71 71 71
8.501459121704 4.428068637848 56.666999816895 62 62 62
8.503017425537 4.426539421082 56.580997467041 41 41 41
8.490137100220 4.441472053528 56.490997314453 22 22 22
8.672569274902 4.393876075745 59.437999725342 123 123 123
8.614372253418 4.456785202026 59.370998382568 87 87 87
8.642608642578 4.426634788513 59.275997161865 118 118 118
8.598754882813 4.475166320801 59.202999114990 95 95 95
8.614425659180 4.459333896637 59.112998962402 139 139 139
8.610895156860 4.465090751648 59.028999328613 142 142 142
8.612056732178 4.464715957642 58.942996978760 153 153 153
8.613847732544 4.463111400604 58.857997894287 161 161 161
8.610715866089 4.467713832855 58.773998260498 156 156 156
8.615856170654 4.462976455688 58.688999176025 162 162 162
8.615144729614 4.464745521545 58.605998992920 166 166 166
8.622226715088 4.458868026733 58.520996093750 164 164 164
8.616142272949 4.465449333191 58.437999725342 175 175 175
8.624385833740 4.459197044373 58.353996276855 173 173 173
8.616727828979 4.468852043152 58.271999359131 179 179 179
8.622331619263 4.463964462280 58.187999725342 176 176 176
8.630456924438 4.454159736633 58.104999542236 180 180 180
8.627473831177 4.459226608276 58.021999359131 183 183 183
8.626365661621 4.462149620056 57.939998626709 185 185 185
8.632818222046 4.457501888275 57.856998443604 199 199 199
8.631792068481 4.459885597229 57.773998260498 193 193 193
8.631792068481 4.459885597229 57.691997528076 193 193 193
8.624446868896 4.468925952911 57.608997344971 193 193 193
8.626785278320 4.466631889343 57.525997161865 193 193 193
8.627849578857 4.468340396881 57.442996978760 194 194 194
8.630802154541 4.466361045837 57.360996246338 194 194 194
8.628532409668 4.469659805298 57.277000427246 192 192 192
8.629693984985 4.469285011292 57.194000244141 196 196 196
8.634220123291 4.464231967926 57.110996246338 193 193 193
8.638731002808 4.460723400116 57.027996063232 192 192 192
8.631057739258 4.471922874451 56.942996978760 195 195 195
8.634490966797 4.468249320984 56.859996795654 190 190 190
8.635570526123 4.468414306641 56.775997161865 194 194 194
8.633232116699 4.470707893372 56.690998077393 190 190 190
8.629306793213 4.477619647980 56.604999542236 194 194 194
8.635076522827 4.471652030945 56.520996093750 187 187 187
8.632656097412 4.474485874176 56.434997558594 191 191 191
8.637151718140 4.472520828247 56.349998474121 186 186 186
8.635892868042 4.474979877472 56.262996673584 187 187 187
8.602268218994 4.511487483978 56.164997100830 139 139 139
8.605726242065 4.650957107544 59.389999389648 78 78 78
8.436428070068 4.835413932800 59.085998535156 112 112 112
8.435169219971 4.837872028351 58.997997283936 153 153 153
8.439065933228 4.834049224854 58.907997131348 119 119 119
8.450126647949 4.823808670044 58.641998291016 175 175 175
8.451026916504 4.826597213745 58.555000305176 159 159 159
8.459383010864 4.816716670990 58.466999053955 108 108 108
8.422288894653 5.030845642090 59.100997924805 88 88 88
8.435291290283 5.019465446472 59.007999420166 79 79 79
8.442276000977 5.015671730042 58.563999176025 109 109 109
8.443273544312 5.016376018524 58.475997924805 145 145 145
8.454730987549 5.004981517792 58.386997222900 85 85 85
8.521028518677 3.865566730499 58.420997619629 123 123 123
8.531042098999 3.867978334427 58.502998352051 204 204 204
8.524400711060 3.868069410324 59.001998901367 199 199 199
8.526477813721 3.868938684464 59.085998535156 180 180 180
8.498847961426 3.989196062088 58.347999572754 47 47 47
8.514492034912 3.992356300354 58.428997039795 212 212 212
8.519258499146 3.994409084320 58.511997222900 217 217 217
8.518411636353 3.994169473648 58.594997406006 202 202 202
8.512701034546 3.993960618973 58.930000305176 200 200 200
8.518861770630 3.995563507080 59.013996124268 202 202 202
8.508996963501 3.993616580963 59.099998474121 202 202 202
8.308712005615 4.075709342957 58.285999298096 85 85 85
8.312946319580 4.076907634735 58.370998382568 98 98 98
8.514072418213 4.125380992889 58.437999725342 148 148 148
8.509141921997 4.124407768250 58.521999359131 209 209 209
8.507297515869 4.123463630676 58.605998992920 211 211 211
8.519454956055 4.127748489380 58.688999176025 138 138 138
8.507131576538 4.124542713165 58.858997344971 203 203 203
8.510984420776 4.125351428986 58.942996978760 202 202 202
8.503894805908 4.124048233032 59.028999328613 203 203 203
8.369836807251 4.223758697510 58.034996032715 46 46 46
8.384004592896 4.227908134460 58.118999481201 174 174 174
8.339481353760 4.217137813568 58.205997467041 147 147 147
8.339481353760 4.217137813568 58.291999816895 124 124 124
8.331857681274 4.214980602264 58.377998352051 111 111 111
8.317758560181 4.211834907532 58.464996337891 164 164 164
8.491535186768 4.254257202148 58.532997131348 203 203 203
8.489690780640 4.253313064575 58.617996215820 206 206 206
8.488611221313 4.253148555756 58.702999114990 210 210 210
8.498310089111 4.256175041199 58.785999298096 203 203 203
8.497230529785 4.256010055542 58.871997833252 203 203 203
8.507328033447 4.257882118225 58.954998016357 202 202 202
8.506931304932 4.259036064148 59.386997222900 72 72 72
8.624933242798 4.417973518372 57.621997833252 35 35 35
8.609140396118 4.414348602295 57.702999114990 50 50 50
8.632953643799 4.418976306915 57.785999298096 45 45 45
8.608142852783 4.413644790649 57.867996215820 58 58 58
8.464626312256 4.379926681519 57.953998565674 169 169 169
8.464626312256 4.379926681519 58.037998199463 170 170 170
8.471403121948 4.381843566895 58.121997833252 183 183 183
8.551515579224 4.401137351990 58.201999664307 164 164 164
8.558523178101 4.402979850769 58.284996032715 163 163 163
8.546665191650 4.399623870850 58.368999481201 138 138 138
8.527400970459 4.395580291748 58.454998016357 152 152 152
8.621530532837 4.418559074402 58.528999328613 101 101 101
8.513685226440 4.392824172974 58.624996185303 203 203 203
8.532716751099 4.396943092346 58.706996917725 199 199 199
8.544424057007 4.399834156036 58.789997100830 199 199 199
8.539260864258 4.398935794830 58.875999450684 200 200 200
8.633237838745 4.421449661255 58.945999145508 109 109 109
8.622144699097 4.418873786926 59.031997680664 114 114 114
8.623989105225 4.419816970825 59.116996765137 109 109 109
8.528001785278 4.397439002991 59.220996856689 85 85 85
8.661735534668 4.428670406342 59.278999328613 113 113 113
8.615203857422 4.418035507202 59.374996185303 94 94 94
8.669591903687 4.430752277374 59.448997497559 116 116 116
8.650035858154 4.554561138153 56.541000366211 158 158 158
8.640171051025 4.552614212036 56.623996734619 159 159 159
8.633245468140 4.550231933594 56.706996917725 165 165 165
8.628313064575 4.549258708954 56.791000366211 163 163 163
8.613367080688 4.545873641968 56.872997283936 170 170 170
8.610280990601 4.545844078064 56.956996917725 180 180 180
8.608436584473 4.544899940491 57.041000366211 178 178 178
8.602273941040 4.543296813965 57.123996734619 182 182 182
8.592411041260 4.541350364685 57.206996917725 179 179 179
8.598571777344 4.542952537537 57.291000366211 186 186 186
8.579542160034 4.538833618164 57.372997283936 192 192 192
8.587478637695 4.540376663208 57.456996917725 190 190 190
8.579542160034 4.538833618164 57.539997100830 165 165 165
8.566837310791 4.535238265991 57.622997283936 178 178 178
8.561902999878 4.534264564514 57.705997467041 179 179 179
8.554580688477 4.533037185669 57.788997650146 178 178 178
8.537094116211 4.528932571411 57.872997283936 181 181 181
8.537094116211 4.528932571411 57.956996917725 182 182 182
8.553733825684 4.532796859741 58.039997100830 150 150 150
8.526847839355 4.526596069336 58.124996185303 170 170 170
8.524156570435 4.525412082672 58.208999633789 168 168 168
8.512134552002 4.523135662079 58.293998718262 166 166 166
8.494415283203 4.519106864929 58.379997253418 167 167 167
8.477077484131 4.515466690063 58.466999053955 184 184 184
8.526000976563 4.526356697083 58.546997070313 131 131 131
8.502269744873 4.521188735962 58.633998870850 201 201 201
8.492404937744 4.519241333008 58.720996856689 198 198 198
8.503116607666 4.521428585052 58.805000305176 201 201 201
8.490562438965 4.518298149109 58.892997741699 204 204 204
8.516437530518 4.525339126587 58.974998474121 151 151 151
8.528144836426 4.528229713440 59.058998107910 147 147 147
8.582681655884 4.541411876678 59.135997772217 89 89 89
8.585155487061 4.541126251221 59.220996856689 89 89 89
8.622438430786 4.550129413605 59.299999237061 76 76 76
8.664953231812 4.561034202576 59.376998901367 105 105 105
8.596862792969 4.544017791748 59.479999542236 66 66 66
8.391208648682 4.622198581696 57.960998535156 148 148 148
8.396987915039 4.623411655426 58.046997070313 151 151 151
8.381195068359 4.619787216187 58.133998870850 168 168 168
8.381195068359 4.619787216187 58.219997406006 183 183 183
8.383039474487 4.620730876923 58.305999755859 120 120 120
8.361316680908 4.615427970886 58.394996643066 67 67 67
8.355155944824 4.613825321198 58.481998443604 156 156 156
8.470008850098 4.641402244568 58.556999206543 201 201 201
8.473480224609 4.641821861267 58.642997741699 204 204 204
8.479026794434 4.643109798431 58.727996826172 204 204 204
8.467317581177 4.640218734741 58.816997528076 205 205 205
8.458150863647 4.638046264648 58.904998779297 207 207 207
8.462072372437 4.639859676361 58.990997314453 193 193 193
8.373788833618 4.619098663330 59.362998962402 52 52 52
8.380481719971 4.743157386780 58.133998870850 76 76 76
8.389102935791 4.746019363403 58.219997406006 156 156 156
8.381711959839 4.743786811829 58.307998657227 161 161 161
8.386644363403 4.744760513306 58.393997192383 165 165 165
8.425004959106 4.753927707672 58.477996826172 183 183 183
8.466291427612 4.764204025269 58.560997009277 202 202 202
8.473613739014 4.765432357788 58.645996093750 204 204 204
8.461359024048 4.763230323792 58.733997344971 107 107 107
8.458435058594 4.762122154236 58.821998596191 115 115 115
8.452739715576 4.760368824005 58.909996032715 202 202 202
8.450895309448 4.759425163269 58.998996734619 210 210 210
8.443489074707 4.758736610413 59.087997436523 95 95 95
8.469310760498 4.884830951691 58.473999023438 211 211 211
8.450279235840 4.880711555481 58.562000274658 204 204 204
8.454978942871 4.881760597229 58.648998260498 187 187 187
8.447587966919 4.879528045654 58.912998199463 205 205 205
8.450279235840 4.880711555481 59.000999450684 207 207 207
8.445579528809 4.879663467407 59.090999603271 208 208 208
8.453546524048 4.999719619751 58.387996673584 205 205 205
8.456550598145 5.000288963318 58.474998474121 203 203 203
8.454309463501 5.000499248505 58.562000274658 203 203 203
8.438516616821 4.996874809265 59.005996704102 207 207 207
8.437520980835 4.996170043945 59.095996856689 210 210 210
8.433816909790 4.995825767517 59.185997009277 195 195 195
8.508310317993 3.919954061508 58.375999450684 178 178 178
8.505672454834 3.921318531036 58.448997497559 179 179 179
8.499031066895 3.921409606934 58.522998809814 179 179 179
8.497802734375 3.920780420303 58.965999603271 190 190 190
8.495794296265 3.920915603638 59.041999816895 198 198 198
8.489917755127 3.921786069870 59.118999481201 176 176 176
8.298871994019 4.135837554932 58.115997314453 25 25 25
8.307851791382 4.133452415466 58.189998626709 176 176 176
8.307851791382 4.133452415466 58.264999389648 184 184 184
8.296400070190 4.136122703552 58.340999603271 185 185 185
8.297029495239 4.134893417358 58.416999816895 185 185 185
8.489358901978 4.077431201935 58.462997436523 178 178 178
8.486572265625 4.078330993652 58.536998748779 176 176 176
8.487966537476 4.077881336212 58.610996246338 180 180 180
8.485725402832 4.078091621399 58.684997558594 72 72 72
8.489839553833 4.075736999512 58.833000183105 91 91 91
8.492628097534 4.074837684631 58.907997131348 175 175 175
8.489839553833 4.075736999512 58.983997344971 182 182 182
8.485042572021 4.076772689819 59.060997009277 178 178 178
8.355785369873 4.272419452667 57.894996643066 50 50 50
8.339370727539 4.277204513550 57.970996856689 176 176 176
8.354391098022 4.272869110107 58.043998718262 175 175 175
8.342325210571 4.275225162506 58.119998931885 172 172 172
8.346506118774 4.273875236511 58.194000244141 192 192 192
8.367567062378 4.267590522766 58.265998840332 92 92 92
8.368114471436 4.266901016235 58.340999603271 68 68 68
8.317480087280 4.281704902649 58.423000335693 184 184 184
8.316631317139 4.281465530396 58.498996734619 179 179 179
8.473962783813 4.234787940979 58.549999237061 177 177 177
8.475206375122 4.233873367310 58.623996734619 180 180 180
8.475521087646 4.233258724213 58.697998046875 179 179 179
8.485347747803 4.231113433838 58.771999359131 180 180 180
8.478309631348 4.232358932495 58.847999572754 184 184 184
8.484500885010 4.230873107910 58.923000335693 181 181 181
8.497129440308 4.226284027100 58.995998382568 123 123 123
8.524477005005 4.216430664063 59.372997283936 70 70 70
8.497734069824 4.381554126740 57.308998107910 47 47 47
8.505481719971 4.378540039063 57.381996154785 75 75 75
8.497117996216 4.381239891052 57.454998016357 86 86 86
8.505481719971 4.378540039063 57.527996063232 93 93 93
8.512302398682 4.375824928284 57.599998474121 98 98 98
8.508270263672 4.377639770508 57.673000335693 111 111 111
8.505031585693 4.377145767212 57.745998382568 114 114 114
8.508899688721 4.376410484314 57.817996978760 111 111 111
8.414751052856 4.404233932495 57.895996093750 193 193 193
8.468952178955 4.387764930725 57.965999603271 142 142 142
8.481964111328 4.383565902710 58.038997650146 141 141 141
8.426532745361 4.399405479431 58.116996765137 175 175 175
8.477945327759 4.383836269379 58.185997009277 170 170 170
8.418333053589 4.401025772095 58.266998291016 191 191 191
8.503503799438 4.375586986542 58.330997467041 160 160 160
8.421436309814 4.399511337280 58.416000366211 187 187 187
8.460304260254 4.387991905212 58.484996795654 152 152 152
8.493062973022 4.377417564392 58.555000305176 124 124 124
8.478891372681 4.381992340088 58.631996154785 174 174 174
8.487869262695 4.379607200623 58.704998016357 177 177 177
8.493062973022 4.377417564392 58.779998779297 175 175 175
8.490056991577 4.376848220825 58.855998992920 171 171 171
8.494853973389 4.375813484192 58.930999755859 157 157 157
8.501441955566 4.373173713684 59.005996704102 159 159 159
8.496562957764 4.374748706818 59.083999633789 160 160 160
8.505392074585 4.371898651123 59.159000396729 151 151 151
8.565866470337 4.353404998779 59.218997955322 105 105 105
8.626260757446 4.335451126099 59.278999328613 112 112 112
8.560838699341 4.354515552521 59.375999450684 101 101 101
8.631288528442 4.334341049194 59.431999206543 119 119 119
8.667367935181 4.485857963562 55.613998413086 168 168 168
8.656379699707 4.488378047943 55.688999176025 176 176 176
8.656379699707 4.488378047943 55.765998840332 177 177 177
8.660726547241 4.485948562622 55.844997406006 178 178 178
8.646816253662 4.487360000610 56.517997741699 183 183 183
8.649768829346 4.485381126404 56.591999053955 182 182 182
8.647130966187 4.486745357513 56.663997650146 180 180 180
8.645736694336 4.487195014954 56.736999511719 184 184 184
8.640939712524 4.488230705261 56.808998107910 182 182 182
8.637537002563 4.488815784454 56.880996704102 180 180 180
8.645286560059 4.485801696777 56.953998565674 174 174 174
8.645122528076 4.486880779266 57.025997161865 174 174 174
8.633056640625 4.489236354828 57.096996307373 177 177 177
8.637401580811 4.486806869507 57.169998168945 172 172 172
8.637401580811 4.486806869507 57.240997314453 171 171 171
8.625635147095 4.490092277527 57.312999725342 168 168 168
8.631826400757 4.488606929779 57.384998321533 162 162 162
8.631826400757 4.488606929779 57.455997467041 159 159 159
8.625020980835 4.489777565002 57.527996063232 155 155 155
8.627973556519 4.487797737122 57.598999023438 152 152 152
8.621618270874 4.490362644196 57.670997619629 151 151 151
8.619144439697 4.490647792816 57.742996215820 148 148 148
8.623327255249 4.489297866821 57.814998626709 150 150 150
8.614116668701 4.491758346558 57.886997222900 149 149 149
8.581220626831 4.500323295593 57.960998535156 169 169 169
8.563098907471 4.506173133850 58.034996032715 174 174 174
8.559463500977 4.506833076477 58.108997344971 167 167 167
8.562019348145 4.506008148193 58.180999755859 164 164 164
8.591758728027 4.496408939362 58.250999450684 136 136 136
8.579212188721 4.500458717346 58.326000213623 138 138 138
8.527961730957 4.514947891235 58.405998229980 154 154 154
8.501640319824 4.522418022156 58.484996795654 162 162 162
8.585964202881 4.496739864349 58.545997619629 93 93 93
8.494054794312 4.524353027344 58.635997772217 177 177 177
8.496843338013 4.523453712463 58.710998535156 168 168 168
8.487648010254 4.524369239807 58.787998199463 170 170 170
8.463565826416 4.531628608704 58.869998931885 174 174 174
8.468362808228 4.530593872070 58.945999145508 134 134 134
8.535261154175 4.510540008545 59.006996154785 139 139 139
8.544404983521 4.507075309753 59.081996917725 75 75 75
8.570810317993 4.499065876007 59.152000427246 102 102 102
8.588233947754 4.493441581726 59.223999023438 92 92 92
8.635234832764 4.479297161102 59.287998199463 108 108 108
8.508338928223 4.516150951385 59.402996063232 101 101 101
8.659629821777 4.471423149109 59.434997558594 101 101 101
8.615354537964 4.499567985535 55.909000396729 125 125 125
8.373962402344 4.706267356873 58.125999450684 149 149 149
8.377147674561 4.704213142395 58.201999664307 187 187 187
8.365695953369 4.706883430481 58.278999328613 185 185 185
8.366924285889 4.707512855530 58.354999542236 180 180 180
8.363288879395 4.708172798157 58.431999206543 181 181 181
8.383817672729 4.701034545898 58.505996704102 175 175 175
8.455909729004 4.678791046143 58.570999145508 190 190 190
8.454748153687 4.679165840149 58.646999359131 198 198 198
8.456457138062 4.678101062775 58.722999572754 174 174 174
8.440658569336 4.683200836182 58.802997589111 144 144 144
8.439811706543 4.682960987091 58.880996704102 190 190 190
8.437255859375 4.683785915375 58.958999633789 180 180 180
8.443611145020 4.681221008301 59.035999298096 127 127 127
8.643077850342 4.620430469513 59.371997833252 20 20 20
8.439588546753 4.827722549438 58.423999786377 112 112 112
8.447174072266 4.825788021088 58.498996734619 175 175 175
8.442541122437 4.825743675232 58.576000213623 183 183 183
8.449279785156 4.823568820953 58.652000427246 171 171 171
8.427072525024 4.828684806824 58.887996673584 116 116 116
8.423355102539 4.829884529114 58.967998504639 193 193 193
8.429628372192 4.827859878540 59.044998168945 175 175 175
8.423984527588 4.828655242920 59.125999450684 144 144 144
8.446584701538 4.968616485596 58.347999572754 113 113 113
8.432958602905 4.972500801086 58.426998138428 196 196 196
8.436758041382 4.970761299133 58.502998352051 191 191 191
8.437156677246 4.969607353210 58.579998016357 111 111 111
8.404424667358 4.977093219757 58.977996826172 123 123 123
8.401786804199 4.978457927704 59.057998657227 174 174 174
8.414566040039 4.974333286285 59.133998870850 162 162 162
8.515615463257 3.866287231445 58.511997222900 71 71 71
8.523555755615 4.005336761475 59.189998626709 36 36 36
8.522611618042 4.007180213928 59.104999542236 100 100 100
8.517005920410 4.012068271637 59.020996093750 190 190 190
8.502782821655 4.029999732971 58.939998626709 73 73 73
8.516962051392 4.016700267792 58.599998474121 112 112 112
8.521539688110 4.014196395874 58.515998840332 121 121 121
8.520282745361 4.016654968262 58.432998657227 118 118 118
8.326988220215 4.223735809326 58.371997833252 111 111 111
8.331102371216 4.221381664276 58.285999298096 112 112 112
8.334287643433 4.219327449799 58.198997497559 112 112 112
8.319067001343 4.236554145813 58.113998413086 58 58 58
8.510364532471 4.174295425415 59.031997680664 126 126 126
8.513713836670 4.171161651611 58.944999694824 130 130 130
8.510814666748 4.175689220428 58.860996246338 117 117 117
8.504234313965 4.185509681702 58.692996978760 110 110 110
8.502578735352 4.189122200012 58.608997344971 122 122 122
8.509292602539 4.181310653687 58.522998809814 117 117 117
8.340869903564 4.362918853760 58.460998535156 120 120 120
8.373386383057 4.329334259033 58.370998382568 18 18 18
8.364566802979 4.339365005493 58.285999298096 78 78 78
8.363622665405 4.341208934784 58.199996948242 171 171 171
8.390750885010 4.313981533051 58.111999511719 161 161 161
8.369760513306 4.337175369263 58.027996063232 113 113 113
8.382215499878 4.326484680176 57.941997528076 67 67 67
8.374452590942 4.468550205231 59.431999206543 90 90 90
8.493221282959 4.344528675079 59.306999206543 75 75 75
8.491851806641 4.350615501404 58.959999084473 137 137 137
8.503707885742 4.338066101074 58.870998382568 134 134 134
8.502201080322 4.342144012451 58.785999298096 136 136 136
8.489648818970 4.354917526245 58.702999114990 132 132 132
8.497592926025 4.347736358643 58.615997314453 122 122 122
8.351240158081 4.506315231323 58.552997589111 103 103 103
8.359033584595 4.498668670654 58.463996887207 106 106 106
8.368535995483 4.489957809448 58.375999450684 106 106 106
8.447542190552 4.406476974487 58.281997680664 110 110 110
8.379993438721 4.478562355042 58.201999664307 112 112 112
8.404537200928 4.455247879028 58.113998413086 49 49 49
8.409362792969 4.451125144958 58.027996063232 59 59 59
8.379732131958 4.481725692749 57.944000244141 117 117 117
8.629598617554 4.349766731262 59.448997497559 93 93 93
8.575447082520 4.409317970276 59.379997253418 101 101 101
8.605926513672 4.378957271576 59.284000396729 125 125 125
8.541727066040 4.447908878326 59.215999603271 113 113 113
8.551078796387 4.438733100891 59.126998901367 154 154 154
8.550285339355 4.441041946411 59.041000366211 157 157 157
8.551761627197 4.440052509308 58.954998016357 159 159 159
8.544965744019 4.448402881622 58.870998382568 164 164 164
8.549709320068 4.444819450378 58.784000396729 161 161 161
8.543540954590 4.451940536499 58.699996948242 166 166 166
8.547887802124 4.449511528015 58.614997863770 165 165 165
8.542732238770 4.455793857574 58.530998229980 160 160 160
8.535074234009 4.465448856354 58.446998596191 173 173 173
8.540679931641 4.460560798645 58.361999511719 163 163 163
8.536304473877 4.466078281403 58.277996063232 170 170 170
8.540964126587 4.463034152985 58.192996978760 158 158 158
8.541130065918 4.461955070496 58.108997344971 159 159 159
8.542125701904 4.462659358978 58.024997711182 165 165 165
8.539159774780 4.466182708740 57.940998077393 159 159 159
8.534152984619 4.472929000854 57.856998443604 168 168 168
8.538896560669 4.469346046448 57.772998809814 161 161 161
8.549957275391 4.459105491638 57.688999176025 137 137 137
8.539497375488 4.471204757690 57.604999542236 157 157 157
8.534738540649 4.476331710815 57.520996093750 153 153 153
8.539632797241 4.473213195801 57.437000274658 153 153 153
8.531974792480 4.482868194580 57.351997375488 153 153 153
8.536582946777 4.477275848389 57.267997741699 156 156 156
8.529157638550 4.486856460571 57.181999206543 156 156 156
8.536319732666 4.480439186096 57.097999572754 161 161 161
8.535211563110 4.483362197876 57.012996673584 158 158 158
8.539724349976 4.479853630066 56.927997589111 161 161 161
8.536224365234 4.482522964478 56.841999053955 166 166 166
8.542512893677 4.478953838348 56.756996154785 158 158 158
8.534402847290 4.487215042114 56.668998718262 157 157 157
8.530956268311 4.492432594299 56.581996917725 158 158 158
8.535699844360 4.488848686218 56.495998382568 151 151 151
8.527030944824 4.499343872070 56.405998229980 150 150 150
8.534194946289 4.492926597595 56.320999145508 139 139 139
8.536983489990 4.492026329041 56.232997894287 136 136 136
8.536270141602 4.493795394897 56.144996643066 101 101 101
8.695795059204 4.435634613037 59.439998626709 82 82 82
8.582834243774 4.557781219482 59.389999389648 92 92 92
8.670728683472 4.465275287628 59.275997161865 113 113 113
8.620641708374 4.519924163818 59.204998016357 88 88 88
8.633890151978 4.506924629211 59.115997314453 99 99 99
8.641450881958 4.499353408813 59.027996063232 103 103 103
8.613664627075 4.530898094177 58.949996948242 131 131 131
8.584650039673 4.561813354492 58.870998382568 178 178 178
8.630182266235 4.515304565430 58.775997161865 127 127 127
8.603504180908 4.543926239014 58.696998596191 163 163 163
8.602560043335 4.545770645142 58.611999511719 161 161 161
8.631711959839 4.516863822937 58.523998260498 134 134 134
8.623437881470 4.526204109192 58.440998077393 150 150 150
8.632162094116 4.518258094788 58.356998443604 146 146 146
8.631845474243 4.518872261047 58.272998809814 154 154 154
8.638696670532 4.513070106506 58.188999176025 149 149 149
8.650302886963 4.502140045166 58.105998992920 137 137 137
8.645298004150 4.508886337280 58.022998809814 127 127 127
8.646459579468 4.508511543274 57.939998626709 139 139 139
8.650985717773 4.503458976746 57.856998443604 145 145 145
8.653940200806 4.501479625702 57.774997711182 150 150 150
8.650341033936 4.506232261658 57.691997528076 156 156 156
8.655004501343 4.503188133240 57.608997344971 161 161 161
8.658187866211 4.501133918762 57.527000427246 162 162 162
8.653579711914 4.506726264954 57.442996978760 164 164 164
8.649518966675 4.511629104614 57.359996795654 169 169 169
8.656368255615 4.505826473236 57.277996063232 175 175 175
8.653469085693 4.510354042053 57.194000244141 179 179 179
8.656818389893 4.507220745087 57.110996246338 174 174 174
8.651498794556 4.514581680298 57.025997161865 173 173 173
8.654766082764 4.511987686157 56.942996978760 175 175 175
8.651632308960 4.516590118408 56.857997894287 174 174 174
8.656459808350 4.512467384338 56.774997711182 180 180 180
8.656459808350 4.512467384338 56.689998626709 176 176 176
8.656909942627 4.513861179352 56.604999542236 180 180 180
8.654638290405 4.517159461975 56.518997192383 179 179 179
8.660806655884 4.510038375854 56.435997009277 175 175 175
8.658752441406 4.514805793762 56.348999023438 181 181 181
8.663183212280 4.511836051941 56.262996673584 175 175 175
8.652324676514 4.525090217590 56.173000335693 112 112 112
8.600545883179 4.692136764526 59.396999359131 78 78 78
8.450267791748 4.857626914978 59.085998535156 109 109 109
8.449159622192 4.860550403595 58.997997283936 158 158 158
8.457498550415 4.852213859558 58.906997680664 111 111 111
8.466754913330 4.845121860504 58.641998291016 179 179 179
8.465250015259 4.849199771881 58.555000305176 177 177 177
8.462829589844 4.852033615112 58.467998504639 97 97 97
8.451133728027 5.009734153748 59.185997009277 81 81 81
8.438020706177 5.024741172791 59.098999023438 107 107 107
8.440507888794 5.022912025452 59.008998870850 103 103 103
8.458553314209 5.008877754211 58.562000274658 171 171 171
8.465404510498 5.003075599670 58.472999572754 164 164 164
8.456350326538 5.013180732727 58.386997222900 101 101 101
8.509107589722 3.933550119400 58.361999511719 43 43 43
8.509107589722 3.933550119400 58.444000244141 210 210 210
8.502946853638 3.931947231293 58.527000427246 215 215 215
8.511566162109 3.934808969498 59.025997161865 203 203 203
8.507480621338 3.934075117111 59.110996246338 202 202 202
8.527589797974 3.938358783722 59.191997528076 71 71 71
8.508937835693 4.040326595306 58.446998596191 211 211 211
8.501764297485 4.039563179016 58.530998229980 226 226 226
8.497913360596 4.038754463196 58.613998413086 203 203 203
8.504854202271 4.039592742920 58.948997497559 201 201 201
8.505701065063 4.039832115173 59.032997131348 204 204 204
8.495605468750 4.037960052490 59.119998931885 203 203 203
8.492580413818 4.144632339478 58.451000213623 199 199 199
8.492580413818 4.144632339478 58.534000396729 215 215 215
8.488727569580 4.143823623657 58.618999481201 218 218 218
8.484409332275 4.143164634705 58.702999114990 81 81 81
8.497346878052 4.146685600281 58.869998931885 200 200 200
8.492580413818 4.144632339478 58.955997467041 203 203 203
8.495504379272 4.145741462708 59.039997100830 203 203 203
8.355821609497 4.220072746277 58.124996185303 77 77 77
8.320547103882 4.210935115814 58.211997985840 153 153 153
8.312376022339 4.209467887878 58.298000335693 160 160 160
8.311531066895 4.209227561951 58.383998870850 169 169 169
8.304971694946 4.208779335022 58.470996856689 170 170 170
8.488161087036 4.251754283905 58.537998199463 212 212 212
8.484308242798 4.250945091248 58.622997283936 211 211 211
8.486318588257 4.250810623169 58.706996917725 205 205 205
8.482233047485 4.250076293945 58.791999816895 169 169 169
8.484308242798 4.250945091248 58.876998901367 204 204 204
8.484308242798 4.250945091248 58.961997985840 204 204 204
8.482233047485 4.250076293945 59.048000335693 43 43 43
8.534528732300 4.263468742371 59.381996154785 23 23 23
8.354940414429 4.328618526459 57.956996917725 88 88 88
8.354940414429 4.328618526459 58.041999816895 146 146 146
8.363874435425 4.330865859985 58.126998901367 158 158 158
8.336456298828 4.323810100555 58.213996887207 186 186 186
8.363874435425 4.330865859985 58.298000335693 37 37 37
8.373971939087 4.332737445831 58.381996154785 34 34 34
8.315500259399 4.319286346436 58.472999572754 171 171 171
8.321277618408 4.320499420166 58.558998107910 41 41 41
8.476734161377 4.357033729553 58.627998352051 212 212 212
8.476734161377 4.357033729553 58.712997436523 209 209 209
8.475572586060 4.357408523560 58.798000335693 205 205 205
8.485588073730 4.359820365906 58.881996154785 203 203 203
8.465709686279 4.355461597443 58.970996856689 182 182 182
8.612764358521 4.390603065491 59.286998748779 89 89 89
8.433044433594 4.348047256470 59.413997650146 99 99 99
8.641639709473 4.503910064697 56.541999816895 113 113 113
8.644712448120 4.505483627319 56.626998901367 118 118 118
8.648649215698 4.505753040314 56.711997985840 128 128 128
8.646408081055 4.505963325500 56.794998168945 137 137 137
8.649726867676 4.505917549133 56.878997802734 138 138 138
8.649726867676 4.505917549133 56.962997436523 146 146 146
8.631776809692 4.501963615417 57.043998718262 159 159 159
8.634466171265 4.503147125244 57.126998901367 170 170 170
8.631776809692 4.501963615417 57.209999084473 179 179 179
8.632621765137 4.502202987671 57.292999267578 181 181 181
8.638004302979 4.504570484161 57.375999450684 181 181 181
8.632621765137 4.502202987671 57.458000183105 182 182 182
8.635545730591 4.503312110901 57.541000366211 190 190 190
8.624685287476 4.500660896301 57.622997283936 193 193 193
8.625682830811 4.501364707947 57.705997467041 195 195 195
8.635545730591 4.503312110901 57.787998199463 188 188 188
8.629220962524 4.502788543701 57.869998931885 193 193 193
8.622444152832 4.500870704651 57.952999114990 191 191 191
8.628374099731 4.502548694611 58.034996032715 195 195 195
8.626529693604 4.501604557037 58.117996215820 199 199 199
8.621213912964 4.500241279602 58.201000213623 199 199 199
8.625982284546 4.502294540405 58.282997131348 199 199 199
8.613658905029 4.499088287354 58.366996765137 197 197 197
8.622444152832 4.500870704651 58.448997497559 198 198 198
8.619205474854 4.500376701355 58.532997131348 198 198 198
8.610189437866 4.498669147491 58.616996765137 198 198 198
8.613658905029 4.499088287354 58.701000213623 198 198 198
8.619205474854 4.500376701355 58.784000396729 193 193 193
8.608345031738 4.497725486755 58.869998931885 196 196 196
8.611036300659 4.498908996582 58.953998565674 198 198 198
8.610189437866 4.498669147491 59.038997650146 195 195 195
8.609191894531 4.497964859009 59.124996185303 193 193 193
8.530992507935 4.480619430542 59.225997924805 92 92 92
8.631063461304 4.503732681274 59.291000366211 119 119 119
8.599327087402 4.496017456055 59.384998321533 107 107 107
8.644001007080 4.507252693176 59.460998535156 89 89 89
8.588899612427 4.602001667023 56.527000427246 125 125 125
8.581508636475 4.599769592285 56.610996246338 126 126 126
8.566097259521 4.596534252167 56.694000244141 129 129 129
8.551383972168 4.593073844910 56.777996063232 123 123 123
8.553226470947 4.594017982483 56.862998962402 121 121 121
8.557163238525 4.594287395477 56.948997497559 127 127 127
8.537284851074 4.589928627014 57.030998229980 127 127 127
8.538679122925 4.589478492737 57.115997314453 131 131 131
8.527420043945 4.587981224060 57.199996948242 135 135 135
8.531505584717 4.588715076447 57.284000396729 154 154 154
8.518171310425 4.586349487305 57.367996215820 171 171 171
8.520645141602 4.586063385010 57.451999664307 177 177 177
8.499687194824 4.581540584564 57.535999298096 190 190 190
8.498922348022 4.580761432648 57.619998931885 197 197 197
8.495452880859 4.580342292786 57.703998565674 199 199 199
8.493211746216 4.580552101135 57.788997650146 197 197 197
8.481502532959 4.577661037445 57.872997283936 196 196 196
8.459930419922 4.572823524475 57.958000183105 201 201 201
8.489673614502 4.579128742218 58.041999816895 160 160 160
8.443141937256 4.568493843079 58.128997802734 192 192 192
8.484590530396 4.577690601349 58.211997985840 193 193 193
8.463867187500 4.573091983795 58.298000335693 186 186 186
8.407238006592 4.560585498810 58.387996673584 173 173 173
8.370569229126 4.551897048950 58.476997375488 184 184 184
8.412403106689 4.561483383179 58.558998107910 75 75 75
8.474412918091 4.576358318329 58.638996124268 205 205 205
8.467786788940 4.574905395508 58.724998474121 204 204 204
8.474412918091 4.576358318329 58.809997558594 204 204 204
8.459383010864 4.573512554169 58.898998260498 208 208 208
8.504919052124 4.583443641663 58.977996826172 31 31 31
8.548828125000 4.593898773193 59.056999206543 132 132 132
8.566232681274 4.598543167114 59.139999389648 73 73 73
8.535493850708 4.591532707214 59.232997894287 69 69 69
8.549592971802 4.594678401947 59.317996978760 81 81 81
8.580017089844 4.602303504944 59.397998809814 90 90 90
8.382095336914 4.663108825684 57.960998535156 137 137 137
8.378623962402 4.662689685822 58.046997070313 164 164 164
8.367149353027 4.659723758698 58.133998870850 170 170 170
8.371683120728 4.661851406097 58.219997406006 191 191 191
8.367149353027 4.659723758698 58.306999206543 108 108 108
8.340494155884 4.653447151184 58.395996093750 70 70 70
8.353897094727 4.656817913055 58.481998443604 158 158 158
8.460895538330 4.682312965393 58.557998657227 200 200 200
8.462589263916 4.682792186737 58.643997192383 204 204 204
8.458654403687 4.682522773743 58.730998992920 204 204 204
8.452575683594 4.680379867554 58.819000244141 209 209 209
8.451728820801 4.680140495300 58.905998229980 211 211 211
8.450567245483 4.680515766144 58.992996215820 202 202 202
8.364757537842 4.659469604492 59.364997863770 31 31 31
8.380052566528 4.772028923035 58.135997772217 108 108 108
8.374887466431 4.771130561829 58.222999572754 160 160 160
8.376583099365 4.771609783173 58.309997558594 164 164 164
8.360939025879 4.768449783325 58.397998809814 166 166 166
8.409164428711 4.779563903809 58.480998992920 186 186 186
8.457773208618 4.791068077087 58.562999725342 203 203 203
8.456079483032 4.790588378906 58.649997711182 204 204 204
8.457773208618 4.791068077087 58.736999511719 118 118 118
8.440135955811 4.786499500275 58.826000213623 186 186 186
8.441980361938 4.787443161011 58.912998199463 203 203 203
8.442827224731 4.787683486938 59.000999450684 209 209 209
8.430273056030 4.784552574158 59.091999053955 26 26 26
8.449420928955 4.897921562195 58.480998992920 209 209 209
8.444652557373 4.895868301392 58.567996978760 204 204 204
8.458055496216 4.899238586426 58.653999328613 200 200 200
8.438558578491 4.895269870758 58.919998168945 208 208 208
8.433244705200 4.893906593323 59.008998870850 209 209 209
8.430553436279 4.892723083496 59.097999572754 207 207 207
8.445167541504 5.003963947296 58.396999359131 209 209 209
8.446014404297 5.004203319550 58.483997344971 206 206 206
8.447010040283 5.004907608032 58.570999145508 205 205 205
8.422365188599 4.998496055603 59.015998840332 212 212 212
8.420356750488 4.998631477356 59.104999542236 210 210 210
8.427133560181 5.000549316406 59.194000244141 185 185 185
8.427511215210 5.106636047363 58.487998962402 199 199 199
8.423425674438 5.105901718140 58.576000213623 18 18 18
8.421184539795 5.106112480164 59.020996093750 193 193 193
8.408479690552 5.102517127991 59.112998962402 72 72 72
8.492938995361 3.880277156830 58.392997741699 90 90 90
8.504322052002 3.876602649689 58.463996887207 200 200 200
8.501916885376 3.877892255783 58.536998748779 158 158 158
8.497764587402 3.876153945923 58.979999542236 121 121 121
8.497150421143 3.875839233398 59.055999755859 191 191 191
8.507986068726 3.872854232788 59.127998352051 109 109 109
8.284065246582 4.069297790527 58.351997375488 74 74 74
8.495599746704 4.006150722504 58.397998809814 175 175 175
8.493125915527 4.006436347961 58.470996856689 182 182 182
8.494602203369 4.005446434021 58.543998718262 192 192 192
8.490119934082 4.005867004395 58.617996215820 147 147 147
8.486881256104 4.005373001099 58.916000366211 153 153 153
8.500888824463 4.001877784729 58.987998962402 205 205 205
8.497022628784 4.002613067627 59.064998626709 175 175 175
8.495014190674 4.002748012543 59.140998840332 158 158 158
8.329776763916 4.182301521301 58.125999450684 136 136 136
8.315603256226 4.186876296997 58.201999664307 178 178 178
8.305927276611 4.189486503601 58.277996063232 185 185 185
8.296333312988 4.191556930542 58.353996276855 188 188 188
8.305080413818 4.189246654510 58.428997039795 187 187 187
8.473810195923 4.137350082397 58.478996276855 179 179 179
8.488981246948 4.133480072021 58.549999237061 183 183 183
8.484348297119 4.133436203003 58.624996185303 182 182 182
8.484348297119 4.133436203003 58.698997497559 119 119 119
8.482339859009 4.133571147919 58.849998474121 173 173 173
8.477706909180 4.133526802063 58.925998687744 181 181 181
8.488695144653 4.131006717682 58.998996734619 178 178 178
8.488859176636 4.129927635193 59.074996948242 136 136 136
8.359073638916 4.300091266632 57.902000427246 15 15 15
8.338478088379 4.306225776672 57.976997375488 176 176 176
8.346691131592 4.303061485291 58.050998687744 178 178 178
8.340185165405 4.305161476135 58.126998901367 178 178 178
8.342208862305 4.303482055664 58.201000213623 192 192 192
8.353361129761 4.299882411957 58.274997711182 99 99 99
8.371170043945 4.294647216797 58.347999572754 67 67 67
8.317131042480 4.310036659241 58.430999755859 185 185 185
8.308534622192 4.312811851501 58.507999420166 182 182 182
8.477415084839 4.261380195618 58.555999755859 178 178 178
8.475173950195 4.261590480804 58.630996704102 182 182 182
8.467821121216 4.263450622559 58.708000183105 182 182 182
8.479206085205 4.259775638580 58.780998229980 182 182 182
8.487802505493 4.257000923157 58.853996276855 184 184 184
8.478523254395 4.258457183838 58.931999206543 183 183 183
8.488746643066 4.255157470703 59.005996704102 114 114 114
8.473278045654 4.258098125458 59.397998809814 57 57 57
8.365766525269 4.424149990082 57.902996063232 198 198 198
8.367010116577 4.423235893250 57.976997375488 153 153 153
8.412548065186 4.408536911011 58.048000335693 93 93 93
8.343475341797 4.429805755615 58.128997802734 178 178 178
8.494779586792 4.383533477783 58.188999176025 166 166 166
8.425872802734 4.403722763062 58.269996643066 182 182 182
8.499975204468 4.381343841553 58.334999084473 154 154 154
8.371986389160 4.419577121735 58.426998138428 188 188 188
8.421241760254 4.403678894043 58.494998931885 137 137 137
8.490463256836 4.382874488831 58.559997558594 90 90 90
8.471876144409 4.388874053955 58.637996673584 180 180 180
8.477466583252 4.385530471802 58.711997985840 184 184 184
8.470031738281 4.387929916382 58.788997650146 187 187 187
8.468637466431 4.388380050659 58.864997863770 186 186 186
8.476387023926 4.385365486145 58.939998626709 123 123 123
8.474994659424 4.385815620422 59.016998291016 107 107 107
8.482128143311 4.382486343384 59.091999053955 110 110 110
8.482128143311 4.382486343384 59.169998168945 101 101 101
8.558784484863 4.359282970428 59.225997924805 100 100 100
8.593170166016 4.348184108734 59.293998718262 108 108 108
8.481679916382 4.381092548370 59.404998779297 103 103 103
8.608190536499 4.343849182129 59.444000244141 76 76 76
8.647750854492 4.478335380554 55.611999511719 120 120 120
8.634973526001 4.482460021973 55.685997009277 143 143 143
8.638090133667 4.479401588440 55.765998840332 147 147 147
8.637077331543 4.480241775513 55.842998504639 157 157 157
8.635915756226 4.480616569519 55.918998718262 157 157 157
8.642122268677 4.477587223053 55.997997283936 164 164 164
8.642669677734 4.476897239685 56.073997497559 164 164 164
8.637872695923 4.477932929993 56.147998809814 165 165 165
8.638584136963 4.476163864136 56.520996093750 181 181 181
8.642930984497 4.473734378815 56.594997406006 184 184 184
8.641536712646 4.474184036255 56.667999267578 185 185 185
8.635181427002 4.476748943329 56.739997863770 190 190 190
8.637287139893 4.474530220032 56.812999725342 191 191 191
8.638448715210 4.474154949188 56.885997772217 191 191 191
8.631494522095 4.474861145020 56.956996917725 196 196 196
8.638845443726 4.473000526428 57.029998779297 195 195 195
8.636440277100 4.474290370941 57.101997375488 197 197 197
8.636606216431 4.473211288452 57.173999786377 199 199 199
8.633201599121 4.473795890808 57.245998382568 205 205 205
8.630414962769 4.474696159363 57.316997528076 208 208 208
8.633367538452 4.472716808319 57.388996124268 212 212 212
8.633367538452 4.472716808319 57.460998535156 218 218 218
8.624771118164 4.475491523743 57.531997680664 255 255 255
8.629117965698 4.473062515259 57.603996276855 212 212 212
8.630279541016 4.472687244415 57.674999237061 206 206 206
8.629514694214 4.471907615662 57.746997833252 203 203 203
8.623788833618 4.473243236542 57.819000244141 198 198 198
8.627273559570 4.472118377686 57.890998840332 200 200 200
8.622558593750 4.472613811493 57.962997436523 191 191 191
8.629829406738 4.471293449402 58.034000396729 197 197 197
8.620550155640 4.472748756409 58.106998443604 194 194 194
8.626590728760 4.470799446106 58.178997039795 192 192 192
8.621711730957 4.472373962402 58.251998901367 188 188 188
8.613512039185 4.473994255066 58.326000213623 187 187 187
8.616914749146 4.473409652710 58.397998809814 183 183 183
8.612665176392 4.473754882813 58.471996307373 180 180 180
8.611436843872 4.473125457764 58.545997619629 176 176 176
8.606475830078 4.475239753723 58.620998382568 178 178 178
8.617012023926 4.471325874329 58.692996978760 175 175 175
8.599370956421 4.475481033325 58.769996643066 171 171 171
8.601543426514 4.474266529083 58.844997406006 170 170 170
8.598754882813 4.475166320801 58.919998168945 169 169 169
8.610139846802 4.471491813660 58.992996215820 163 163 163
8.605342864990 4.472526550293 59.069999694824 156 156 156
8.607898712158 4.471701622009 59.145996093750 152 152 152
8.598072052002 4.473847389221 59.224998474121 98 98 98
8.634700775146 4.462538242340 59.291999816895 115 115 115
8.599863052368 4.472242832184 59.379997253418 104 104 104
8.658246994019 4.454423904419 59.439998626709 86 86 86
8.372329711914 4.674983024597 58.057998657227 174 174 174
8.368381500244 4.676258087158 58.133998870850 190 190 190
8.364746093750 4.676918029785 58.210998535156 187 187 187
8.362901687622 4.675973892212 58.286998748779 148 148 148
8.358255386353 4.677474021912 58.363998413086 109 109 109
8.354072570801 4.678823471069 58.440998077393 178 178 178
8.357175827026 4.677309036255 58.516998291016 181 181 181
8.455125808716 4.647746086121 58.577999114990 189 189 189
8.458227157593 4.646231174469 58.653999328613 196 196 196
8.458625793457 4.645076751709 58.729999542236 193 193 193
8.440816879272 4.650311946869 58.810997009277 186 186 186
8.446557998657 4.647432804108 58.885997772217 181 181 181
8.435405731201 4.651032447815 58.965999603271 175 175 175
8.436664581299 4.648573875427 59.360996246338 83 83 83
8.546762466431 4.616115570068 59.407997131348 83 83 83
8.373281478882 4.801921367645 58.291000366211 163 163 163
8.372203826904 4.801756381989 58.367996215820 172 172 172
8.371273040771 4.802056312561 58.444999694824 141 141 141
8.446851730347 4.778688430786 58.509998321533 197 197 197
8.451648712158 4.777653217316 58.585998535156 188 188 188
8.446002960205 4.778448581696 58.663997650146 200 200 200
8.435331344604 4.780354022980 58.897998809814 194 194 194
8.424343109131 4.782874107361 58.977996826172 176 176 176
8.429536819458 4.780685424805 59.055999755859 169 169 169
8.437864303589 4.911399364471 58.444000244141 190 190 190
8.438262939453 4.910244941711 58.519996643066 194 194 194
8.437101364136 4.910619735718 58.597999572754 186 186 186
8.419704437256 4.913156509399 58.990997314453 175 175 175
8.415754318237 4.914431571960 59.070999145508 174 174 174
8.411272048950 4.914852142334 59.152000427246 168 168 168
8.425327301025 5.044231414795 58.452999114990 166 166 166
8.419765472412 5.044486999512 58.530998229980 183 183 183
8.412277221680 5.044338226318 59.002998352051 94 94 94
8.404691696167 5.046273708344 59.083999633789 155 155 155
