24.640625000000 15.054687500000 3.900001525879 159 159 159
24.640625000000 15.054687500000 3.932998657227 243 243 243
24.640625000000 15.054687500000 3.966995239258 17 17 17
24.625000000000 15.054687500000 4.000000000000 229 229 229
24.625000000000 15.054687500000 4.033996582031 239 239 239
24.625000000000 15.054687500000 4.067001342773 17 17 17
24.609375000000 15.054687500000 4.098999023438 175 175 175
24.578125000000 15.054687500000 4.499000549316 241 241 241
24.562500000000 15.054687500000 4.531997680664 252 252 252
24.562500000000 15.054687500000 4.566001892090 225 225 225
24.578125000000 15.054687500000 4.602996826172 250 250 250
24.578125000000 15.054687500000 4.637001037598 14 14 14
24.578125000000 15.054687500000 4.669998168945 248 248 248
24.562500000000 15.054687500000 4.702995300293 213 213 213
24.656250000000 15.335937500000 3.150001525879 23 23 23
24.640625000000 15.335937500000 3.183998107910 81 81 81
24.656250000000 15.335937500000 3.216995239258 98 98 98
24.640625000000 15.335937500000 3.251998901367 101 101 101
24.671875000000 15.335937500000 3.283996582031 101 101 101
24.656250000000 15.335937500000 3.319000244141 98 98 98
24.656250000000 15.335937500000 3.352996826172 102 102 102
24.656250000000 15.335937500000 3.386001586914 107 107 107
24.671875000000 15.335937500000 3.418998718262 104 104 104
24.687500000000 15.328125000000 3.452995300293 99 99 99
24.687500000000 15.328125000000 3.486999511719 99 99 99
24.671875000000 15.335937500000 3.520996093750 100 100 100
24.671875000000 15.335937500000 3.555000305176 72 72 72
24.609375000000 15.335937500000 4.022994995117 242 242 242
24.593750000000 15.335937500000 4.055999755859 249 249 249
24.609375000000 15.335937500000 4.089996337891 224 224 224
24.609375000000 15.335937500000 4.123001098633 17 17 17
24.593750000000 15.335937500000 4.156997680664 254 254 254
24.593750000000 15.335937500000 4.189994812012 227 227 227
24.593750000000 15.335937500000 4.222999572754 17 17 17
24.578125000000 15.335937500000 4.255996704102 230 230 230
24.578125000000 15.335937500000 4.323997497559 178 178 178
24.578125000000 15.335937500000 4.356994628906 2 2 2
24.578125000000 15.335937500000 4.390998840332 208 208 208
24.578125000000 15.335937500000 4.424995422363 222 222 222
24.593750000000 15.335937500000 4.460998535156 17 17 17
24.578125000000 15.335937500000 4.492996215820 8 8 8
24.578125000000 15.335937500000 4.527000427246 252 252 252
24.578125000000 15.335937500000 4.560997009277 224 224 224
24.609375000000 15.617187500000 2.147994995117 137 137 137
24.562500000000 15.617187500000 2.195999145508 155 155 155
24.562500000000 15.617187500000 2.229995727539 152 152 152
24.546875000000 15.617187500000 2.265998840332 149 149 149
24.546875000000 15.617187500000 2.300994873047 153 153 153
24.546875000000 15.617187500000 2.336997985840 155 155 155
24.562500000000 15.617187500000 2.368995666504 159 159 159
24.562500000000 15.617187500000 2.403999328613 167 167 167
24.562500000000 15.617187500000 2.437995910645 165 165 165
24.546875000000 15.617187500000 2.474998474121 157 157 157
24.531250000000 15.617187500000 2.511001586914 153 153 153
24.546875000000 15.617187500000 2.542999267578 157 157 157
24.546875000000 15.617187500000 2.578994750977 156 156 156
24.531250000000 15.617187500000 2.612998962402 157 157 157
24.546875000000 15.617187500000 2.646995544434 162 162 162
24.531250000000 15.617187500000 2.681999206543 164 164 164
24.531250000000 15.617187500000 2.715995788574 161 161 161
24.531250000000 15.617187500000 2.749000549316 163 163 163
24.531250000000 15.617187500000 2.782997131348 170 170 170
24.531250000000 15.617187500000 2.817001342773 171 171 171
24.515625000000 15.617187500000 2.850997924805 172 172 172
24.515625000000 15.617187500000 2.884994506836 167 167 167
24.531250000000 15.617187500000 2.916999816895 172 172 172
24.531250000000 15.617187500000 2.950996398926 165 165 165
24.531250000000 15.617187500000 2.984001159668 166 166 166
24.531250000000 15.617187500000 3.017997741699 159 159 159
24.531250000000 15.617187500000 3.049995422363 157 157 157
24.531250000000 15.617187500000 3.083999633789 155 155 155
24.546875000000 15.617187500000 3.115997314453 151 151 151
24.546875000000 15.617187500000 3.148994445801 157 157 157
24.546875000000 15.617187500000 3.180999755859 158 158 158
24.593750000000 15.617187500000 3.211997985840 181 181 181
24.546875000000 15.617187500000 3.247001647949 149 149 149
24.546875000000 15.617187500000 3.280998229980 140 140 140
24.562500000000 15.617187500000 3.312995910645 143 143 143
24.609375000000 15.617187500000 3.344001770020 176 176 176
24.562500000000 15.617187500000 3.379997253418 169 169 169
24.546875000000 15.617187500000 3.412994384766 134 134 134
24.531250000000 15.617187500000 3.445999145508 128 128 128
24.546875000000 15.617187500000 3.478996276855 144 144 144
24.515625000000 15.617187500000 3.512001037598 165 165 165
24.515625000000 15.617187500000 3.544998168945 166 166 166
24.484375000000 15.617187500000 3.577995300293 171 171 171
24.484375000000 15.617187500000 3.611000061035 177 177 177
24.484375000000 15.617187500000 3.642997741699 185 185 185
24.500000000000 15.617187500000 3.675994873047 189 189 189
24.484375000000 15.617187500000 3.708999633789 189 189 189
24.500000000000 15.617187500000 3.741996765137 187 187 187
24.500000000000 15.617187500000 3.773994445801 185 185 185
24.500000000000 15.617187500000 3.806999206543 179 179 179
24.515625000000 15.617187500000 3.839996337891 168 168 168
24.515625000000 15.617187500000 3.873001098633 164 164 164
24.515625000000 15.617187500000 3.905998229980 167 167 167
24.515625000000 15.617187500000 3.938995361328 168 168 168
24.531250000000 15.617187500000 3.972999572754 170 170 170
24.515625000000 15.617187500000 4.004997253418 173 173 173
24.515625000000 15.617187500000 4.037994384766 169 169 169
24.515625000000 15.617187500000 4.070999145508 160 160 160
24.515625000000 15.617187500000 4.103996276855 165 165 165
24.531250000000 15.617187500000 4.138000488281 175 175 175
24.531250000000 15.617187500000 4.170997619629 168 168 168
24.500000000000 15.617187500000 4.200996398926 239 239 239
24.500000000000 15.617187500000 4.235000610352 240 240 240
24.531250000000 15.617187500000 4.270996093750 178 178 178
24.531250000000 15.617187500000 4.305000305176 179 179 179
24.546875000000 15.617187500000 4.339996337891 178 178 178
24.500000000000 15.617187500000 4.365997314453 221 221 221
24.500000000000 15.617187500000 4.401000976563 246 246 246
24.546875000000 15.617187500000 4.439994812012 173 173 173
24.546875000000 15.617187500000 4.473999023438 171 171 171
24.546875000000 15.617187500000 4.508995056152 172 172 172
24.562500000000 15.617187500000 4.543998718262 178 178 178
24.578125000000 15.617187500000 4.580001831055 183 183 183
24.500000000000 15.617187500000 4.600997924805 187 187 187
24.515625000000 15.617187500000 4.638000488281 165 165 165
24.578125000000 15.617187500000 4.682998657227 129 129 129
24.515625000000 15.617187500000 4.706001281738 100 100 100
24.437500000000 15.617187500000 4.724998474121 151 151 151
24.484375000000 15.617187500000 4.765998840332 154 154 154
24.437500000000 15.617187500000 4.790000915527 107 107 107
24.468750000000 15.617187500000 4.831001281738 119 119 119
24.468750000000 15.617187500000 4.866996765137 128 128 128
24.359375000000 15.625000000000 4.874000549316 134 134 134
24.421875000000 15.617187500000 4.921997070313 87 87 87
24.468750000000 15.617187500000 4.967994689941 112 112 112
24.781250000000 15.906250000000 3.211997985840 112 112 112
24.812500000000 15.906250000000 3.244995117188 138 138 138
24.812500000000 15.906250000000 3.279998779297 116 116 116
24.812500000000 15.914062500000 3.313995361328 111 111 111
24.812500000000 15.914062500000 3.348999023438 109 109 109
24.828125000000 15.914062500000 3.382995605469 103 103 103
24.828125000000 15.914062500000 3.417999267578 102 102 102
24.828125000000 15.914062500000 3.451995849609 97 97 97
24.828125000000 15.914062500000 3.486999511719 96 96 96
24.843750000000 15.914062500000 3.521995544434 39 39 39
24.656250000000 15.914062500000 4.028999328613 251 251 251
24.640625000000 15.914062500000 4.062995910645 6 6 6
24.640625000000 15.914062500000 4.097000122070 7 7 7
24.640625000000 15.914062500000 4.129997253418 4 4 4
24.640625000000 15.914062500000 4.162994384766 4 4 4
24.640625000000 15.914062500000 4.196998596191 251 251 251
24.640625000000 15.914062500000 4.230995178223 241 241 241
24.671875000000 15.914062500000 4.268997192383 49 49 49
24.625000000000 15.914062500000 4.366996765137 135 135 135
24.625000000000 15.914062500000 4.400001525879 224 224 224
24.625000000000 15.914062500000 4.434997558594 222 222 222
24.625000000000 15.914062500000 4.467994689941 221 221 221
24.625000000000 15.914062500000 4.501998901367 220 220 220
24.625000000000 15.914062500000 4.536994934082 220 220 220
24.625000000000 15.914062500000 4.571998596191 217 217 217
24.625000000000 15.914062500000 4.605995178223 209 209 209
24.640625000000 16.210937500000 4.006996154785 212 212 212
24.656250000000 16.210937500000 4.041000366211 237 237 237
24.656250000000 16.210937500000 4.074996948242 238 238 238
24.656250000000 16.210937500000 4.555000305176 138 138 138
24.640625000000 16.210937500000 4.586997985840 197 197 197
24.640625000000 16.210937500000 4.619995117188 105 105 105
24.640625000000 15.101562500000 3.906997680664 179 179 179
24.640625000000 15.101562500000 3.944999694824 220 220 220
24.640625000000 15.093750000000 3.984001159668 198 198 198
24.640625000000 15.093750000000 4.021995544434 189 189 189
24.625000000000 15.085937500000 4.059997558594 206 206 206
24.625000000000 15.085937500000 4.097999572754 182 182 182
24.593750000000 15.054687500000 4.517997741699 154 154 154
24.578125000000 15.039062500000 4.554000854492 189 189 189
24.578125000000 15.039062500000 4.592994689941 206 206 206
24.578125000000 15.039062500000 4.631996154785 172 172 172
24.593750000000 15.039062500000 4.670997619629 157 157 157
24.578125000000 15.039062500000 4.708999633789 73 73 73
24.671875000000 15.437500000000 2.994995117188 59 59 59
24.671875000000 15.437500000000 3.033996582031 87 87 87
24.671875000000 15.437500000000 3.072998046875 81 81 81
24.687500000000 15.437500000000 3.111000061035 78 78 78
24.687500000000 15.437500000000 3.151000976563 83 83 83
24.687500000000 15.437500000000 3.189994812012 82 82 82
24.687500000000 15.437500000000 3.227996826172 88 88 88
24.687500000000 15.437500000000 3.268997192383 134 134 134
24.671875000000 15.437500000000 3.308998107910 160 160 160
24.640625000000 15.414062500000 3.349998474121 79 79 79
24.640625000000 15.406250000000 3.389999389648 81 81 81
24.656250000000 15.414062500000 3.427001953125 72 72 72
24.687500000000 15.437500000000 3.463996887207 75 75 75
24.718750000000 15.445312500000 3.500999450684 79 79 79
24.718750000000 15.453125000000 3.540000915527 85 85 85
24.718750000000 15.445312500000 3.580001831055 85 85 85
24.625000000000 15.382812500000 4.044998168945 66 66 66
24.609375000000 15.367187500000 4.083000183105 189 189 189
24.609375000000 15.367187500000 4.120994567871 192 192 192
24.609375000000 15.367187500000 4.159996032715 192 192 192
24.609375000000 15.359375000000 4.197998046875 203 203 203
24.593750000000 15.359375000000 4.236000061035 187 187 187
24.609375000000 15.359375000000 4.275001525879 177 177 177
24.609375000000 15.359375000000 4.351997375488 158 158 158
24.609375000000 15.351562500000 4.389999389648 194 194 194
24.593750000000 15.351562500000 4.428001403809 200 200 200
24.593750000000 15.351562500000 4.465995788574 171 171 171
24.609375000000 15.351562500000 4.504997253418 168 168 168
24.593750000000 15.343750000000 4.542999267578 172 172 172
24.593750000000 15.343750000000 4.581001281738 114 114 114
24.484375000000 15.671875000000 1.424995422363 159 159 159
24.484375000000 15.671875000000 1.471000671387 164 164 164
24.500000000000 15.671875000000 1.511001586914 166 166 166
24.484375000000 15.671875000000 1.554000854492 162 162 162
24.484375000000 15.671875000000 1.597000122070 160 160 160
24.500000000000 15.664062500000 1.888000488281 152 152 152
24.484375000000 15.648437500000 2.136001586914 143 143 143
24.484375000000 15.648437500000 2.177001953125 151 151 151
24.484375000000 15.648437500000 2.216995239258 148 148 148
24.484375000000 15.648437500000 2.256996154785 144 144 144
24.500000000000 15.648437500000 2.294998168945 154 154 154
24.500000000000 15.648437500000 2.334999084473 145 145 145
24.484375000000 15.640625000000 2.375999450684 140 140 140
24.546875000000 15.687500000000 2.398994445801 109 109 109
24.500000000000 15.648437500000 2.452995300293 145 145 145
24.500000000000 15.640625000000 2.492996215820 145 145 145
24.484375000000 15.640625000000 2.533996582031 145 145 145
24.500000000000 15.640625000000 2.611000061035 139 139 139
24.500000000000 15.640625000000 2.650001525879 144 144 144
24.500000000000 15.640625000000 2.687995910645 142 142 142
24.500000000000 15.640625000000 2.726997375488 141 141 141
24.500000000000 15.640625000000 2.765998840332 148 148 148
24.500000000000 15.640625000000 2.804000854492 146 146 146
24.500000000000 15.640625000000 2.842994689941 140 140 140
24.500000000000 15.640625000000 2.880996704102 146 146 146
24.500000000000 15.632812500000 2.919998168945 143 143 143
24.500000000000 15.632812500000 2.958999633789 143 143 143
24.500000000000 15.625000000000 2.998001098633 134 134 134
24.500000000000 15.625000000000 3.035995483398 134 134 134
24.515625000000 15.632812500000 3.072998046875 144 144 144
24.515625000000 15.632812500000 3.111000061035 151 151 151
24.515625000000 15.632812500000 3.148994445801 149 149 149
24.515625000000 15.632812500000 3.186996459961 150 150 150
24.515625000000 15.625000000000 3.225997924805 151 151 151
24.515625000000 15.632812500000 3.263000488281 152 152 152
24.515625000000 15.632812500000 3.300994873047 151 151 151
24.500000000000 15.625000000000 3.339996337891 154 154 154
24.500000000000 15.625000000000 3.377998352051 144 144 144
24.515625000000 15.625000000000 3.415000915527 149 149 149
24.515625000000 15.625000000000 3.452995300293 145 145 145
24.515625000000 15.625000000000 3.490997314453 144 144 144
24.515625000000 15.625000000000 3.528999328613 174 174 174
24.515625000000 15.617187500000 3.567001342773 155 155 155
24.515625000000 15.617187500000 3.604995727539 165 165 165
24.515625000000 15.617187500000 3.641998291016 178 178 178
24.515625000000 15.617187500000 3.680000305176 186 186 186
24.500000000000 15.609375000000 3.717994689941 189 189 189
24.515625000000 15.617187500000 3.754997253418 189 189 189
24.531250000000 15.617187500000 3.792999267578 181 181 181
24.515625000000 15.617187500000 3.831001281738 156 156 156
24.515625000000 15.617187500000 3.868995666504 145 145 145
24.515625000000 15.617187500000 3.905998229980 149 149 149
24.515625000000 15.617187500000 3.944000244141 153 153 153
24.515625000000 15.609375000000 3.981994628906 149 149 149
24.531250000000 15.617187500000 4.019996643066 152 152 152
24.531250000000 15.609375000000 4.056999206543 151 151 151
24.515625000000 15.609375000000 4.095001220703 149 149 149
24.515625000000 15.609375000000 4.132995605469 149 149 149
24.515625000000 15.609375000000 4.170997619629 151 151 151
24.515625000000 15.601562500000 4.208000183105 155 155 155
24.515625000000 15.601562500000 4.244995117188 169 169 169
24.515625000000 15.601562500000 4.283996582031 146 146 146
24.531250000000 15.609375000000 4.321998596191 148 148 148
24.531250000000 15.609375000000 4.361000061035 138 138 138
24.515625000000 15.601562500000 4.396995544434 163 163 163
24.515625000000 15.593750000000 4.434997558594 159 159 159
24.515625000000 15.601562500000 4.472999572754 143 143 143
24.515625000000 15.593750000000 4.511001586914 144 144 144
24.515625000000 15.585937500000 4.547996520996 170 170 170
24.515625000000 15.585937500000 4.585998535156 177 177 177
24.531250000000 15.593750000000 4.625999450684 151 151 151
24.531250000000 15.593750000000 4.665000915527 155 155 155
24.562500000000 15.609375000000 4.708000183105 120 120 120
24.484375000000 15.570312500000 4.734001159668 129 129 129
24.437500000000 15.546875000000 4.766998291016 141 141 141
24.437500000000 15.539062500000 4.803001403809 113 113 113
24.468750000000 15.554687500000 4.846000671387 117 117 117
24.468750000000 15.554687500000 4.883995056152 131 131 131
24.375000000000 15.500000000000 4.904998779297 138 138 138
24.437500000000 15.531250000000 4.955001831055 90 90 90
24.484375000000 15.562500000000 5.002998352051 99 99 99
24.578125000000 15.695312500000 2.553001403809 121 121 121
24.640625000000 15.992187500000 4.001998901367 165 165 165
24.656250000000 16.000000000000 4.040000915527 165 165 165
24.640625000000 15.992187500000 4.078994750977 167 167 167
24.656250000000 15.992187500000 4.117996215820 166 166 166
24.656250000000 15.992187500000 4.156997680664 162 162 162
24.656250000000 15.992187500000 4.194999694824 167 167 167
24.656250000000 15.992187500000 4.234001159668 68 68 68
24.640625000000 15.984375000000 4.428001403809 106 106 106
24.640625000000 15.976562500000 4.465995788574 161 161 161
24.656250000000 15.984375000000 4.505996704102 187 187 187
24.656250000000 15.976562500000 4.544998168945 179 179 179
24.640625000000 15.976562500000 4.583000183105 159 159 159
24.656250000000 15.976562500000 4.623001098633 161 161 161
24.656250000000 15.976562500000 4.661994934082 142 142 142
24.562500000000 15.054687500000 4.723999023438 18 18 18
24.546875000000 15.062500000000 4.683998107910 165 165 165
24.562500000000 15.054687500000 4.646995544434 195 195 195
24.562500000000 15.046875000000 4.610000610352 203 203 203
24.546875000000 15.054687500000 4.569999694824 222 222 222
24.562500000000 15.046875000000 4.531997680664 193 193 193
24.593750000000 15.031250000000 4.498001098633 15 15 15
24.609375000000 15.000000000000 4.040000915527 140 140 140
24.578125000000 15.312500000000 4.601997375488 124 124 124
24.578125000000 15.320312500000 4.562995910645 190 190 190
24.578125000000 15.320312500000 4.525001525879 189 189 189
24.578125000000 15.320312500000 4.486000061035 190 190 190
24.578125000000 15.312500000000 4.447998046875 205 205 205
24.578125000000 15.312500000000 4.408996582031 209 209 209
24.562500000000 15.320312500000 4.370994567871 176 176 176
24.578125000000 15.304687500000 4.219001770020 180 180 180
24.578125000000 15.304687500000 4.180999755859 221 221 221
24.593750000000 15.296875000000 4.142997741699 206 206 206
24.593750000000 15.289062500000 4.104995727539 185 185 185
24.593750000000 15.289062500000 4.067001342773 201 201 201
24.609375000000 15.281250000000 4.028999328613 189 189 189
24.609375000000 15.281250000000 3.990997314453 155 155 155
24.625000000000 15.250000000000 3.412994384766 76 76 76
24.625000000000 15.250000000000 3.374000549316 58 58 58
24.468750000000 15.679687500000 4.985000610352 132 132 132
24.421875000000 15.703125000000 4.936996459961 95 95 95
24.375000000000 15.734375000000 4.888999938965 144 144 144
24.468750000000 15.679687500000 4.869995117188 124 124 124
24.453125000000 15.679687500000 4.830001831055 110 110 110
24.468750000000 15.671875000000 4.794998168945 119 119 119
24.437500000000 15.687500000000 4.751998901367 152 152 152
24.515625000000 15.648437500000 4.723999023438 110 110 110
24.546875000000 15.632812500000 4.691001892090 137 137 137
24.515625000000 15.640625000000 4.648994445801 148 148 148
24.515625000000 15.640625000000 4.611000061035 138 138 138
24.515625000000 15.648437500000 4.571998596191 144 144 144
24.515625000000 15.640625000000 4.534996032715 145 145 145
24.500000000000 15.648437500000 4.495994567871 136 136 136
24.531250000000 15.632812500000 4.459999084473 135 135 135
24.500000000000 15.648437500000 4.418998718262 183 183 183
24.500000000000 15.648437500000 4.381996154785 179 179 179
24.515625000000 15.640625000000 4.346000671387 123 123 123
24.500000000000 15.640625000000 4.306999206543 128 128 128
24.515625000000 15.632812500000 4.269996643066 132 132 132
24.500000000000 15.648437500000 4.230995178223 188 188 188
24.515625000000 15.640625000000 4.194000244141 149 149 149
24.500000000000 15.640625000000 4.155998229980 128 128 128
24.515625000000 15.632812500000 4.118995666504 130 130 130
24.500000000000 15.640625000000 4.081001281738 129 129 129
24.484375000000 15.640625000000 4.042999267578 124 124 124
24.484375000000 15.640625000000 4.005996704102 133 133 133
24.500000000000 15.640625000000 3.967994689941 140 140 140
24.484375000000 15.640625000000 3.930999755859 142 142 142
24.500000000000 15.632812500000 3.892997741699 157 157 157
24.500000000000 15.632812500000 3.855995178223 175 175 175
24.500000000000 15.632812500000 3.818000793457 181 181 181
24.484375000000 15.632812500000 3.780998229980 187 187 187
24.500000000000 15.632812500000 3.742996215820 192 192 192
24.484375000000 15.632812500000 3.706001281738 174 174 174
24.546875000000 15.593750000000 3.247001647949 144 144 144
24.531250000000 15.593750000000 3.209999084473 174 174 174
24.500000000000 15.609375000000 3.175994873047 127 127 127
24.515625000000 15.601562500000 3.136001586914 128 128 128
24.500000000000 15.609375000000 3.099998474121 128 128 128
24.500000000000 15.609375000000 3.060997009277 137 137 137
24.484375000000 15.617187500000 3.023994445801 137 137 137
24.484375000000 15.609375000000 2.986000061035 142 142 142
24.468750000000 15.617187500000 2.949996948242 126 126 126
24.468750000000 15.625000000000 2.912994384766 119 119 119
24.468750000000 15.625000000000 2.875000000000 117 117 117
24.484375000000 15.609375000000 2.832000732422 106 106 106
24.468750000000 15.617187500000 2.795997619629 93 93 93
24.484375000000 15.609375000000 2.754997253418 84 84 84
24.500000000000 15.601562500000 2.714996337891 64 64 64
24.515625000000 15.593750000000 2.671997070313 38 38 38
24.609375000000 15.882812500000 4.596000671387 182 182 182
24.609375000000 15.890625000000 4.555999755859 199 199 199
24.609375000000 15.882812500000 4.517997741699 200 200 200
24.609375000000 15.882812500000 4.479995727539 201 201 201
24.625000000000 15.875000000000 4.441001892090 198 198 198
24.609375000000 15.875000000000 4.402999877930 199 199 199
24.625000000000 15.875000000000 4.363998413086 180 180 180
24.625000000000 15.867187500000 4.287994384766 169 169 169
24.625000000000 15.867187500000 4.250000000000 195 195 195
24.625000000000 15.859375000000 4.210998535156 187 187 187
24.609375000000 15.867187500000 4.171997070313 193 193 193
24.625000000000 15.867187500000 4.133995056152 193 193 193
24.625000000000 15.867187500000 4.095001220703 197 197 197
24.625000000000 15.867187500000 4.056999206543 136 136 136
24.656250000000 16.164062500000 4.728996276855 138 138 138
24.640625000000 16.164062500000 4.688995361328 197 197 197
24.640625000000 16.164062500000 4.650001525879 201 201 201
24.640625000000 16.164062500000 4.611000061035 199 199 199
24.640625000000 16.164062500000 4.571998596191 201 201 201
24.640625000000 16.164062500000 4.533996582031 153 153 153
24.640625000000 16.156250000000 4.146995544434 94 94 94
24.640625000000 16.148437500000 4.108001708984 192 192 192
24.640625000000 16.148437500000 4.069999694824 190 190 190
24.640625000000 16.148437500000 4.030998229980 190 190 190
24.640625000000 16.148437500000 3.992996215820 197 197 197
24.640625000000 16.148437500000 3.953994750977 192 192 192
24.640625000000 16.148437500000 3.916000366211 182 182 182
24.656250000000 16.132812500000 4.727996826172 101 101 101
24.656250000000 16.132812500000 4.689994812012 203 203 203
24.671875000000 16.125000000000 4.651000976563 200 200 200
24.656250000000 16.125000000000 4.611000061035 199 199 199
24.671875000000 16.125000000000 4.572998046875 221 221 221
24.671875000000 16.125000000000 4.534996032715 225 225 225
24.656250000000 16.125000000000 4.494995117188 200 200 200
24.671875000000 16.117187500000 4.457000732422 66 66 66
24.671875000000 16.101562500000 4.147994995117 55 55 55
24.656250000000 16.101562500000 4.109001159668 193 193 193
24.671875000000 16.093750000000 4.070999145508 191 191 191
24.671875000000 16.101562500000 4.032997131348 190 190 190
24.656250000000 16.093750000000 3.993995666504 193 193 193
24.656250000000 16.093750000000 3.955001831055 193 193 193
24.656250000000 16.093750000000 3.916999816895 188 188 188
24.859375000000 15.953125000000 3.442001342773 67 67 67
24.859375000000 15.953125000000 3.402000427246 98 98 98
24.843750000000 15.953125000000 3.361999511719 109 109 109
24.843750000000 15.960937500000 3.322998046875 116 116 116
24.843750000000 15.953125000000 3.282997131348 116 116 116
24.843750000000 15.953125000000 3.241996765137 77 77 77
24.640625000000 15.851562500000 4.548995971680 108 108 108
24.640625000000 15.843750000000 4.511001586914 201 201 201
24.640625000000 15.835937500000 4.472999572754 199 199 199
24.640625000000 15.843750000000 4.432998657227 199 199 199
24.640625000000 15.843750000000 4.393997192383 198 198 198
24.640625000000 15.835937500000 4.355995178223 199 199 199
24.640625000000 15.835937500000 4.317001342773 202 202 202
24.656250000000 15.820312500000 4.280998229980 178 178 178
24.656250000000 15.828125000000 4.241996765137 196 196 196
24.656250000000 15.820312500000 4.202995300293 188 188 188
24.640625000000 15.828125000000 4.165000915527 195 195 195
24.656250000000 15.820312500000 4.126998901367 194 194 194
24.640625000000 15.820312500000 4.087997436523 198 198 198
24.640625000000 15.820312500000 4.048995971680 127 127 127
24.500000000000 15.656250000000 4.966995239258 107 107 107
24.453125000000 15.671875000000 4.920997619629 144 144 144
24.406250000000 15.695312500000 4.874000549316 145 145 145
24.468750000000 15.664062500000 4.847000122070 143 143 143
24.484375000000 15.656250000000 4.812995910645 123 123 123
24.437500000000 15.671875000000 4.767997741699 108 108 108
24.468750000000 15.656250000000 4.734001159668 138 138 138
24.468750000000 15.648437500000 4.697998046875 149 149 149
24.609375000000 15.578125000000 4.680000305176 125 125 125
24.531250000000 15.617187500000 4.630996704102 139 139 139
24.515625000000 15.625000000000 4.590995788574 173 173 173
24.500000000000 15.625000000000 4.552001953125 181 181 181
24.531250000000 15.617187500000 4.515998840332 112 112 112
24.515625000000 15.617187500000 4.476997375488 108 108 108
24.531250000000 15.609375000000 4.442001342773 133 133 133
24.578125000000 15.585937500000 4.407997131348 192 192 192
24.531250000000 15.601562500000 4.366996765137 217 217 217
24.593750000000 15.570312500000 4.333999633789 192 192 192
24.593750000000 15.562500000000 4.295997619629 186 186 186
24.609375000000 15.554687500000 4.258995056152 194 194 194
24.562500000000 15.585937500000 4.217994689941 205 205 205
24.546875000000 15.585937500000 4.179000854492 212 212 212
24.593750000000 15.546875000000 4.144996643066 202 202 202
24.609375000000 15.539062500000 4.108001708984 145 145 145
24.656250000000 15.476562500000 3.376998901367 91 91 91
24.593750000000 15.515625000000 3.345001220703 138 138 138
24.656250000000 15.476562500000 3.299995422363 107 107 107
24.687500000000 15.453125000000 3.258995056152 160 160 160
24.671875000000 15.460937500000 3.221000671387 166 166 166
24.640625000000 15.484375000000 3.185997009277 114 114 114
24.640625000000 15.476562500000 3.146995544434 111 111 111
24.687500000000 15.437500000000 3.101997375488 101 101 101
24.687500000000 15.453125000000 3.062995910645 100 100 100
24.687500000000 15.437500000000 3.023994445801 100 100 100
24.671875000000 15.453125000000 2.986000061035 91 91 91
24.671875000000 15.453125000000 2.946998596191 28 28 28
24.593750000000 15.273437500000 4.586997985840 179 179 179
24.609375000000 15.273437500000 4.548995971680 188 188 188
24.593750000000 15.273437500000 4.509994506836 192 192 192
24.609375000000 15.273437500000 4.472000122070 203 203 203
24.609375000000 15.265625000000 4.433998107910 211 211 211
24.593750000000 15.265625000000 4.394996643066 202 202 202
24.593750000000 15.265625000000 4.356994628906 126 126 126
24.609375000000 15.250000000000 4.166999816895 146 146 146
24.625000000000 15.242187500000 4.129997253418 195 195 195
24.625000000000 15.234375000000 4.090995788574 200 200 200
24.625000000000 15.234375000000 4.053001403809 198 198 198
24.640625000000 15.226562500000 4.015998840332 181 181 181
24.640625000000 15.226562500000 3.976997375488 178 178 178
24.640625000000 15.218750000000 3.938995361328 182 182 182
24.640625000000 15.218750000000 3.901000976563 46 46 46
24.578125000000 15.000000000000 4.564994812012 98 98 98
24.578125000000 14.992187500000 4.527000427246 175 175 175
24.687500000000 15.976562500000 3.962997436523 113 113 113
24.687500000000 15.968750000000 4.000999450684 170 170 170
24.687500000000 15.968750000000 4.040000915527 166 166 166
24.687500000000 15.968750000000 4.077995300293 169 169 169
24.671875000000 15.960937500000 4.116996765137 162 162 162
24.687500000000 15.960937500000 4.155998229980 172 172 172
24.687500000000 15.960937500000 4.194999694824 152 152 152
24.671875000000 15.945312500000 4.388000488281 152 152 152
24.687500000000 15.953125000000 4.427001953125 162 162 162
24.671875000000 15.945312500000 4.465995788574 158 158 158
24.687500000000 15.945312500000 4.504997253418 162 162 162
24.687500000000 15.953125000000 4.544998168945 162 162 162
24.687500000000 15.945312500000 4.583999633789 162 162 162
24.687500000000 15.945312500000 4.623001098633 62 62 62
24.453125000000 15.789062500000 4.851997375488 22 22 22
24.500000000000 15.679687500000 1.427001953125 98 98 98
24.500000000000 15.687500000000 1.507995605469 96 96 96
24.500000000000 15.679687500000 1.550994873047 107 107 107
24.546875000000 15.687500000000 2.074996948242 94 94 94
24.531250000000 15.671875000000 2.124000549316 105 105 105
24.531250000000 15.664062500000 2.164001464844 113 113 113
24.531250000000 15.664062500000 2.202995300293 121 121 121
24.515625000000 15.664062500000 2.244995117188 134 134 134
24.531250000000 15.664062500000 2.283996582031 134 134 134
24.531250000000 15.664062500000 2.323997497559 133 133 133
24.578125000000 15.695312500000 2.348999023438 101 101 101
24.531250000000 15.656250000000 2.402000427246 139 139 139
24.531250000000 15.656250000000 2.443000793457 147 147 147
24.515625000000 15.648437500000 2.484001159668 148 148 148
24.593750000000 15.687500000000 2.507995605469 131 131 131
24.515625000000 15.648437500000 2.561996459961 149 149 149
24.515625000000 15.640625000000 2.601997375488 149 149 149
24.515625000000 15.640625000000 2.640998840332 148 148 148
24.531250000000 15.648437500000 2.678001403809 149 149 149
24.531250000000 15.640625000000 2.715995788574 150 150 150
24.531250000000 15.648437500000 2.754997253418 150 150 150
24.531250000000 15.640625000000 2.792999267578 143 143 143
24.531250000000 15.640625000000 2.833000183105 145 145 145
24.531250000000 15.640625000000 2.869995117188 145 145 145
24.531250000000 15.640625000000 2.909996032715 143 143 143
24.531250000000 15.632812500000 2.947998046875 136 136 136
24.531250000000 15.632812500000 2.986000061035 139 139 139
24.531250000000 15.632812500000 3.025001525879 137 137 137
24.546875000000 15.632812500000 3.061996459961 144 144 144
24.546875000000 15.632812500000 3.099998474121 147 147 147
24.546875000000 15.640625000000 3.138000488281 147 147 147
24.546875000000 15.632812500000 3.175994873047 152 152 152
24.546875000000 15.632812500000 3.213996887207 147 147 147
24.546875000000 15.632812500000 3.251998901367 151 151 151
24.546875000000 15.625000000000 3.290000915527 150 150 150
24.546875000000 15.625000000000 3.327995300293 147 147 147
24.546875000000 15.632812500000 3.365997314453 153 153 153
24.546875000000 15.625000000000 3.403999328613 148 148 148
24.546875000000 15.617187500000 3.442001342773 144 144 144
24.546875000000 15.617187500000 3.479995727539 154 154 154
24.546875000000 15.617187500000 3.517997741699 149 149 149
24.546875000000 15.617187500000 3.555000305176 154 154 154
24.546875000000 15.609375000000 3.594001770020 155 155 155
24.546875000000 15.609375000000 3.630996704102 157 157 157
24.546875000000 15.617187500000 3.668998718262 162 162 162
24.546875000000 15.609375000000 3.707000732422 160 160 160
24.562500000000 15.617187500000 3.743995666504 156 156 156
24.562500000000 15.617187500000 3.781997680664 154 154 154
24.562500000000 15.617187500000 3.819999694824 154 154 154
24.562500000000 15.609375000000 3.858001708984 151 151 151
24.546875000000 15.601562500000 3.894996643066 155 155 155
24.562500000000 15.609375000000 3.933998107910 151 151 151
24.562500000000 15.601562500000 3.971000671387 151 151 151
24.562500000000 15.609375000000 4.008995056152 152 152 152
24.578125000000 15.609375000000 4.046997070313 147 147 147
24.562500000000 15.601562500000 4.084999084473 153 153 153
24.578125000000 15.609375000000 4.123001098633 151 151 151
24.562500000000 15.601562500000 4.160995483398 151 151 151
24.578125000000 15.609375000000 4.198997497559 152 152 152
24.578125000000 15.609375000000 4.237998962402 150 150 150
24.578125000000 15.609375000000 4.276000976563 148 148 148
24.578125000000 15.601562500000 4.313995361328 148 148 148
24.578125000000 15.601562500000 4.351997375488 142 142 142
24.593750000000 15.601562500000 4.390998840332 148 148 148
24.593750000000 15.601562500000 4.429000854492 139 139 139
24.578125000000 15.601562500000 4.466995239258 143 143 143
24.578125000000 15.585937500000 4.502998352051 162 162 162
24.578125000000 15.585937500000 4.541999816895 152 152 152
24.593750000000 15.601562500000 4.583000183105 148 148 148
24.562500000000 15.570312500000 4.615997314453 144 144 144
24.578125000000 15.585937500000 4.656997680664 131 131 131
24.546875000000 15.562500000000 4.689994812012 116 116 116
24.484375000000 15.539062500000 4.722000122070 141 141 141
24.484375000000 15.531250000000 4.758995056152 121 121 121
24.531250000000 15.546875000000 4.802001953125 121 121 121
24.531250000000 15.546875000000 4.840995788574 123 123 123
24.421875000000 15.492187500000 4.861999511719 146 146 146
24.484375000000 15.523437500000 4.909996032715 146 146 146
24.531250000000 15.546875000000 4.957000732422 135 135 135
24.703125000000 15.445312500000 2.939994812012 50 50 50
24.703125000000 15.437500000000 2.979995727539 81 81 81
24.703125000000 15.445312500000 3.017997741699 83 83 83
24.703125000000 15.445312500000 3.057998657227 75 75 75
24.718750000000 15.445312500000 3.097000122070 79 79 79
24.718750000000 15.445312500000 3.136001586914 82 82 82
24.718750000000 15.445312500000 3.174995422363 80 80 80
24.718750000000 15.445312500000 3.213996887207 97 97 97
24.703125000000 15.437500000000 3.254997253418 172 172 172
24.687500000000 15.421875000000 3.295997619629 88 88 88
24.687500000000 15.421875000000 3.334999084473 78 78 78
24.687500000000 15.421875000000 3.374000549316 74 74 74
24.703125000000 15.421875000000 3.411994934082 71 71 71
24.750000000000 15.445312500000 3.447998046875 84 84 84
24.750000000000 15.453125000000 3.486999511719 87 87 87
24.765625000000 15.453125000000 3.526000976563 89 89 89
24.640625000000 15.367187500000 4.030998229980 181 181 181
24.640625000000 15.367187500000 4.069999694824 203 203 203
24.640625000000 15.359375000000 4.108001708984 190 190 190
24.640625000000 15.351562500000 4.145996093750 203 203 203
24.625000000000 15.351562500000 4.183998107910 197 197 197
24.625000000000 15.343750000000 4.222000122070 177 177 177
24.625000000000 15.343750000000 4.298995971680 59 59 59
24.625000000000 15.343750000000 4.337997436523 175 175 175
24.625000000000 15.343750000000 4.375999450684 187 187 187
24.625000000000 15.335937500000 4.415000915527 188 188 188
24.640625000000 15.335937500000 4.453994750977 169 169 169
24.625000000000 15.335937500000 4.491996765137 168 168 168
24.625000000000 15.335937500000 4.530998229980 170 170 170
24.687500000000 15.093750000000 3.861000061035 169 169 169
24.687500000000 15.093750000000 3.900001525879 204 204 204
24.671875000000 15.085937500000 3.938995361328 196 196 196
24.671875000000 15.078125000000 3.976997375488 198 198 198
24.671875000000 15.078125000000 4.014999389648 196 196 196
24.671875000000 15.078125000000 4.054000854492 181 181 181
24.625000000000 15.031250000000 4.473999023438 25 25 25
24.593750000000 15.015625000000 4.508995056152 172 172 172
24.609375000000 15.015625000000 4.547996520996 193 193 193
24.625000000000 15.023437500000 4.587997436523 145 145 145
24.671875000000 16.000000000000 3.928001403809 150 150 150
24.671875000000 16.000000000000 3.961997985840 252 252 252
24.671875000000 16.000000000000 3.995994567871 0 0 0
24.671875000000 16.000000000000 4.028999328613 252 252 252
24.671875000000 16.000000000000 4.062995910645 253 253 253
24.687500000000 16.000000000000 4.097999572754 12 12 12
24.687500000000 16.000000000000 4.130996704102 251 251 251
24.671875000000 15.992187500000 4.165000915527 226 226 226
24.687500000000 15.992187500000 4.369995117188 84 84 84
24.656250000000 15.992187500000 4.401000976563 218 218 218
24.656250000000 15.992187500000 4.435997009277 220 220 220
24.671875000000 15.992187500000 4.470001220703 221 221 221
24.656250000000 15.992187500000 4.503997802734 218 218 218
24.671875000000 15.992187500000 4.540000915527 220 220 220
24.656250000000 15.992187500000 4.572998046875 218 218 218
24.671875000000 15.992187500000 4.609001159668 207 207 207
24.765625000000 15.710937500000 2.890998840332 96 96 96
24.765625000000 15.710937500000 2.925994873047 155 155 155
24.765625000000 15.710937500000 2.960998535156 122 122 122
24.734375000000 15.710937500000 2.997001647949 93 93 93
24.750000000000 15.710937500000 3.030998229980 135 135 135
24.750000000000 15.710937500000 3.064994812012 160 160 160
24.765625000000 15.710937500000 3.097999572754 135 135 135
24.671875000000 15.710937500000 3.138999938965 174 174 174
24.609375000000 15.710937500000 3.177001953125 192 192 192
24.625000000000 15.710937500000 3.209999084473 188 188 188
24.640625000000 15.710937500000 3.241996765137 172 172 172
24.640625000000 15.710937500000 3.275001525879 173 173 173
24.625000000000 15.710937500000 3.309997558594 187 187 187
24.593750000000 15.710937500000 3.344001770020 189 189 189
24.796875000000 15.703125000000 3.369995117188 116 116 116
24.796875000000 15.703125000000 3.403999328613 114 114 114
24.812500000000 15.703125000000 3.437995910645 115 115 115
24.812500000000 15.703125000000 3.472999572754 99 99 99
24.812500000000 15.703125000000 3.506996154785 103 103 103
24.812500000000 15.703125000000 3.541000366211 76 76 76
24.640625000000 15.703125000000 4.111000061035 226 226 226
24.640625000000 15.703125000000 4.144996643066 244 244 244
24.656250000000 15.703125000000 4.180000305176 0 0 0
24.640625000000 15.703125000000 4.211997985840 228 228 228
24.640625000000 15.695312500000 4.244995117188 225 225 225
24.640625000000 15.695312500000 4.279998779297 233 233 233
24.640625000000 15.695312500000 4.313995361328 226 226 226
24.640625000000 15.695312500000 4.347000122070 226 226 226
24.640625000000 15.695312500000 4.380996704102 224 224 224
24.640625000000 15.695312500000 4.416000366211 215 215 215
24.640625000000 15.695312500000 4.448997497559 120 120 120
24.546875000000 15.687500000000 4.669998168945 103 103 103
24.500000000000 15.687500000000 4.694999694824 128 128 128
24.515625000000 15.687500000000 4.733001708984 111 111 111
24.500000000000 15.687500000000 4.763000488281 97 97 97
24.546875000000 15.687500000000 4.808998107910 104 104 104
24.578125000000 15.687500000000 4.848999023438 115 115 115
24.390625000000 15.679687500000 4.840995788574 142 142 142
24.484375000000 15.687500000000 4.895996093750 128 128 128
24.515625000000 15.687500000000 4.939994812012 41 41 41
24.687500000000 15.421875000000 2.986000061035 57 57 57
24.687500000000 15.421875000000 3.019996643066 92 92 92
24.687500000000 15.421875000000 3.054000854492 97 97 97
24.687500000000 15.421875000000 3.086997985840 102 102 102
24.703125000000 15.414062500000 3.120994567871 96 96 96
24.703125000000 15.414062500000 3.153999328613 94 94 94
24.703125000000 15.406250000000 3.187995910645 90 90 90
24.703125000000 15.406250000000 3.222000122070 96 96 96
24.703125000000 15.406250000000 3.255996704102 103 103 103
24.687500000000 15.406250000000 3.291000366211 110 110 110
24.671875000000 15.414062500000 3.324996948242 100 100 100
24.671875000000 15.414062500000 3.359001159668 104 104 104
24.671875000000 15.414062500000 3.391998291016 91 91 91
24.718750000000 15.406250000000 3.424995422363 98 98 98
24.718750000000 15.406250000000 3.458999633789 94 94 94
24.750000000000 15.406250000000 3.491996765137 93 93 93
24.734375000000 15.406250000000 3.526000976563 94 94 94
24.625000000000 15.406250000000 4.027000427246 249 249 249
24.625000000000 15.406250000000 4.060997009277 3 3 3
24.625000000000 15.406250000000 4.095001220703 233 233 233
24.625000000000 15.406250000000 4.127998352051 17 17 17
24.625000000000 15.398437500000 4.161994934082 5 5 5
24.609375000000 15.398437500000 4.194000244141 231 231 231
24.609375000000 15.398437500000 4.227996826172 17 17 17
24.609375000000 15.398437500000 4.262001037598 229 229 229
24.625000000000 15.398437500000 4.296997070313 10 10 10
24.625000000000 15.398437500000 4.330001831055 12 12 12
24.625000000000 15.398437500000 4.363998413086 1 1 1
24.625000000000 15.398437500000 4.396995544434 2 2 2
24.625000000000 15.398437500000 4.431999206543 255 255 255
24.625000000000 15.398437500000 4.465995788574 251 251 251
24.609375000000 15.398437500000 4.499000549316 207 207 207
24.640625000000 15.398437500000 4.814994812012 83 83 83
24.531250000000 15.390625000000 4.823997497559 57 57 57
24.671875000000 15.109375000000 3.844001770020 193 193 193
24.671875000000 15.109375000000 3.877998352051 252 252 252
24.656250000000 15.109375000000 3.910995483398 227 227 227
24.656250000000 15.109375000000 3.944999694824 17 17 17
24.671875000000 15.109375000000 3.977996826172 16 16 16
24.640625000000 15.109375000000 4.011001586914 221 221 221
24.640625000000 15.109375000000 4.043998718262 17 17 17
24.656250000000 15.109375000000 4.078994750977 242 242 242
24.640625000000 15.101562500000 4.415000915527 54 54 54
24.609375000000 15.101562500000 4.444999694824 4 4 4
24.609375000000 15.101562500000 4.478996276855 10 10 10
24.609375000000 15.101562500000 4.512001037598 252 252 252
24.609375000000 15.101562500000 4.546997070313 5 5 5
24.593750000000 15.101562500000 4.580001831055 253 253 253
24.593750000000 15.101562500000 4.613998413086 246 246 246
24.593750000000 15.101562500000 4.647994995117 240 240 240
24.562500000000 15.210937500000 4.629997253418 192 192 192
24.578125000000 15.210937500000 4.599998474121 244 244 244
24.578125000000 15.210937500000 4.563995361328 241 241 241
24.593750000000 15.210937500000 4.531997680664 247 247 247
24.593750000000 15.210937500000 4.498001098633 239 239 239
24.578125000000 15.218750000000 4.460998535156 196 196 196
24.578125000000 15.218750000000 4.429000854492 247 247 247
24.578125000000 15.218750000000 4.393997192383 216 216 216
24.609375000000 15.218750000000 4.161994934082 126 126 126
24.625000000000 15.218750000000 4.127998352051 17 17 17
24.625000000000 15.226562500000 4.095001220703 228 228 228
24.609375000000 15.226562500000 4.060997009277 223 223 223
24.625000000000 15.226562500000 4.027999877930 17 17 17
24.625000000000 15.226562500000 3.993995666504 8 8 8
24.625000000000 15.226562500000 3.960998535156 2 2 2
24.625000000000 15.226562500000 3.927001953125 238 238 238
24.609375000000 15.226562500000 3.892997741699 69 69 69
24.406250000000 15.492187500000 4.853996276855 120 120 120
24.625000000000 15.492187500000 4.870994567871 95 95 95
24.687500000000 15.484375000000 4.848999023438 107 107 107
24.734375000000 15.484375000000 4.821998596191 22 22 22
24.500000000000 15.492187500000 4.737998962402 52 52 52
24.578125000000 15.500000000000 4.480995178223 170 170 170
24.609375000000 15.500000000000 4.449996948242 5 5 5
24.609375000000 15.500000000000 4.416000366211 13 13 13
24.593750000000 15.500000000000 4.380996704102 5 5 5
24.593750000000 15.500000000000 4.347000122070 249 249 249
24.609375000000 15.500000000000 4.313995361328 1 1 1
24.593750000000 15.500000000000 4.277999877930 237 237 237
24.593750000000 15.500000000000 4.244995117188 233 233 233
24.593750000000 15.500000000000 4.210998535156 253 253 253
24.593750000000 15.500000000000 4.178001403809 232 232 232
24.578125000000 15.500000000000 4.142997741699 215 215 215
24.593750000000 15.507812500000 4.110000610352 17 17 17
24.593750000000 15.507812500000 4.075996398926 191 191 191
24.718750000000 15.507812500000 3.541000366211 99 99 99
24.734375000000 15.507812500000 3.506996154785 93 93 93
24.718750000000 15.507812500000 3.472999572754 94 94 94
24.718750000000 15.507812500000 3.438995361328 91 91 91
24.671875000000 15.515625000000 3.405998229980 92 92 92
24.656250000000 15.515625000000 3.372001647949 99 99 99
24.640625000000 15.523437500000 3.338996887207 96 96 96
24.671875000000 15.523437500000 3.304000854492 105 105 105
24.687500000000 15.515625000000 3.268997192383 93 93 93
24.687500000000 15.515625000000 3.235000610352 94 94 94
24.656250000000 15.523437500000 3.202995300293 168 168 168
24.656250000000 15.523437500000 3.168998718262 104 104 104
24.671875000000 15.523437500000 3.133995056152 89 89 89
24.687500000000 15.515625000000 3.098999023438 92 92 92
24.687500000000 15.515625000000 3.066001892090 92 92 92
24.687500000000 15.515625000000 3.030998229980 97 97 97
24.671875000000 15.523437500000 2.999000549316 97 97 97
24.671875000000 15.523437500000 2.962997436523 93 93 93
24.656250000000 15.531250000000 2.930999755859 93 93 93
24.656250000000 15.531250000000 2.897994995117 68 68 68
24.421875000000 15.773437500000 4.875999450684 114 114 114
24.484375000000 15.773437500000 4.853996276855 110 110 110
24.687500000000 15.773437500000 4.864997863770 107 107 107
24.734375000000 15.765625000000 4.839996337891 106 106 106
24.515625000000 15.773437500000 4.756996154785 56 56 56
24.531250000000 15.773437500000 4.726997375488 41 41 41
24.640625000000 15.781250000000 4.506996154785 81 81 81
24.625000000000 15.781250000000 4.471000671387 228 228 228
24.625000000000 15.781250000000 4.434997558594 227 227 227
24.625000000000 15.781250000000 4.402000427246 228 228 228
24.625000000000 15.781250000000 4.366996765137 233 233 233
24.625000000000 15.781250000000 4.333999633789 233 233 233
24.625000000000 15.781250000000 4.298995971680 226 226 226
24.625000000000 15.781250000000 4.265998840332 240 240 240
24.640625000000 15.781250000000 4.233001708984 18 18 18
24.625000000000 15.781250000000 4.197998046875 252 252 252
24.625000000000 15.789062500000 4.165000915527 17 17 17
24.640625000000 15.789062500000 4.130996704102 12 12 12
24.625000000000 15.789062500000 4.097000122070 249 249 249
24.656250000000 15.789062500000 4.064994812012 61 61 61
24.796875000000 15.789062500000 3.558998107910 37 37 37
24.796875000000 15.789062500000 3.523994445801 106 106 106
24.796875000000 15.789062500000 3.489997863770 96 96 96
24.796875000000 15.789062500000 3.455001831055 96 96 96
24.765625000000 15.796875000000 3.421997070313 98 98 98
24.750000000000 15.796875000000 3.388000488281 92 92 92
24.734375000000 15.796875000000 3.353996276855 107 107 107
24.734375000000 15.796875000000 3.319999694824 107 107 107
24.750000000000 15.796875000000 3.284996032715 152 152 152
24.765625000000 15.796875000000 3.250000000000 175 175 175
24.765625000000 15.796875000000 3.214996337891 151 151 151
24.765625000000 15.796875000000 3.180999755859 148 148 148
24.750000000000 15.796875000000 3.146995544434 151 151 151
24.750000000000 15.796875000000 3.112998962402 105 105 105
24.718750000000 15.796875000000 3.081001281738 67 67 67
24.750000000000 15.796875000000 3.043998718262 133 133 133
24.750000000000 15.796875000000 3.009994506836 104 104 104
24.750000000000 15.804687500000 2.974998474121 119 119 119
24.734375000000 15.804687500000 2.942001342773 51 51 51
24.640625000000 16.054687500000 4.665000915527 175 175 175
24.640625000000 16.062500000000 4.631996154785 222 222 222
24.640625000000 16.062500000000 4.597000122070 224 224 224
24.640625000000 16.062500000000 4.561996459961 224 224 224
24.640625000000 16.062500000000 4.527000427246 220 220 220
24.640625000000 16.062500000000 4.491996765137 209 209 209
24.640625000000 16.062500000000 4.457000732422 223 223 223
24.625000000000 16.062500000000 4.420997619629 173 173 173
24.640625000000 16.070312500000 4.151000976563 253 253 253
24.656250000000 16.070312500000 4.116996765137 15 15 15
24.640625000000 16.070312500000 4.083000183105 18 18 18
24.640625000000 16.070312500000 4.048995971680 18 18 18
24.656250000000 16.070312500000 4.015998840332 18 18 18
24.640625000000 16.070312500000 3.980995178223 17 17 17
24.656250000000 16.070312500000 3.947998046875 17 17 17
24.640625000000 16.070312500000 3.912994384766 173 173 173
24.593750000000 15.109375000000 4.705001831055 31 31 31
24.593750000000 15.117187500000 4.665000915527 176 176 176
24.578125000000 15.117187500000 4.625000000000 173 173 173
24.578125000000 15.117187500000 4.586997985840 178 178 178
24.578125000000 15.117187500000 4.546997070313 195 195 195
24.578125000000 15.109375000000 4.508995056152 194 194 194
24.593750000000 15.109375000000 4.470001220703 169 169 169
24.656250000000 15.062500000000 4.046997070313 146 146 146
24.640625000000 15.070312500000 4.006996154785 185 185 185
24.640625000000 15.070312500000 3.969001770020 178 178 178
24.656250000000 15.062500000000 3.930000305176 121 121 121
24.390625000000 15.507812500000 4.847000122070 103 103 103
24.546875000000 15.414062500000 4.837997436523 65 65 65
24.609375000000 15.375000000000 4.531997680664 161 161 161
24.609375000000 15.382812500000 4.492996215820 171 171 171
24.609375000000 15.375000000000 4.453994750977 170 170 170
24.609375000000 15.375000000000 4.415000915527 188 188 188
24.609375000000 15.375000000000 4.375999450684 193 193 193
24.593750000000 15.375000000000 4.336997985840 181 181 181
24.593750000000 15.375000000000 4.297996520996 64 64 64
24.609375000000 15.375000000000 4.220001220703 166 166 166
24.609375000000 15.375000000000 4.181999206543 184 184 184
24.609375000000 15.367187500000 4.142997741699 202 202 202
24.625000000000 15.359375000000 4.104995727539 177 177 177
24.625000000000 15.359375000000 4.066001892090 188 188 188
24.625000000000 15.359375000000 4.027000427246 173 173 173
24.640625000000 15.343750000000 3.988998413086 135 135 135
24.671875000000 15.312500000000 3.398994445801 96 96 96
24.687500000000 15.296875000000 3.359001159668 99 99 99
24.671875000000 15.312500000000 3.319999694824 97 97 97
24.671875000000 15.312500000000 3.280998229980 89 89 89
24.671875000000 15.312500000000 3.240997314453 68 68 68
24.546875000000 15.710937500000 4.971000671387 84 84 84
24.484375000000 15.742187500000 4.920997619629 131 131 131
24.437500000000 15.773437500000 4.873001098633 137 137 137
24.531250000000 15.718750000000 4.850997924805 115 115 115
24.531250000000 15.710937500000 4.812995910645 98 98 98
24.500000000000 15.726562500000 4.768997192383 95 95 95
24.500000000000 15.726562500000 4.729995727539 137 137 137
24.531250000000 15.710937500000 4.694999694824 113 113 113
24.625000000000 15.656250000000 4.670997619629 122 122 122
24.593750000000 15.671875000000 4.627998352051 123 123 123
24.609375000000 15.664062500000 4.590995788574 158 158 158
24.625000000000 15.656250000000 4.552001953125 162 162 162
24.609375000000 15.664062500000 4.511001586914 163 163 163
24.609375000000 15.664062500000 4.472999572754 165 165 165
24.609375000000 15.664062500000 4.432998657227 166 166 166
24.609375000000 15.656250000000 4.394996643066 165 165 165
24.609375000000 15.656250000000 4.355995178223 164 164 164
24.609375000000 15.656250000000 4.317001342773 165 165 165
24.609375000000 15.656250000000 4.277999877930 167 167 167
24.593750000000 15.664062500000 4.238998413086 166 166 166
24.593750000000 15.656250000000 4.199996948242 159 159 159
24.609375000000 15.656250000000 4.160995483398 155 155 155
24.593750000000 15.664062500000 4.122001647949 155 155 155
24.593750000000 15.656250000000 4.083999633789 158 158 158
24.578125000000 15.664062500000 4.043998718262 136 136 136
24.578125000000 15.664062500000 4.005996704102 136 136 136
24.578125000000 15.664062500000 3.966995239258 124 124 124
24.578125000000 15.664062500000 3.929000854492 121 121 121
24.578125000000 15.664062500000 3.889999389648 122 122 122
24.562500000000 15.671875000000 3.850997924805 120 120 120
24.562500000000 15.664062500000 3.812995910645 120 120 120
24.531250000000 15.679687500000 3.197998046875 119 119 119
24.531250000000 15.671875000000 3.158996582031 117 117 117
24.531250000000 15.679687500000 3.120994567871 119 119 119
24.531250000000 15.679687500000 3.083000183105 123 123 123
24.531250000000 15.671875000000 3.043998718262 121 121 121
24.515625000000 15.679687500000 3.004997253418 118 118 118
24.515625000000 15.671875000000 2.965995788574 113 113 113
24.515625000000 15.671875000000 2.927001953125 116 116 116
24.515625000000 15.679687500000 2.888999938965 108 108 108
24.515625000000 15.671875000000 2.848999023438 110 110 110
24.515625000000 15.671875000000 2.810997009277 113 113 113
24.515625000000 15.671875000000 2.770996093750 108 108 108
24.515625000000 15.671875000000 2.730995178223 115 115 115
24.531250000000 15.664062500000 2.691001892090 117 117 117
24.515625000000 15.671875000000 2.652999877930 99 99 99
24.562500000000 15.617187500000 1.606994628906 218 218 218
24.562500000000 15.617187500000 1.564994812012 205 205 205
24.562500000000 15.617187500000 1.479995727539 205 205 205
24.500000000000 15.648437500000 1.417999267578 97 97 97
24.562500000000 15.664062500000 3.776000976563 76 76 76
24.546875000000 15.679687500000 3.737998962402 46 46 46
24.562500000000 15.656250000000 3.235000610352 96 96 96
24.656250000000 15.914062500000 4.580001831055 125 125 125
24.640625000000 15.921875000000 4.539001464844 179 179 179
24.656250000000 15.914062500000 4.500999450684 179 179 179
24.640625000000 15.914062500000 4.459999084473 179 179 179
24.640625000000 15.914062500000 4.420997619629 178 178 178
24.640625000000 15.914062500000 4.381996154785 174 174 174
24.640625000000 15.914062500000 4.341995239258 172 172 172
24.671875000000 15.898437500000 4.265998840332 39 39 39
24.656250000000 15.906250000000 4.225997924805 174 174 174
24.640625000000 15.914062500000 4.185997009277 173 173 173
24.640625000000 15.906250000000 4.146995544434 174 174 174
24.656250000000 15.906250000000 4.108001708984 175 175 175
24.656250000000 15.898437500000 4.069000244141 173 173 173
24.656250000000 15.906250000000 4.029998779297 169 169 169
24.765625000000 15.796875000000 2.949996948242 32 32 32
24.687500000000 16.179687500000 4.688995361328 146 146 146
24.671875000000 16.187500000000 4.646995544434 181 181 181
24.656250000000 16.195312500000 4.605995178223 180 180 180
24.671875000000 16.187500000000 4.568000793457 182 182 182
24.671875000000 16.187500000000 4.527999877930 183 183 183
24.687500000000 16.171875000000 4.489997863770 90 90 90
24.671875000000 16.171875000000 4.095001220703 160 160 160
24.671875000000 16.171875000000 4.055999755859 175 175 175
24.671875000000 16.164062500000 4.016998291016 173 173 173
24.671875000000 16.171875000000 3.976997375488 173 173 173
24.671875000000 16.171875000000 3.937995910645 175 175 175
24.671875000000 16.171875000000 3.898994445801 175 175 175
24.687500000000 16.156250000000 3.859001159668 31 31 31
24.625000000000 15.171875000000 3.886001586914 179 179 179
24.609375000000 15.164062500000 3.923995971680 215 215 215
24.625000000000 15.164062500000 3.961997985840 206 206 206
24.609375000000 15.156250000000 4.000000000000 191 191 191
24.609375000000 15.156250000000 4.036994934082 217 217 217
24.593750000000 15.148437500000 4.073997497559 196 196 196
24.609375000000 15.156250000000 4.112998962402 104 104 104
24.546875000000 15.101562500000 4.446998596191 125 125 125
24.562500000000 15.101562500000 4.486000061035 180 180 180
24.562500000000 15.101562500000 4.523994445801 215 215 215
24.562500000000 15.101562500000 4.560997009277 178 178 178
24.562500000000 15.101562500000 4.598999023438 178 178 178
24.562500000000 15.093750000000 4.637001037598 178 178 178
24.562500000000 15.093750000000 4.674995422363 156 156 156
24.656250000000 15.523437500000 2.902999877930 56 56 56
24.656250000000 15.523437500000 2.941001892090 71 71 71
24.671875000000 15.523437500000 2.978996276855 87 87 87
24.671875000000 15.523437500000 3.017997741699 83 83 83
24.656250000000 15.515625000000 3.057998657227 84 84 84
24.671875000000 15.523437500000 3.094001770020 84 84 84
24.687500000000 15.515625000000 3.132995605469 71 71 71
24.687500000000 15.515625000000 3.170997619629 77 77 77
24.656250000000 15.500000000000 3.213996887207 159 159 159
24.687500000000 15.515625000000 3.249000549316 93 93 93
24.656250000000 15.500000000000 3.291000366211 98 98 98
24.625000000000 15.484375000000 3.331001281738 76 76 76
24.640625000000 15.492187500000 3.368995666504 77 77 77
24.640625000000 15.484375000000 3.406997680664 73 73 73
24.718750000000 15.515625000000 3.441001892090 87 87 87
24.718750000000 15.523437500000 3.479995727539 85 85 85
24.718750000000 15.515625000000 3.518997192383 80 80 80
24.718750000000 15.515625000000 3.556999206543 54 54 54
24.578125000000 15.421875000000 4.052001953125 189 189 189
24.578125000000 15.414062500000 4.089996337891 210 210 210
24.578125000000 15.414062500000 4.127998352051 193 193 193
24.578125000000 15.406250000000 4.165000915527 208 208 208
24.578125000000 15.406250000000 4.202995300293 206 206 206
24.578125000000 15.406250000000 4.240997314453 186 186 186
24.593750000000 15.414062500000 4.278999328613 95 95 95
24.578125000000 15.406250000000 4.316001892090 176 176 176
24.578125000000 15.398437500000 4.352996826172 197 197 197
24.578125000000 15.398437500000 4.390998840332 198 198 198
24.578125000000 15.398437500000 4.430000305176 172 172 172
24.578125000000 15.398437500000 4.467994689941 176 176 176
24.578125000000 15.390625000000 4.504997253418 175 175 175
24.484375000000 15.695312500000 2.914001464844 33 33 33
24.468750000000 15.687500000000 2.953994750977 57 57 57
24.468750000000 15.687500000000 2.990997314453 85 85 85
24.484375000000 15.695312500000 3.027000427246 94 94 94
24.500000000000 15.695312500000 3.062995910645 118 118 118
24.500000000000 15.695312500000 3.100997924805 111 111 111
24.484375000000 15.687500000000 3.139999389648 116 116 116
24.500000000000 15.695312500000 3.174995422363 138 138 138
24.515625000000 15.695312500000 3.211997985840 131 131 131
24.531250000000 15.703125000000 3.248001098633 144 144 144
24.531250000000 15.703125000000 3.285995483398 145 145 145
24.515625000000 15.703125000000 3.323997497559 146 146 146
24.515625000000 15.695312500000 3.361999511719 134 134 134
24.515625000000 15.695312500000 3.398994445801 130 130 130
24.515625000000 15.687500000000 3.436996459961 123 123 123
24.515625000000 15.687500000000 3.473999023438 130 130 130
24.484375000000 15.671875000000 3.513000488281 179 179 179
24.484375000000 15.671875000000 3.549995422363 167 167 167
24.484375000000 15.656250000000 3.586997985840 167 167 167
24.484375000000 15.664062500000 3.624000549316 177 177 177
24.484375000000 15.656250000000 3.660995483398 180 180 180
24.484375000000 15.656250000000 3.697998046875 186 186 186
24.500000000000 15.664062500000 3.735000610352 182 182 182
24.500000000000 15.656250000000 3.771995544434 177 177 177
24.500000000000 15.656250000000 3.808998107910 145 145 145
24.500000000000 15.656250000000 3.846000671387 152 152 152
24.500000000000 15.656250000000 3.882995605469 156 156 156
24.500000000000 15.656250000000 3.919998168945 156 156 156
24.484375000000 15.648437500000 3.957000732422 164 164 164
24.500000000000 15.656250000000 3.994995117188 162 162 162
24.484375000000 15.640625000000 4.030998229980 160 160 160
24.500000000000 15.648437500000 4.069000244141 157 157 157
24.500000000000 15.648437500000 4.105995178223 149 149 149
24.500000000000 15.640625000000 4.142997741699 151 151 151
24.484375000000 15.632812500000 4.178001403809 182 182 182
24.484375000000 15.632812500000 4.215995788574 168 168 168
24.500000000000 15.640625000000 4.253997802734 140 140 140
24.515625000000 15.640625000000 4.291999816895 143 143 143
24.500000000000 15.632812500000 4.327995300293 142 142 142
24.484375000000 15.625000000000 4.363998413086 177 177 177
24.500000000000 15.632812500000 4.402999877930 139 139 139
24.515625000000 15.640625000000 4.442001342773 131 131 131
24.500000000000 15.632812500000 4.477996826172 138 138 138
24.484375000000 15.617187500000 4.512001037598 173 173 173
24.484375000000 15.617187500000 4.549995422363 178 178 178
24.515625000000 15.625000000000 4.589996337891 145 145 145
24.515625000000 15.625000000000 4.627998352051 157 157 157
24.578125000000 15.664062500000 4.678001403809 111 111 111
24.453125000000 15.593750000000 4.694999694824 146 146 146
24.453125000000 15.585937500000 4.729995727539 136 136 136
24.437500000000 15.570312500000 4.763999938965 102 102 102
24.453125000000 15.585937500000 4.806999206543 120 120 120
24.406250000000 15.554687500000 4.834999084473 135 135 135
24.375000000000 15.539062500000 4.866996765137 146 146 146
24.437500000000 15.570312500000 4.916000366211 150 150 150
24.468750000000 15.585937500000 4.959999084473 105 105 105
24.625000000000 16.023437500000 3.947998046875 138 138 138
24.625000000000 16.023437500000 3.986000061035 172 172 172
24.640625000000 16.023437500000 4.023994445801 168 168 168
24.640625000000 16.015625000000 4.061996459961 173 173 173
24.640625000000 16.015625000000 4.099998474121 164 164 164
24.640625000000 16.015625000000 4.138999938965 174 174 174
24.625000000000 16.007812500000 4.175994873047 148 148 148
24.640625000000 16.000000000000 4.366996765137 14 14 14
24.640625000000 16.000000000000 4.404998779297 163 163 163
24.640625000000 16.000000000000 4.443000793457 167 167 167
24.640625000000 16.000000000000 4.480995178223 195 195 195
24.640625000000 16.000000000000 4.519996643066 162 162 162
24.640625000000 15.992187500000 4.557998657227 162 162 162
24.640625000000 15.992187500000 4.596000671387 166 166 166
24.656250000000 16.062500000000 3.944000244141 170 170 170
24.656250000000 16.062500000000 3.981994628906 164 164 164
24.656250000000 16.062500000000 4.019996643066 171 171 171
24.656250000000 16.062500000000 4.057998657227 165 165 165
24.656250000000 16.054687500000 4.096000671387 164 164 164
24.656250000000 16.054687500000 4.133995056152 167 167 167
24.640625000000 16.046875000000 4.171997070313 69 69 69
24.656250000000 16.031250000000 4.438995361328 108 108 108
24.656250000000 16.031250000000 4.476997375488 186 186 186
24.640625000000 16.023437500000 4.513999938965 203 203 203
24.656250000000 16.023437500000 4.553001403809 166 166 166
24.656250000000 16.023437500000 4.592994689941 152 152 152
24.640625000000 16.015625000000 4.628997802734 148 148 148
24.656250000000 16.023437500000 4.669998168945 86 86 86
24.500000000000 15.664062500000 2.944999694824 34 34 34
24.484375000000 15.656250000000 2.983001708984 67 67 67
24.500000000000 15.664062500000 3.019996643066 94 94 94
24.515625000000 15.664062500000 3.055999755859 111 111 111
24.500000000000 15.664062500000 3.094001770020 108 108 108
24.500000000000 15.656250000000 3.132995605469 103 103 103
24.515625000000 15.656250000000 3.168998718262 107 107 107
24.531250000000 15.664062500000 3.205001831055 127 127 127
24.546875000000 15.679687500000 3.239997863770 133 133 133
24.562500000000 15.679687500000 3.277000427246 141 141 141
24.546875000000 15.671875000000 3.316001892090 147 147 147
24.546875000000 15.671875000000 3.352996826172 152 152 152
24.531250000000 15.656250000000 3.391998291016 132 132 132
24.531250000000 15.648437500000 3.430000305176 124 124 124
24.515625000000 15.640625000000 3.467994689941 126 126 126
24.515625000000 15.632812500000 3.505996704102 169 169 169
24.515625000000 15.640625000000 3.541999816895 178 178 178
24.500000000000 15.625000000000 3.580001831055 181 181 181
24.515625000000 15.625000000000 3.616996765137 178 178 178
24.500000000000 15.617187500000 3.653999328613 175 175 175
24.515625000000 15.625000000000 3.691001892090 179 179 179
24.515625000000 15.625000000000 3.727996826172 175 175 175
24.515625000000 15.625000000000 3.764999389648 168 168 168
24.515625000000 15.625000000000 3.802001953125 155 155 155
24.515625000000 15.617187500000 3.838996887207 147 147 147
24.515625000000 15.617187500000 3.875999450684 138 138 138
24.531250000000 15.617187500000 3.912994384766 143 143 143
24.515625000000 15.609375000000 3.949996948242 141 141 141
24.531250000000 15.609375000000 3.987998962402 150 150 150
24.531250000000 15.609375000000 4.025001525879 147 147 147
24.515625000000 15.601562500000 4.060997009277 148 148 148
24.515625000000 15.601562500000 4.097999572754 157 157 157
24.531250000000 15.601562500000 4.136001586914 153 153 153
24.515625000000 15.601562500000 4.172996520996 147 147 147
24.515625000000 15.593750000000 4.208999633789 170 170 170
24.531250000000 15.601562500000 4.248001098633 150 150 150
24.546875000000 15.601562500000 4.285995483398 142 142 142
24.546875000000 15.601562500000 4.322998046875 138 138 138
24.546875000000 15.593750000000 4.360000610352 133 133 133
24.546875000000 15.601562500000 4.398994445801 135 135 135
24.546875000000 15.593750000000 4.434997558594 136 136 136
24.562500000000 15.601562500000 4.473999023438 131 131 131
24.546875000000 15.585937500000 4.509994506836 140 140 140
24.531250000000 15.578125000000 4.545997619629 157 157 157
24.546875000000 15.585937500000 4.586997985840 136 136 136
24.531250000000 15.578125000000 4.622001647949 135 135 135
24.531250000000 15.570312500000 4.658996582031 126 126 126
24.546875000000 15.570312500000 4.697998046875 100 100 100
24.468750000000 15.539062500000 4.724998474121 137 137 137
24.484375000000 15.539062500000 4.763999938965 131 131 131
24.484375000000 15.539062500000 4.802001953125 104 104 104
24.484375000000 15.539062500000 4.840995788574 116 116 116
24.390625000000 15.484375000000 4.861000061035 91 91 91
24.437500000000 15.500000000000 4.904998779297 76 76 76
24.484375000000 15.531250000000 4.953994750977 94 94 94
24.671875000000 15.406250000000 3.046997070313 14 14 14
24.671875000000 15.406250000000 3.085998535156 38 38 38
24.671875000000 15.398437500000 3.125000000000 45 45 45
24.671875000000 15.390625000000 3.164001464844 49 49 49
24.687500000000 15.390625000000 3.201995849609 78 78 78
24.687500000000 15.390625000000 3.240997314453 76 76 76
24.687500000000 15.390625000000 3.278999328613 62 62 62
24.703125000000 15.398437500000 3.316001892090 53 53 53
24.671875000000 15.382812500000 3.356994628906 50 50 50
24.718750000000 15.390625000000 3.508995056152 48 48 48
24.718750000000 15.390625000000 3.546997070313 42 42 42
24.625000000000 15.304687500000 4.004997253418 178 178 178
24.625000000000 15.304687500000 4.042999267578 193 193 193
24.609375000000 15.296875000000 4.080001831055 196 196 196
24.609375000000 15.296875000000 4.117996215820 205 205 205
24.609375000000 15.289062500000 4.155998229980 217 217 217
24.609375000000 15.289062500000 4.193000793457 187 187 187
24.593750000000 15.281250000000 4.229995727539 72 72 72
24.625000000000 15.281250000000 4.345001220703 20 20 20
24.593750000000 15.265625000000 4.380996704102 170 170 170
24.593750000000 15.265625000000 4.417999267578 193 193 193
24.593750000000 15.265625000000 4.456001281738 195 195 195
24.593750000000 15.257812500000 4.493995666504 164 164 164
24.593750000000 15.250000000000 4.530998229980 165 165 165
24.593750000000 15.250000000000 4.569000244141 168 168 168
24.593750000000 15.250000000000 4.605995178223 64 64 64
24.656250000000 16.023437500000 4.659996032715 218 218 218
24.640625000000 16.023437500000 4.624000549316 218 218 218
24.640625000000 16.023437500000 4.589996337891 222 222 222
24.640625000000 16.023437500000 4.555999755859 221 221 221
24.640625000000 16.023437500000 4.520996093750 221 221 221
24.640625000000 16.023437500000 4.486999511719 223 223 223
24.640625000000 16.023437500000 4.450996398926 220 220 220
24.656250000000 16.023437500000 4.417999267578 17 17 17
24.671875000000 16.023437500000 4.180000305176 248 248 248
24.656250000000 16.023437500000 4.144996643066 18 18 18
24.656250000000 16.023437500000 4.111000061035 18 18 18
24.656250000000 16.023437500000 4.076995849609 18 18 18
24.656250000000 16.023437500000 4.042999267578 18 18 18
24.671875000000 16.023437500000 4.009994506836 18 18 18
24.656250000000 16.023437500000 3.975997924805 18 18 18
24.656250000000 16.023437500000 3.942001342773 136 136 136
24.453125000000 15.656250000000 4.943000793457 61 61 61
24.406250000000 15.656250000000 4.893997192383 62 62 62
24.437500000000 15.664062500000 4.869995117188 107 107 107
24.500000000000 15.656250000000 4.847999572754 106 106 106
24.453125000000 15.664062500000 4.805000305176 96 96 96
24.453125000000 15.664062500000 4.770996093750 100 100 100
24.453125000000 15.664062500000 4.736999511719 136 136 136
24.468750000000 15.664062500000 4.707000732422 123 123 123
24.609375000000 15.656250000000 4.699996948242 111 111 111
24.609375000000 15.656250000000 4.662994384766 114 114 114
24.593750000000 15.656250000000 4.627998352051 123 123 123
24.609375000000 15.656250000000 4.594001770020 144 144 144
24.609375000000 15.656250000000 4.560997009277 152 152 152
24.609375000000 15.656250000000 4.526000976563 156 156 156
24.609375000000 15.656250000000 4.492996215820 163 163 163
24.609375000000 15.656250000000 4.458000183105 168 168 168
24.593750000000 15.656250000000 4.422996520996 194 194 194
24.609375000000 15.656250000000 4.388999938965 209 209 209
24.609375000000 15.656250000000 4.355995178223 209 209 209
24.609375000000 15.656250000000 4.320999145508 200 200 200
24.609375000000 15.664062500000 4.289001464844 210 210 210
24.609375000000 15.656250000000 4.253997802734 200 200 200
24.609375000000 15.656250000000 4.220001220703 208 208 208
24.609375000000 15.656250000000 4.186996459961 205 205 205
24.609375000000 15.656250000000 4.152999877930 197 197 197
24.609375000000 15.656250000000 4.118995666504 170 170 170
24.593750000000 15.656250000000 4.083999633789 164 164 164
24.593750000000 15.656250000000 4.050994873047 164 164 164
24.593750000000 15.656250000000 4.016998291016 172 172 172
24.593750000000 15.656250000000 3.984001159668 167 167 167
24.593750000000 15.664062500000 3.949996948242 167 167 167
24.593750000000 15.664062500000 3.916999816895 179 179 179
24.593750000000 15.664062500000 3.882995605469 174 174 174
24.593750000000 15.664062500000 3.849998474121 177 177 177
24.593750000000 15.664062500000 3.817001342773 182 182 182
24.593750000000 15.664062500000 3.782997131348 187 187 187
24.593750000000 15.664062500000 3.750000000000 183 183 183
24.593750000000 15.664062500000 3.715995788574 182 182 182
24.593750000000 15.664062500000 3.682998657227 182 182 182
24.593750000000 15.664062500000 3.650001525879 179 179 179
24.593750000000 15.664062500000 3.616996765137 182 182 182
24.593750000000 15.664062500000 3.583000183105 187 187 187
24.593750000000 15.664062500000 3.549995422363 176 176 176
24.593750000000 15.664062500000 3.516998291016 179 179 179
24.593750000000 15.664062500000 3.483001708984 178 178 178
24.593750000000 15.664062500000 3.449996948242 183 183 183
24.593750000000 15.664062500000 3.416999816895 183 183 183
24.593750000000 15.664062500000 3.382995605469 178 178 178
24.593750000000 15.664062500000 3.349998474121 175 175 175
24.593750000000 15.664062500000 3.317001342773 174 174 174
24.578125000000 15.664062500000 3.283996582031 173 173 173
24.578125000000 15.664062500000 3.250000000000 171 171 171
24.562500000000 15.664062500000 3.217994689941 166 166 166
24.562500000000 15.664062500000 3.183998107910 171 171 171
24.578125000000 15.664062500000 3.151000976563 165 165 165
24.562500000000 15.664062500000 3.117996215820 159 159 159
24.562500000000 15.664062500000 3.083999633789 170 170 170
24.562500000000 15.664062500000 3.052001953125 170 170 170
24.562500000000 15.664062500000 3.018997192383 169 169 169
24.562500000000 15.664062500000 2.985000610352 170 170 170
24.562500000000 15.664062500000 2.951995849609 168 168 168
24.546875000000 15.664062500000 2.918998718262 168 168 168
24.546875000000 15.664062500000 2.886001586914 172 172 172
24.546875000000 15.664062500000 2.851997375488 170 170 170
24.562500000000 15.664062500000 2.817001342773 176 176 176
24.546875000000 15.664062500000 2.783996582031 170 170 170
24.546875000000 15.664062500000 2.750000000000 166 166 166
24.546875000000 15.664062500000 2.715995788574 164 164 164
24.546875000000 15.664062500000 2.683998107910 168 168 168
24.546875000000 15.664062500000 2.647994995117 160 160 160
24.562500000000 15.664062500000 2.613998413086 161 161 161
24.546875000000 15.664062500000 2.581001281738 164 164 164
24.546875000000 15.664062500000 2.545997619629 154 154 154
24.562500000000 15.664062500000 2.509994506836 159 159 159
24.562500000000 15.664062500000 2.475997924805 162 162 162
24.562500000000 15.664062500000 2.443000793457 160 160 160
24.546875000000 15.664062500000 2.408996582031 159 159 159
24.562500000000 15.664062500000 2.372001647949 155 155 155
24.546875000000 15.664062500000 2.340995788574 155 155 155
24.562500000000 15.664062500000 2.303001403809 158 158 158
24.562500000000 15.664062500000 2.267997741699 160 160 160
24.562500000000 15.664062500000 2.235000610352 151 151 151
24.546875000000 15.664062500000 2.199996948242 156 156 156
24.546875000000 15.664062500000 2.168998718262 147 147 147
24.578125000000 15.304687500000 4.576995849609 195 195 195
24.593750000000 15.304687500000 4.544998168945 251 251 251
24.593750000000 15.304687500000 4.509994506836 251 251 251
24.609375000000 15.304687500000 4.477996826172 8 8 8
24.593750000000 15.304687500000 4.443000793457 233 233 233
24.593750000000 15.304687500000 4.407997131348 209 209 209
24.609375000000 15.304687500000 4.375999450684 17 17 17
24.578125000000 15.304687500000 4.338996887207 210 210 210
24.593750000000 15.304687500000 4.237998962402 183 183 183
24.625000000000 15.304687500000 4.208000183105 17 17 17
24.593750000000 15.304687500000 4.170997619629 212 212 212
24.609375000000 15.304687500000 4.138999938965 223 223 223
24.625000000000 15.304687500000 4.105995178223 7 7 7
24.609375000000 15.304687500000 4.070999145508 203 203 203
24.625000000000 15.304687500000 4.039001464844 227 227 227
24.625000000000 15.304687500000 4.005996704102 246 246 246
24.640625000000 15.304687500000 3.972999572754 27 27 27
24.671875000000 15.304687500000 3.500999450684 81 81 81
24.687500000000 15.296875000000 3.466995239258 83 83 83
24.671875000000 15.304687500000 3.433998107910 73 73 73
24.671875000000 15.304687500000 3.400001525879 66 66 66
24.671875000000 15.304687500000 3.365997314453 60 60 60
24.656250000000 15.304687500000 3.333000183105 36 36 36
24.656250000000 15.304687500000 3.298995971680 51 51 51
24.656250000000 15.304687500000 3.264999389648 54 54 54
24.656250000000 15.304687500000 3.230995178223 59 59 59
24.656250000000 16.007812500000 4.660995483398 153 153 153
24.656250000000 16.015625000000 4.620994567871 174 174 174
24.640625000000 16.015625000000 4.580001831055 173 173 173
24.640625000000 16.015625000000 4.540000915527 187 187 187
24.640625000000 16.015625000000 4.500999450684 212 212 212
24.640625000000 16.015625000000 4.460998535156 175 175 175
24.640625000000 16.007812500000 4.422996520996 139 139 139
24.640625000000 16.000000000000 4.186996459961 160 160 160
24.640625000000 16.000000000000 4.146995544434 170 170 170
24.656250000000 15.992187500000 4.108001708984 168 168 168
24.640625000000 15.992187500000 4.069000244141 171 171 171
24.640625000000 15.992187500000 4.029998779297 170 170 170
24.640625000000 15.992187500000 3.989997863770 166 166 166
24.828125000000 15.859375000000 3.467994689941 59 59 59
24.828125000000 15.859375000000 3.427001953125 60 60 60
24.828125000000 15.859375000000 3.387001037598 89 89 89
24.828125000000 15.859375000000 3.346000671387 114 114 114
24.812500000000 15.867187500000 3.306999206543 107 107 107
24.828125000000 15.851562500000 3.264999389648 101 101 101
24.812500000000 15.859375000000 3.225997924805 111 111 111
24.765625000000 15.882812500000 3.188995361328 63 63 63
24.796875000000 15.867187500000 3.145996093750 106 106 106
24.796875000000 15.859375000000 3.103996276855 63 63 63
24.500000000000 15.750000000000 4.924995422363 52 52 52
24.468750000000 15.773437500000 4.879997253418 65 65 65
24.640625000000 15.664062500000 4.872001647949 100 100 100
24.546875000000 15.718750000000 4.817001342773 78 78 78
24.531250000000 15.726562500000 4.775001525879 79 79 79
24.531250000000 15.726562500000 4.736000061035 115 115 115
24.609375000000 15.679687500000 4.708000183105 93 93 93
24.609375000000 15.679687500000 4.668998718262 91 91 91
24.625000000000 15.671875000000 4.629997253418 108 108 108
24.609375000000 15.671875000000 4.590995788574 115 115 115
24.609375000000 15.671875000000 4.550994873047 132 132 132
24.609375000000 15.664062500000 4.512001037598 133 133 133
24.609375000000 15.671875000000 4.472000122070 140 140 140
24.609375000000 15.664062500000 4.433998107910 163 163 163
24.609375000000 15.664062500000 4.393997192383 167 167 167
24.609375000000 15.664062500000 4.354995727539 167 167 167
24.609375000000 15.664062500000 4.316001892090 159 159 159
24.609375000000 15.664062500000 4.277000427246 158 158 158
24.593750000000 15.671875000000 4.236999511719 164 164 164
24.609375000000 15.656250000000 4.198997497559 161 161 161
24.609375000000 15.656250000000 4.159996032715 164 164 164
24.609375000000 15.656250000000 4.120994567871 167 167 167
24.609375000000 15.656250000000 4.082000732422 162 162 162
24.609375000000 15.656250000000 4.042999267578 163 163 163
24.609375000000 15.656250000000 4.003997802734 157 157 157
24.593750000000 15.656250000000 3.964996337891 156 156 156
24.609375000000 15.656250000000 3.925994873047 161 161 161
24.593750000000 15.656250000000 3.887001037598 159 159 159
24.609375000000 15.648437500000 3.847999572754 161 161 161
24.562500000000 15.648437500000 3.188995361328 115 115 115
24.562500000000 15.648437500000 3.150001525879 125 125 125
24.562500000000 15.648437500000 3.111000061035 114 114 114
24.546875000000 15.648437500000 3.072998046875 123 123 123
24.546875000000 15.656250000000 3.033996582031 130 130 130
24.531250000000 15.656250000000 2.995994567871 121 121 121
24.546875000000 15.648437500000 2.956001281738 125 125 125
24.531250000000 15.656250000000 2.918998718262 120 120 120
24.531250000000 15.656250000000 2.879997253418 120 120 120
24.531250000000 15.656250000000 2.840995788574 120 120 120
24.515625000000 15.664062500000 2.803001403809 114 114 114
24.515625000000 15.656250000000 2.763000488281 117 117 117
24.515625000000 15.656250000000 2.722999572754 112 112 112
24.531250000000 15.656250000000 2.681999206543 102 102 102
24.546875000000 15.601562500000 1.729995727539 169 169 169
24.546875000000 15.593750000000 1.465995788574 188 188 188
24.546875000000 15.593750000000 1.422996520996 187 187 187
24.625000000000 15.632812500000 3.809997558594 74 74 74
24.593750000000 15.312500000000 4.564994812012 147 147 147
24.593750000000 15.312500000000 4.526000976563 166 166 166
24.593750000000 15.312500000000 4.486000061035 163 163 163
24.578125000000 15.312500000000 4.445999145508 181 181 181
24.593750000000 15.304687500000 4.408996582031 194 194 194
24.578125000000 15.312500000000 4.368995666504 168 168 168
24.609375000000 15.289062500000 4.213996887207 126 126 126
24.609375000000 15.289062500000 4.174995422363 186 186 186
24.609375000000 15.289062500000 4.136001586914 190 190 190
24.625000000000 15.281250000000 4.097999572754 167 167 167
24.609375000000 15.281250000000 4.058998107910 173 173 173
24.625000000000 15.273437500000 4.019996643066 167 167 167
24.640625000000 15.265625000000 3.980995178223 149 149 149
24.562500000000 14.968750000000 4.536994934082 99 99 99
