11.256885528564 7.926281452179 1.918998718262 142 142 142
11.272457122803 7.927571773529 1.869995117188 157 157 157
12.224909782410 7.975093364716 1.928001403809 178 178 178
12.271624565125 7.978962421417 1.887001037598 158 158 158
12.271624565125 7.978962421417 1.841995239258 156 156 156
12.287196159363 7.980251789093 1.796997070313 146 146 146
12.256052970886 7.977672100067 1.750000000000 159 159 159
12.256052970886 7.977672100067 1.703994750977 161 161 161
11.116740226746 7.914675235748 1.432998657227 47 47 47
12.193766593933 7.972513675690 1.555999755859 36 36 36
11.106519699097 8.227398872375 1.934997558594 150 150 150
11.280387878418 8.210440635681 1.901000976563 151 151 151
11.310241699219 8.228591918945 1.854995727539 169 169 169
12.090115547180 8.277500152588 1.895996093750 181 181 181
12.136830329895 8.281368255615 1.853996276855 155 155 155
12.261404037476 8.291685104370 1.823997497559 158 158 158
12.136830329895 8.281368255615 1.763000488281 146 146 146
11.721746444702 8.560563087463 1.976997375488 21 21 21
11.877463340759 8.573458671570 1.946998596191 162 162 162
11.924178123474 8.577327728271 1.904998779297 186 186 186
12.048751831055 8.587643623352 1.873001098633 137 137 137
12.064323425293 8.588933944702 1.826995849609 127 127 127
11.939749717712 8.578617095947 1.717994689941 128 128 128
11.893034934998 8.574748039246 1.664001464844 165 165 165
11.861891746521 8.572169303894 1.609001159668 147 147 147
11.861891746521 8.572169303894 1.561996459961 144 144 144
11.877463340759 8.573458671570 1.375000000000 136 136 136
11.836099624634 8.883603096008 1.969001770020 88 88 88
11.898386001587 8.888761520386 1.927001953125 190 190 190
12.022960662842 8.899077415466 1.894996643066 153 153 153
12.024250030518 8.883505821228 1.847999572754 159 159 159
12.022960662842 8.899077415466 1.803001403809 156 156 156
12.008678436279 8.882215499878 1.754997253418 145 145 145
11.836099624634 8.883603096008 1.682998657227 148 148 148
11.867242813110 8.886181831360 1.352996826172 153 153 153
11.836099624634 8.883603096008 1.299995422363 139 139 139
11.389872550964 9.160217285156 1.899002075195 154 154 154
11.967314720154 9.192360877991 1.916000366211 152 152 152
11.998457908630 9.194939613342 1.872001647949 145 145 145
11.998457908630 9.194939613342 1.825996398926 142 142 142
11.999747276306 9.179368019104 1.779998779297 145 145 145
11.937460899353 9.174209594727 1.347000122070 231 231 231
11.794736862183 9.193746566772 1.271995544434 204 204 204
11.380941390991 9.457369804382 1.925994873047 131 131 131
11.380941390991 9.457369804382 1.875999450684 213 213 213
11.958384513855 9.489511489868 1.894996643066 215 215 215
11.973956108093 9.490801811218 1.849998474121 220 220 220
11.973956108093 9.490801811218 1.803001403809 224 224 224
11.973956108093 9.490801811218 1.756996154785 153 153 153
11.401865005493 9.772671699524 1.902999877930 203 203 203
11.885877609253 9.797077178955 1.909996032715 239 239 239
11.948163986206 9.802235603333 1.869995117188 225 225 225
11.948163986206 9.802235603333 1.822998046875 225 225 225
11.932592391968 9.800945281982 1.777000427246 211 211 211
11.377362251282 10.068533897400 1.927001953125 131 131 131
11.424077987671 10.072402954102 1.881996154785 208 208 208
11.891228675842 10.111090660095 1.888999938965 223 223 223
11.891228675842 10.111090660095 1.842994689941 227 227 227
11.891228675842 10.111090660095 1.796997070313 219 219 219
11.891228675842 10.111090660095 1.749000549316 27 27 27
11.398285865784 10.383836746216 1.903999328613 181 181 181
11.866726875305 10.406951904297 1.908996582031 215 215 215
11.881008148193 10.423813819885 1.863998413086 225 225 225
11.865436553955 10.422524452209 1.817001342773 223 223 223
11.866726875305 10.406951904297 1.769996643066 175 175 175
11.419209480286 10.699139595032 1.934997558594 92 92 92
11.591787338257 10.697751998901 1.905998229980 224 224 224
11.839645385742 10.733958244324 1.886001586914 220 220 220
11.839645385742 10.733958244324 1.838996887207 222 222 222
11.839645385742 10.733958244324 1.791999816895 218 218 218
11.427139282227 10.982007980347 1.915000915527 191 191 191
11.769716262817 11.010378837585 1.905998229980 224 224 224
11.785288810730 11.011669158936 1.861000061035 223 223 223
11.785288810730 11.011669158936 1.813995361328 224 224 224
11.799571037292 11.028531074524 1.768997192383 122 122 122
11.446773529053 11.312883377075 1.939994812012 69 69 69
11.681638717651 11.316654205322 1.919998168945 214 214 214
11.743925094604 11.321812629700 1.878997802734 219 219 219
11.743925094604 11.321812629700 1.832000732422 224 224 224
11.759497642517 11.323102951050 1.785995483398 194 194 194
11.515701293945 11.616481781006 1.919998168945 193 193 193
11.718132972717 11.633246421814 1.893997192383 222 222 222
11.718132972717 11.633246421814 1.847000122070 222 222 222
11.718132972717 11.633246421814 1.799995422363 214 214 214
11.505480766296 11.929205894470 1.942001342773 45 45 45
11.645626068115 11.940812110901 1.911994934082 217 217 217
11.661197662354 11.942101478577 1.865997314453 221 221 221
11.661197662354 11.942101478577 1.819000244141 222 222 222
11.676769256592 11.943390846252 1.775001525879 97 97 97
11.558837890625 12.231515884399 1.928001403809 185 185 185
11.652267456055 12.239253044128 1.890998840332 223 223 223
11.652267456055 12.239253044128 1.844001770020 223 223 223
11.650978088379 12.254825592041 1.795997619629 200 200 200
11.612193107605 12.533825874329 1.915000915527 208 208 208
11.612193107605 12.533825874329 1.868995666504 220 220 220
11.612193107605 12.533825874329 1.822998046875 218 218 218
11.626475334167 12.550686836243 1.777000427246 69 69 69
11.539687156677 12.841390609741 1.931999206543 98 98 98
11.570830345154 12.843970298767 1.887001037598 214 214 214
11.555258750916 12.842679977417 1.838996887207 212 212 212
11.555258750916 12.842679977417 1.791000366211 170 170 170
11.559320449829 13.172266006470 1.904998779297 205 205 205
11.559320449829 13.172266006470 1.858001708984 216 216 216
11.545038223267 13.155404090881 1.810997009277 208 208 208
11.534817695618 13.468127250671 1.922996520996 178 178 178
11.550389289856 13.469416618347 1.877998352051 216 216 216
11.550389289856 13.469416618347 1.830001831055 216 216 216
11.519246101379 13.466837882996 1.779998779297 51 51 51
11.555742263794 13.783430099487 2.084999084473 150 150 150
11.555742263794 13.783430099487 2.038002014160 172 172 172
11.555742263794 13.783430099487 1.991996765137 154 154 154
11.555742263794 13.783430099487 1.946998596191 147 147 147
11.555742263794 13.783430099487 1.900001525879 188 188 188
11.555742263794 13.783430099487 1.850997924805 196 196 196
11.555742263794 13.783430099487 1.804000854492 181 181 181
11.531239509583 14.079292297363 1.925994873047 158 158 158
11.531239509583 14.079292297363 1.879997253418 216 216 216
11.529950141907 14.094864845276 1.831001281738 216 216 216
11.561093330383 14.097443580627 1.789001464844 52 52 52
11.185571670532 8.030124664307 1.944999694824 77 77 77
11.250437736511 8.004139900208 1.891998291016 114 114 114
11.250437736511 8.004139900208 1.833999633789 131 131 131
11.282870292664 7.991147518158 1.778999328613 130 130 130
11.257078170776 8.302580833435 1.875999450684 111 111 111
11.273940086365 8.288298606873 1.817001342773 112 112 112
11.402381896973 8.251900672913 1.777000427246 129 129 129
11.469826698303 8.194771766663 1.728996276855 118 118 118
11.607489585876 8.425672531128 1.956001281738 115 115 115
11.527052879333 8.450367927551 1.888999938965 154 154 154
12.196441650391 8.129520416260 1.924995422363 137 137 137
12.230164527893 8.100955963135 1.875999450684 144 144 144
12.228874206543 8.116527557373 1.822998046875 149 149 149
12.228874206543 8.116527557373 1.769996643066 154 154 154
12.228874206543 8.116527557373 1.717994689941 147 147 147
11.639922142029 8.412679672241 1.562995910645 101 101 101
11.527052879333 8.450367927551 1.486999511719 98 98 98
11.525762557983 8.465939521790 1.428001403809 114 114 114
11.859313011169 8.603312492371 1.962997436523 117 117 117
11.876173973083 8.589030265808 1.910995483398 150 150 150
12.090211868286 8.465649604797 1.887001037598 109 109 109
12.104494094849 8.482510566711 1.833999633789 99 99 99
11.859313011169 8.603312492371 1.462997436523 128 128 128
11.344447135925 9.140777587891 1.932998657227 22 22 22
11.817949295044 8.913455963135 1.937995910645 133 133 133
11.965831756592 8.831632614136 1.902999877930 123 123 123
11.998265266418 8.818639755249 1.852996826172 124 124 124
11.998265266418 8.818639755249 1.798995971680 117 117 117
11.351088523865 9.439217567444 1.917999267578 129 129 129
11.352377891541 9.423645973206 1.862998962402 182 182 182
11.973762512207 9.114501953125 1.889999389648 102 102 102
11.973762512207 9.114501953125 1.835998535156 104 104 104
11.343446731567 9.720797538757 1.902000427246 186 186 186
11.343446731567 9.720797538757 1.842994689941 188 188 188
11.947971343994 9.425935745239 1.870994567871 211 211 211
11.947971343994 9.425935745239 1.816001892090 210 210 210
11.947971343994 9.425935745239 1.761001586914 179 179 179
11.366949081421 10.004957199097 1.935997009277 58 58 58
11.366949081421 10.004957199097 1.878997802734 192 192 192
11.922179222107 9.737369537354 1.897994995117 208 208 208
11.922179222107 9.737369537354 1.845001220703 209 209 209
11.922179222107 9.737369537354 1.790000915527 210 210 210
11.356728553772 10.317680358887 1.910995483398 170 170 170
11.797798156738 10.103353500366 1.911994934082 213 213 213
11.896387100220 10.048803329468 1.870994567871 210 210 210
11.896387100220 10.048803329468 1.816001892090 209 209 209
11.896387100220 10.048803329468 1.762001037598 160 160 160
11.397092819214 10.587557792664 1.893997192383 194 194 194
11.823879241943 10.356368064880 1.900001525879 208 208 208
11.855023384094 10.358947753906 1.846000671387 207 207 207
11.855023384094 10.358947753906 1.792999267578 204 204 204
11.388162612915 10.884709358215 1.935997009277 66 66 66
11.519184112549 10.817167282104 1.897994995117 205 205 205
11.827941894531 10.685953140259 1.881996154785 208 208 208
11.812370300293 10.684663772583 1.826995849609 211 211 211
11.812370300293 10.684663772583 1.772994995117 172 172 172
11.411664962769 11.168869018555 1.922996520996 150 150 150
11.754144668579 11.009089469910 1.910995483398 216 216 216
11.786579132080 10.996097564697 1.860000610352 212 212 212
11.786579132080 10.996097564697 1.805999755859 209 209 209
11.468890190125 11.424463272095 1.908996582031 180 180 180
11.730932235718 11.289380073547 1.888000488281 209 209 209
11.730932235718 11.289380073547 1.833999633789 210 210 210
11.730932235718 11.289380073547 1.778999328613 171 171 171
11.443098068237 11.735897064209 1.936996459961 28 28 28
11.671418190002 11.629378318787 1.909996032715 189 189 189
11.705141067505 11.600813865662 1.860000610352 212 212 212
11.705141067505 11.600813865662 1.805000305176 208 208 208
11.484750747681 11.990202903748 1.921997070313 170 170 170
11.646916389465 11.925240516663 1.888999938965 209 209 209
11.648205757141 11.909668922424 1.835998535156 208 208 208
11.646916389465 11.925240516663 1.779998779297 150 150 150
11.605552673340 12.235383987427 1.920997619629 187 187 187
11.622413635254 12.221102714539 1.867996215820 209 209 209
11.622413635254 12.221102714539 1.812995910645 209 209 209
11.531756401062 12.558522224426 1.944999694824 50 50 50
11.612193107605 12.533825874329 1.900001525879 206 206 206
11.596621513367 12.532536506653 1.845001220703 205 205 205
11.596621513367 12.532536506653 1.790000915527 158 158 158
11.524115562439 12.840101242065 1.919998168945 153 153 153
11.539687156677 12.841390609741 1.865997314453 192 192 192
11.539687156677 12.841390609741 1.811996459961 188 188 188
11.513895034790 13.152824401855 1.945999145508 14 14 14
11.545038223267 13.155404090881 1.894996643066 198 198 198
11.545038223267 13.155404090881 1.839996337891 209 209 209
11.529466629028 13.154113769531 1.784996032715 87 87 87
11.506254196167 13.434404373169 1.923995971680 143 143 143
11.506254196167 13.434404373169 1.869995117188 209 209 209
11.506254196167 13.434404373169 1.816001892090 200 200 200
11.511605262756 13.748417854309 2.066001892090 128 128 128
11.511605262756 13.748417854309 2.011001586914 141 141 141
11.527176856995 13.749707221985 1.958000183105 143 143 143
11.527176856995 13.749707221985 1.903999328613 179 179 179
11.511605262756 13.748417854309 1.848999023438 196 196 196
11.511605262756 13.748417854309 1.792999267578 143 143 143
11.503964424133 14.029997825623 1.930000305176 148 148 148
11.503964424133 14.029997825623 1.876998901367 206 206 206
11.503964424133 14.029997825623 1.822998046875 200 200 200
12.284712791443 8.199544906616 1.865997314453 147 147 147
12.284712791443 8.199544906616 1.916999816895 127 127 127
12.125224113464 8.421512603760 1.711997985840 236 236 236
12.155078887939 8.439664840698 1.821998596191 129 129 129
11.981307029724 8.644772529602 1.279998779297 157 157 157
11.952742576599 8.611049652100 1.379997253418 152 152 152
11.877463340759 8.573458671570 1.638000488281 131 131 131
12.025443077087 8.679783821106 1.720001220703 144 144 144
12.085149765015 8.716085433960 1.837997436523 125 125 125
12.054006576538 8.713506698608 1.887001037598 117 117 117
11.937170982361 8.609760284424 1.919998168945 147 147 147
11.877463340759 8.573458671570 1.965995788574 131 131 131
11.536079406738 8.341364860535 1.973999023438 156 156 156
12.060647964478 9.011947631836 1.590995788574 165 165 165
12.015222549438 8.992506980896 1.638000488281 170 170 170
12.046365737915 8.995086669922 1.854995727539 109 109 109
11.985368728638 8.974356651306 1.900001525879 151 151 151
11.897096633911 8.904333114624 1.938995361328 147 147 147
11.717974662781 8.795427322388 1.969001770020 27 27 27
11.664908409119 9.057566642761 1.209999084473 187 187 187
11.738897323608 9.110730171204 1.280998229980 190 190 190
11.753179550171 9.127591133118 1.339996337891 185 185 185
11.677900314331 9.090000152588 1.379997253418 208 208 208
11.664908409119 9.057566642761 1.431999206543 220 220 220
11.619482040405 9.038126945496 1.480995178223 1 1 1
11.693471908569 9.091289520264 1.549995422363 6 6 6
11.693471908569 9.091289520264 1.606994628906 52 52 52
11.605199813843 9.021265029907 1.646995544434 53 53 53
12.005002021790 9.305231094360 1.771995544434 213 213 213
12.020573616028 9.306520462036 1.825996398926 216 216 216
12.020573616028 9.306520462036 1.878997802734 216 216 216
11.396224021912 8.894208908081 1.899002075195 115 115 115
11.802667617798 9.476615905762 1.714996337891 50 50 50
11.963639259338 9.615374565125 1.798995971680 222 222 222
11.994782447815 9.617954254150 1.852996826172 224 224 224
11.963639259338 9.615374565125 1.905998229980 195 195 195
11.415857315063 9.225083351135 1.875000000000 110 110 110
11.327586174011 9.155058860779 1.921997070313 121 121 121
11.968990325928 9.929388046265 1.772994995117 205 205 205
11.954708099365 9.912527084351 1.824996948242 224 224 224
11.954708099365 9.912527084351 1.878997802734 222 222 222
11.375782966614 9.519656181335 1.847999572754 194 194 194
11.405636787415 9.537806510925 1.907997131348 175 175 175
11.928916931152 10.223960876465 1.793998718262 226 226 226
11.914634704590 10.207098960876 1.846000671387 223 223 223
11.928916931152 10.223960876465 1.900001525879 221 221 221
11.408410072327 9.882962226868 1.878997802734 199 199 199
11.408410072327 9.882962226868 1.936996459961 46 46 46
11.873270988464 10.517243385315 1.758995056152 128 128 128
11.873270988464 10.517243385315 1.811996459961 224 224 224
11.857699394226 10.515954017639 1.863998413086 230 230 230
11.829134941101 10.482232093811 1.911994934082 249 249 249
11.411182403564 10.228119850159 1.907997131348 174 174 174
11.831907272339 10.827387809753 1.783996582031 210 210 210
11.831907272339 10.827387809753 1.835998535156 224 224 224
11.831907272339 10.827387809753 1.889999389648 223 223 223
11.432105064392 10.543422698975 1.886001586914 197 197 197
11.432105064392 10.543422698975 1.939994812012 11 11 11
11.808694839478 11.107678413391 1.758995056152 125 125 125
11.808694839478 11.107678413391 1.813995361328 224 224 224
11.808694839478 11.107678413391 1.867996215820 224 224 224
11.733415603638 11.070087432861 1.913002014160 219 219 219
11.453027725220 10.858724594116 1.923995971680 134 134 134
11.753049850464 11.400961875916 1.791999816895 216 216 216
11.754339218140 11.385390281677 1.845001220703 222 222 222
11.753049850464 11.400961875916 1.899002075195 227 227 227
11.471372604370 11.205170631409 1.909996032715 167 167 167
11.712974548340 11.695533752441 1.758995056152 11 11 11
11.728547096252 11.696824073792 1.814994812012 226 226 226
11.728547096252 11.696824073792 1.868995666504 222 222 222
11.698692321777 11.678672790527 1.916999816895 207 207 207
11.489716529846 11.551616668701 1.942001342773 41 41 41
11.687182426453 12.006967544556 1.775001525879 127 127 127
11.687182426453 12.006967544556 1.828994750977 221 221 221
11.687182426453 12.006967544556 1.883995056152 222 222 222
11.614482879639 11.938232421875 1.925994873047 199 199 199
11.645819664001 12.317111968994 1.796997070313 208 208 208
11.661391258240 12.318401336670 1.851997375488 221 221 221
11.645819664001 12.317111968994 1.904998779297 217 217 217
11.527694702148 12.228936195374 1.938995361328 57 57 57
11.621316909790 12.612974166870 1.775001525879 148 148 148
11.651171684265 12.631125450134 1.830001831055 219 219 219
11.651171684265 12.631125450134 1.885002136230 216 216 216
11.607034683228 12.596113204956 1.934997558594 107 107 107
11.582532882690 12.891975402832 1.806999206543 209 209 209
11.581243515015 12.907546997070 1.861000061035 219 219 219
11.581243515015 12.907546997070 1.916000366211 166 166 166
11.555451393127 13.218980789185 1.780998229980 82 82 82
11.555451393127 13.218980789185 1.836997985840 213 213 213
11.555451393127 13.218980789185 1.889999389648 203 203 203
11.555451393127 13.218980789185 1.944000244141 55 55 55
11.576375007629 13.534283638000 1.802001953125 181 181 181
11.576375007629 13.534283638000 1.856994628906 216 216 216
11.576375007629 13.534283638000 1.909996032715 192 192 192
11.566155433655 13.847006797791 1.826995849609 215 215 215
11.566155433655 13.847006797791 1.879997253418 219 219 219
11.550583839417 13.845717430115 1.931999206543 136 136 136
11.549293518066 13.861289024353 1.986000061035 126 126 126
11.549293518066 13.861289024353 2.040000915527 123 123 123
11.490875244141 13.809415817261 2.085998535156 23 23 23
11.537783622742 14.189583778381 1.804000854492 149 149 149
11.537783622742 14.189583778381 1.859001159668 161 161 161
11.537783622742 14.189583778381 1.911994934082 119 119 119
11.537687301636 14.001434326172 1.791000366211 215 215 215
11.537687301636 14.001434326172 1.818000793457 223 223 223
11.537687301636 14.001434326172 1.847000122070 223 223 223
11.537687301636 14.001434326172 1.875000000000 221 221 221
11.537687301636 14.001434326172 1.902999877930 200 200 200
11.544037818909 13.735424995422 1.778999328613 144 144 144
11.544037818909 13.735424995422 1.806999206543 220 220 220
11.544037818909 13.735424995422 1.835998535156 220 220 220
11.544037818909 13.735424995422 1.862998962402 223 223 223
11.544037818909 13.735424995422 1.891998291016 199 199 199
11.544037818909 13.735424995422 1.920997619629 109 109 109
11.558320999146 13.752286911011 1.952995300293 116 116 116
11.558320999146 13.752286911011 1.978996276855 111 111 111
11.544037818909 13.735424995422 2.003997802734 115 115 115
11.534817695618 13.468127250671 1.791000366211 217 217 217
11.534817695618 13.468127250671 1.817001342773 220 220 220
11.534817695618 13.468127250671 1.845001220703 224 224 224
11.534817695618 13.468127250671 1.875999450684 214 214 214
11.534817695618 13.468127250671 1.903999328613 197 197 197
11.539879798889 13.217691421509 1.777999877930 172 172 172
11.539879798889 13.217691421509 1.805999755859 221 221 221
11.541169166565 13.202119827271 1.832000732422 222 222 222
11.541169166565 13.202119827271 1.860000610352 225 225 225
11.539879798889 13.217691421509 1.889999389648 202 202 202
11.539879798889 13.217691421509 1.918998718262 111 111 111
11.563092231750 12.937400817871 1.768997192383 94 94 94
11.547520637512 12.936110496521 1.794998168945 219 219 219
11.547520637512 12.936110496521 1.821998596191 221 221 221
11.547520637512 12.936110496521 1.849998474121 222 222 222
11.547520637512 12.936110496521 1.877998352051 222 222 222
11.531949043274 12.934821128845 1.904998779297 165 165 165
11.614869117737 12.690832138062 1.774002075195 195 195 195
11.614869117737 12.690832138062 1.804000854492 217 217 217
11.599297523499 12.689542770386 1.830001831055 225 225 225
11.614869117737 12.690832138062 1.860000610352 213 213 213
11.614869117737 12.690832138062 1.888000488281 225 225 225
11.599297523499 12.689542770386 1.909996032715 197 197 197
11.511026382446 12.619518280029 1.914001464844 162 162 162
11.621220588684 12.424824714661 1.770996093750 170 170 170
11.621220588684 12.424824714661 1.797996520996 216 216 216
11.621220588684 12.424824714661 1.825996398926 228 228 228
11.621220588684 12.424824714661 1.853996276855 228 228 228
11.621220588684 12.424824714661 1.880996704102 216 216 216
11.606938362122 12.407963752747 1.905998229980 207 207 207
11.531660079956 12.370370864868 1.907997131348 174 174 174
11.627572059631 12.158816337585 1.758995056152 95 95 95
11.627572059631 12.158816337585 1.789001464844 228 228 228
11.627572059631 12.158816337585 1.816001892090 231 231 231
11.627572059631 12.158816337585 1.842994689941 226 226 226
11.627572059631 12.158816337585 1.873001098633 228 228 228
11.627572059631 12.158816337585 1.900001525879 218 218 218
11.492585182190 12.084923744202 1.881996154785 203 203 203
11.492585182190 12.084923744202 1.909996032715 193 193 193
11.663777351379 11.910958290100 1.780998229980 225 225 225
11.663777351379 11.910958290100 1.806999206543 231 231 231
11.663777351379 11.910958290100 1.833999633789 232 232 232
11.663777351379 11.910958290100 1.862998962402 228 228 228
11.663777351379 11.910958290100 1.890998840332 228 228 228
11.484654426575 11.802053451538 1.862998962402 221 221 221
11.469082832336 11.800764083862 1.888000488281 195 195 195
11.469082832336 11.800764083862 1.915000915527 121 121 121
11.699982643127 11.663101196289 1.774002075195 223 223 223
11.699982643127 11.663101196289 1.802001953125 230 230 230
11.699982643127 11.663101196289 1.832000732422 227 227 227
11.699982643127 11.663101196289 1.854995727539 229 229 229
11.699982643127 11.663101196289 1.882995605469 226 226 226
11.550713539124 11.572346687317 1.863998413086 221 221 221
11.461152076721 11.517893791199 1.865997314453 209 209 209
11.461152076721 11.517893791199 1.895996093750 211 211 211
11.751759529114 11.416533470154 1.775001525879 228 228 228
11.751759529114 11.416533470154 1.804000854492 226 226 226
11.751759529114 11.416533470154 1.828994750977 230 230 230
11.720615386963 11.413953781128 1.853996276855 232 232 232
11.736186981201 11.415243148804 1.882995605469 230 230 230
11.557065010071 11.306338310242 1.855995178223 221 221 221
11.453222274780 11.235024452209 1.848999023438 219 219 219
11.453222274780 11.235024452209 1.878997802734 192 192 192
11.422078132629 11.232444763184 1.905998229980 175 175 175
11.759400367737 11.134952545166 1.748001098633 115 115 115
11.773682594299 11.151814460754 1.777000427246 229 229 229
11.759400367737 11.134952545166 1.802001953125 235 235 235
11.773682594299 11.151814460754 1.831001281738 231 231 231
11.773682594299 11.151814460754 1.858001708984 228 228 228
11.773682594299 11.151814460754 1.885002136230 230 230 230
11.459572792053 10.969016075134 1.817001342773 219 219 219
11.415436744690 10.934003829956 1.832000732422 223 223 223
11.415436744690 10.934003829956 1.861000061035 201 201 201
11.414147377014 10.949575424194 1.891998291016 214 214 214
11.794316291809 10.902667999268 1.751998901367 144 144 144
11.794316291809 10.902667999268 1.775001525879 231 231 231
11.794316291809 10.902667999268 1.803001403809 232 232 232
11.794316291809 10.902667999268 1.831001281738 231 231 231
11.794316291809 10.902667999268 1.856994628906 229 229 229
11.794316291809 10.902667999268 1.883995056152 226 226 226
11.437359809875 10.669284820557 1.796997070313 218 218 218
11.390645027161 10.665415763855 1.816001892090 225 225 225
11.407505989075 10.651133537292 1.846000671387 208 208 208
11.406216621399 10.666705131531 1.875999450684 217 217 217
11.390645027161 10.665415763855 1.902000427246 186 186 186
11.830521583557 10.654809951782 1.741996765137 116 116 116
11.830521583557 10.654809951782 1.771995544434 228 228 228
11.830521583557 10.654809951782 1.797996520996 229 229 229
11.830521583557 10.654809951782 1.826995849609 229 229 229
11.830521583557 10.654809951782 1.851997375488 235 235 235
11.844803810120 10.671670913696 1.881996154785 224 224 224
11.787674903870 10.604226112366 1.888999938965 229 229 229
11.442421913147 10.418848991394 1.809997558594 179 179 179
11.442421913147 10.418848991394 1.839996337891 160 160 160
11.398285865784 10.383836746216 1.854995727539 167 167 167
11.398285865784 10.383836746216 1.886001586914 193 193 193
11.398285865784 10.383836746216 1.916000366211 112 112 112
11.868016242981 10.391380310059 1.766998291016 223 223 223
11.868016242981 10.391380310059 1.793998718262 229 229 229
11.868016242981 10.391380310059 1.820999145508 228 228 228
11.868016242981 10.391380310059 1.847999572754 229 229 229
11.866726875305 10.406951904297 1.872001647949 234 234 234
11.866726875305 10.406951904297 1.897994995117 219 219 219
11.389065742493 10.116538047791 1.777000427246 213 213 213
11.390356063843 10.100966453552 1.804000854492 223 223 223
11.389065742493 10.116538047791 1.835998535156 223 223 223
11.390356063843 10.100966453552 1.863998413086 208 208 208
11.389065742493 10.116538047791 1.895996093750 210 210 210
11.888649940491 10.142233848572 1.761001586914 225 225 225
11.888649940491 10.142233848572 1.784996032715 231 231 231
11.888649940491 10.142233848572 1.811996459961 231 231 231
11.888649940491 10.142233848572 1.837997436523 234 234 234
11.888649940491 10.142233848572 1.865997314453 233 233 233
11.888649940491 10.142233848572 1.891998291016 219 219 219
11.379844665527 9.849240303040 1.755996704102 188 188 188
11.379844665527 9.849240303040 1.783996582031 220 220 220
11.379844665527 9.849240303040 1.813995361328 224 224 224
11.379844665527 9.849240303040 1.844001770020 208 208 208
11.379844665527 9.849240303040 1.874000549316 213 213 213
11.381134986877 9.833668708801 1.901000976563 186 186 186
11.924854278564 9.894375801086 1.758995056152 221 221 221
11.924854278564 9.894375801086 1.784996032715 226 226 226
11.924854278564 9.894375801086 1.810997009277 229 229 229
11.909282684326 9.893086433411 1.835998535156 232 232 232
11.909282684326 9.893086433411 1.860000610352 233 233 233
11.924854278564 9.894375801086 1.888999938965 217 217 217
11.371914863586 9.566370964050 1.767997741699 210 210 210
11.371914863586 9.566370964050 1.796997070313 222 222 222
11.371914863586 9.566370964050 1.825996398926 226 226 226
11.371914863586 9.566370964050 1.855995178223 208 208 208
11.371914863586 9.566370964050 1.886001586914 211 211 211
11.931205749512 9.628367424011 1.754997253418 226 226 226
11.945487976074 9.645228385925 1.782997131348 230 230 230
11.945487976074 9.645228385925 1.808998107910 230 230 230
11.945487976074 9.645228385925 1.833999633789 230 230 230
11.945487976074 9.645228385925 1.863998413086 226 226 226
11.945487976074 9.645228385925 1.888000488281 218 218 218
11.363984107971 9.283500671387 1.754997253418 149 149 149
11.363984107971 9.283500671387 1.785995483398 149 149 149
11.363984107971 9.283500671387 1.816001892090 152 152 152
11.395127296448 9.286080360413 1.848999023438 151 151 151
11.363984107971 9.283500671387 1.876998901367 145 145 145
11.363984107971 9.283500671387 1.904998779297 150 150 150
11.596172332764 9.130266189575 1.250000000000 230 230 230
11.519604682922 9.108246803284 1.285995483398 224 224 224
11.729869842529 9.219731330872 1.431999206543 172 172 172
11.700016975403 9.201581001282 1.443000793457 196 196 196
11.700016975403 9.201581001282 1.472999572754 185 185 185
11.624737739563 9.163990020752 1.480995178223 194 194 194
11.519604682922 9.108246803284 1.466995239258 238 238 238
11.594882965088 9.145837783813 1.525001525879 169 169 169
11.550747871399 9.110826492310 1.541000366211 194 194 194
11.565029144287 9.127687454224 1.572998046875 251 251 251
11.968700408936 9.364938735962 1.753997802734 225 225 225
11.968700408936 9.364938735962 1.777999877930 229 229 229
11.967411041260 9.380510330200 1.806999206543 223 223 223
11.968700408936 9.364938735962 1.828994750977 234 234 234
11.968700408936 9.364938735962 1.854995727539 227 227 227
11.967411041260 9.380510330200 1.885002136230 222 222 222
11.774006843567 9.254743576050 1.839996337891 6 6 6
11.341771125793 8.983769416809 1.731994628906 205 205 205
11.387196540833 9.003211021423 1.772994995117 149 149 149
11.371624946594 9.001921653748 1.800994873047 156 156 156
11.387196540833 9.003211021423 1.832000732422 155 155 155
11.387196540833 9.003211021423 1.861999511719 150 150 150
11.371624946594 9.001921653748 1.888999938965 159 159 159
11.780357360840 8.988735198975 1.202995300293 195 195 195
11.825783729553 9.008175849915 1.252998352051 200 200 200
11.825783729553 9.008175849915 1.286994934082 184 184 184
11.885490417480 9.044478416443 1.334999084473 183 183 183
11.824493408203 9.023747444153 1.348999023438 181 181 181
11.810212135315 9.006885528564 1.364997863770 152 152 152
11.794640541077 9.005596160889 1.388999938965 149 149 149
11.794640541077 9.005596160889 1.413002014160 151 151 151
11.766075134277 8.971874237061 1.434997558594 146 146 146
11.766075134277 8.971874237061 1.461997985840 144 144 144
11.750503540039 8.970583915710 1.486999511719 143 143 143
11.766075134277 8.971874237061 1.516998291016 143 143 143
11.766075134277 8.971874237061 1.545997619629 142 142 142
11.764785766602 8.987445831299 1.572998046875 146 146 146
11.766075134277 8.971874237061 1.603996276855 159 159 159
11.854347229004 9.041898727417 1.667999267578 177 177 177
12.004905700684 9.117081642151 1.742996215820 148 148 148
12.004905700684 9.117081642151 1.771995544434 144 144 144
12.004905700684 9.117081642151 1.797996520996 152 152 152
12.004905700684 9.117081642151 1.821998596191 145 145 145
12.020477294922 9.118371009827 1.849998474121 139 139 139
12.004905700684 9.117081642151 1.874000549316 145 145 145
12.004905700684 9.117081642151 1.901000976563 145 145 145
11.734931945801 8.969294548035 1.841995239258 138 138 138
11.734931945801 8.969294548035 1.869995117188 144 144 144
11.734931945801 8.969294548035 1.899002075195 148 148 148
11.734931945801 8.969294548035 1.920997619629 157 157 157
11.706368446350 8.935572624207 1.936996459961 156 156 156
11.646660804749 8.899271011353 1.949996948242 142 142 142
11.586952209473 8.862969398499 1.959999084473 117 117 117
12.055393218994 8.886084556580 1.297996520996 206 206 206
11.981403350830 8.832921981812 1.282997131348 189 189 189
11.995685577393 8.849782943726 1.316001892090 185 185 185
12.009967803955 8.866643905640 1.351997375488 181 181 181
12.041110992432 8.869223594666 1.389999389648 186 186 186
11.981403350830 8.832921981812 1.395996093750 201 201 201
12.009967803955 8.866643905640 1.436996459961 205 205 205
12.009967803955 8.866643905640 1.462997436523 208 208 208
11.965831756592 8.831632614136 1.472999572754 204 204 204
11.965831756592 8.831632614136 1.488998413086 200 200 200
11.890552520752 8.794040679932 1.490997314453 191 191 191
11.890552520752 8.794040679932 1.517997741699 201 201 201
11.890552520752 8.794040679932 1.546997070313 186 186 186
11.890552520752 8.794040679932 1.571998596191 183 183 183
11.890552520752 8.794040679932 1.598999023438 184 184 184
11.906124114990 8.795331001282 1.630996704102 171 171 171
11.921695709229 8.796620368958 1.666000366211 164 164 164
12.009967803955 8.866643905640 1.729995727539 155 155 155
12.009967803955 8.866643905640 1.755996704102 161 161 161
12.025539398193 8.867934226990 1.783996582031 161 161 161
12.025539398193 8.867934226990 1.810997009277 162 162 162
12.025539398193 8.867934226990 1.834999084473 163 163 163
12.009967803955 8.866643905640 1.859001159668 160 160 160
12.025539398193 8.867934226990 1.885002136230 159 159 159
11.950259208679 8.830342292786 1.885002136230 168 168 168
11.906124114990 8.795331001282 1.897994995117 182 182 182
11.874980926514 8.792751312256 1.920997619629 185 185 185
11.874980926514 8.792751312256 1.942001342773 181 181 181
11.846416473389 8.759029388428 1.958000183105 135 135 135
11.727001190186 8.686425209045 1.953994750977 140 140 140
11.667294502258 8.650123596191 1.959999084473 126 126 126
11.547879219055 8.577520370483 1.953994750977 128 128 128
11.778778076172 8.439857482910 1.180999755859 210 210 210
12.105879783630 8.655088424683 1.511001586914 166 166 166
12.077316284180 8.621366500854 1.522994995117 165 165 165
11.986465454102 8.582486152649 1.513999938965 204 204 204
11.911186218262 8.544893264771 1.511001586914 225 225 225
11.956610679626 8.564333915710 1.555000305176 188 188 188
11.121994972229 8.040538787842 1.233001708984 178 178 178
11.599655151367 8.330951690674 1.460998535156 223 223 223
11.568511962891 8.328372955322 1.479995727539 191 191 191
11.970892906189 8.581195831299 1.666999816895 221 221 221
12.061744689941 8.620077133179 1.731994628906 173 173 173
12.061744689941 8.620077133179 1.756996154785 176 176 176
12.061744689941 8.620077133179 1.782997131348 178 178 178
12.061744689941 8.620077133179 1.807998657227 177 177 177
12.061744689941 8.620077133179 1.833000183105 178 178 178
12.061744689941 8.620077133179 1.859001159668 178 178 178
12.076026916504 8.636938095093 1.887001037598 166 166 166
11.241410255432 8.113142013550 1.693000793457 169 169 169
11.285546302795 8.148154258728 1.741996765137 148 148 148
11.359535217285 8.201316833496 1.795997619629 152 152 152
11.628219604492 8.364674568176 1.904998779297 183 183 183
11.613937377930 8.347813606262 1.925994873047 164 164 164
11.389389991760 8.219468116760 1.894996643066 160 160 160
11.269974708557 8.146863937378 1.890998840332 148 148 148
11.255692481995 8.130002975464 1.913002014160 171 171 171
12.097949981689 8.372219085693 1.388000488281 5 5 5
11.934398651123 8.264603614807 1.335998535156 0 0 0
12.038242340088 8.335917472839 1.433998107910 190 190 190
12.008388519287 8.317767143250 1.456001281738 183 183 183
11.978533744812 8.299615859985 1.471000671387 209 209 209
11.651432037354 8.084384918213 1.344001770020 208 208 208
11.651432037354 8.084384918213 1.407997131348 171 171 171
11.651432037354 8.084384918213 1.442001342773 151 151 151
12.113521575928 8.373508453369 1.657997131348 173 173 173
11.576153755188 8.046792984009 1.467994689941 216 216 216
12.143374443054 8.391659736633 1.720001220703 156 156 156
12.143374443054 8.391659736633 1.743995666504 161 161 161
12.143374443054 8.391659736633 1.766998291016 161 161 161
12.143374443054 8.391659736633 1.792999267578 159 159 159
12.143374443054 8.391659736633 1.818000793457 158 158 158
12.143374443054 8.391659736633 1.842994689941 165 165 165
12.142085075378 8.407231330872 1.873001098633 157 157 157
11.352894783020 7.902876377106 1.653999328613 11 11 11
12.135444641113 8.108789443970 1.446998596191 130 130 130
11.912185668945 7.964872837067 1.446998596191 237 237 237
12.090019226074 8.089348793030 1.555000305176 195 195 195
12.075736999512 8.072487831116 1.578994750977 204 204 204
12.239288330078 8.180104255676 1.675994873047 171 171 171
12.239288330078 8.180104255676 1.703994750977 180 180 180
12.269141197205 8.198254585266 1.729995727539 179 179 179
12.269141197205 8.198254585266 1.754997253418 181 181 181
12.269141197205 8.198254585266 1.781997680664 174 174 174
12.269141197205 8.198254585266 1.805000305176 181 181 181
12.269141197205 8.198254585266 1.828994750977 178 178 178
12.269141197205 8.198254585266 1.852996826172 180 180 180
12.239288330078 8.180104255676 1.875000000000 182 182 182
12.239288330078 8.180104255676 1.899002075195 170 170 170
12.209434509277 8.161952972412 1.913002014160 139 139 139
11.524694442749 13.969000816345 1.917999267578 79 79 79
11.524694442749 13.969000816345 1.891998291016 231 231 231
11.524694442749 13.969000816345 1.870994567871 225 225 225
11.524694442749 13.969000816345 1.847000122070 226 226 226
11.524694442749 13.969000816345 1.820999145508 227 227 227
11.524694442749 13.969000816345 1.795997619629 220 220 220
11.532335281372 13.687420845032 1.911994934082 128 128 128
11.547906875610 13.688710212708 1.892997741699 200 200 200
11.532335281372 13.687420845032 1.864997863770 231 231 231
11.532335281372 13.687420845032 1.841995239258 226 226 226
11.532335281372 13.687420845032 1.819000244141 226 226 226
11.532335281372 13.687420845032 1.792999267578 222 222 222
11.554258346558 13.422701835632 1.910995483398 186 186 186
11.554258346558 13.422701835632 1.886001586914 203 203 203
11.523115158081 13.420123100281 1.861000061035 228 228 228
11.523115158081 13.420123100281 1.835998535156 226 226 226
11.523115158081 13.420123100281 1.811996459961 223 223 223
11.524404525757 13.404551506042 1.789001464844 212 212 212
11.545038223267 13.155404090881 1.921997070313 78 78 78
11.560609817505 13.156693458557 1.901000976563 198 198 198
11.545038223267 13.155404090881 1.874000549316 224 224 224
11.529466629028 13.154113769531 1.847999572754 230 230 230
11.545038223267 13.155404090881 1.824996948242 222 222 222
11.545038223267 13.155404090881 1.800994873047 225 225 225
11.576181411743 13.157982826233 1.783996582031 159 159 159
11.552679061890 12.873824119568 1.908996582031 189 189 189
11.552679061890 12.873824119568 1.882995605469 223 223 223
11.537107467651 12.872534751892 1.856994628906 230 230 230
11.552679061890 12.873824119568 1.834999084473 223 223 223
11.552679061890 12.873824119568 1.808998107910 224 224 224
11.552679061890 12.873824119568 1.785995483398 201 201 201
11.495454788208 12.618228912354 1.921997070313 90 90 90
11.557741165161 12.623387336731 1.915000915527 174 174 174
11.605745315552 12.611684799194 1.903999328613 223 223 223
11.605745315552 12.611684799194 1.879997253418 229 229 229
11.605745315552 12.611684799194 1.854995727539 232 232 232
11.605745315552 12.611684799194 1.831001281738 232 232 232
11.605745315552 12.611684799194 1.807998657227 226 226 226
11.605745315552 12.611684799194 1.784996032715 212 212 212
11.487523078918 12.335359573364 1.913002014160 168 168 168
11.518667221069 12.337938308716 1.895996093750 207 207 207
11.612096786499 12.345676422119 1.896995544434 231 231 231
11.612096786499 12.345676422119 1.873001098633 230 230 230
11.612096786499 12.345676422119 1.847999572754 231 231 231
11.627668380737 12.346965789795 1.826995849609 224 224 224
11.612096786499 12.345676422119 1.802001953125 226 226 226
11.643239974976 12.348255157471 1.781997680664 203 203 203
11.478302955627 12.068060874939 1.903999328613 212 212 212
11.526307106018 12.056358337402 1.887001037598 206 206 206
11.650880813599 12.066675186157 1.897994995117 228 228 228
11.650880813599 12.066675186157 1.870994567871 232 232 232
11.650880813599 12.066675186157 1.847999572754 233 233 233
11.650880813599 12.066675186157 1.825996398926 229 229 229
11.650880813599 12.066675186157 1.802001953125 226 226 226
11.650880813599 12.066675186157 1.777000427246 218 218 218
11.469082832336 11.800764083862 1.915000915527 163 163 163
11.469082832336 11.800764083862 1.892997741699 195 195 195
11.517086982727 11.789061546326 1.877998352051 225 225 225
11.674094200134 11.786384582520 1.892997741699 228 228 228
11.674094200134 11.786384582520 1.870994567871 228 228 228
11.689665794373 11.787673950195 1.848999023438 226 226 226
11.674094200134 11.786384582520 1.823997497559 225 225 225
11.689665794373 11.787673950195 1.803001403809 227 227 227
11.674094200134 11.786384582520 1.776000976563 223 223 223
11.445580482483 11.516604423523 1.920997619629 94 94 94
11.445580482483 11.516604423523 1.897994995117 212 212 212
11.444291114807 11.532176017761 1.870994567871 214 214 214
11.648012161255 11.533369064331 1.893997192383 231 231 231
11.710298538208 11.538527488708 1.885002136230 239 239 239
11.711588859558 11.522955894470 1.864997863770 227 227 227
11.710298538208 11.538527488708 1.838996887207 228 228 228
11.711588859558 11.522955894470 1.816001892090 226 226 226
11.711588859558 11.522955894470 1.792999267578 230 230 230
11.725870132446 11.539816856384 1.772994995117 200 200 200
11.403926849365 11.262298583984 1.915000915527 78 78 78
11.450642585754 11.266167640686 1.899002075195 213 213 213
11.435070037842 11.264878273010 1.873001098633 212 212 212
11.450642585754 11.266167640686 1.848999023438 232 232 232
11.733511924744 11.258236885071 1.897994995117 231 231 231
11.749083518982 11.259526252747 1.878997802734 225 225 225
11.749083518982 11.259526252747 1.853996276855 232 232 232
11.749083518982 11.259526252747 1.830001831055 229 229 229
11.749083518982 11.259526252747 1.806999206543 232 232 232
11.749083518982 11.259526252747 1.783996582031 231 231 231
11.764656066895 11.260816574097 1.764999389648 161 161 161
11.427139282227 10.982007980347 1.902000427246 213 213 213
11.410278320313 10.996291160583 1.875999450684 222 222 222
11.410278320313 10.996291160583 1.849998474121 219 219 219
11.504998207092 10.988455772400 1.850997924805 246 246 246
11.785288810730 11.011669158936 1.891998291016 230 230 230
11.800860404968 11.012958526611 1.872001647949 226 226 226
11.785288810730 11.011669158936 1.844001770020 227 227 227
11.786579132080 10.996097564697 1.823997497559 225 225 225
11.785288810730 11.011669158936 1.799995422363 225 225 225
11.785288810730 11.011669158936 1.777000427246 222 222 222
11.802150726318 10.997386932373 1.761001586914 97 97 97
11.401058197021 10.728992462158 1.907997131348 184 184 184
11.401058197021 10.728992462158 1.881996154785 219 219 219
11.416629791260 10.730282783508 1.861000061035 204 204 204
11.416629791260 10.730282783508 1.833999633789 229 229 229
11.543783187866 10.709456443787 1.842994689941 3 3 3
11.824073791504 10.732668876648 1.888999938965 224 224 224
11.824073791504 10.732668876648 1.865997314453 227 227 227
11.824073791504 10.732668876648 1.844001770020 228 228 228
11.824073791504 10.732668876648 1.820999145508 229 229 229
11.824073791504 10.732668876648 1.797996520996 225 225 225
11.808502197266 10.731379508972 1.772994995117 232 232 232
11.839645385742 10.733958244324 1.756996154785 135 135 135
11.361984252930 10.443543434143 1.916999816895 34 34 34
11.393127441406 10.446123123169 1.895996093750 217 217 217
11.408699035645 10.447412490845 1.875000000000 176 176 176
11.408699035645 10.447412490845 1.848999023438 172 172 172
11.408699035645 10.447412490845 1.823997497559 181 181 181
11.738284111023 10.443350791931 1.880996704102 205 205 205
11.847286224365 10.452378273010 1.888000488281 231 231 231
11.862857818604 10.453667640686 1.869995117188 221 221 221
11.862857818604 10.453667640686 1.845001220703 226 226 226
11.862857818604 10.453667640686 1.821998596191 230 230 230
11.847286224365 10.452378273010 1.796997070313 232 232 232
11.847286224365 10.452378273010 1.775001525879 224 224 224
11.878429412842 10.454957008362 1.758995056152 172 172 172
11.400769233704 10.164543151855 1.908996582031 196 196 196
11.400769233704 10.164543151855 1.885002136230 186 186 186
11.385197639465 10.163252830505 1.856994628906 229 229 229
11.385197639465 10.163252830505 1.831001281738 231 231 231
11.385197639465 10.163252830505 1.806999206543 225 225 225
11.713492393494 10.174762725830 1.865997314453 1 1 1
11.886070251465 10.173377037048 1.886001586914 225 225 225
11.886070251465 10.173377037048 1.864997863770 227 227 227
11.886070251465 10.173377037048 1.839996337891 233 233 233
11.886070251465 10.173377037048 1.820999145508 227 227 227
11.886070251465 10.173377037048 1.795997619629 228 228 228
11.886070251465 10.173377037048 1.772994995117 233 233 233
11.917213439941 10.175955772400 1.755996704102 175 175 175
11.374687194824 9.911526679993 1.913002014160 157 157 157
11.374687194824 9.911526679993 1.889999389648 214 214 214
11.374687194824 9.911526679993 1.863998413086 220 220 220
11.374687194824 9.911526679993 1.836997985840 228 228 228
11.374687194824 9.911526679993 1.811996459961 229 229 229
11.374687194824 9.911526679993 1.785995483398 229 229 229
11.875560760498 9.921650886536 1.889999389648 234 234 234
11.922275543213 9.925518989563 1.878997802734 232 232 232
11.922275543213 9.925518989563 1.855995178223 231 231 231
11.922275543213 9.925518989563 1.834999084473 221 221 221
11.907993316650 9.908658027649 1.809997558594 228 228 228
11.923564910889 9.909947395325 1.791000366211 224 224 224
11.907993316650 9.908658027649 1.765998840332 229 229 229
11.923564910889 9.909947395325 1.748001098633 119 119 119
11.381038665771 9.645519256592 1.915000915527 136 136 136
11.381038665771 9.645519256592 1.890998840332 215 215 215
11.381038665771 9.645519256592 1.864997863770 207 207 207
11.381038665771 9.645519256592 1.838996887207 229 229 229
11.381038665771 9.645519256592 1.812995910645 226 226 226
11.381038665771 9.645519256592 1.788002014160 224 224 224
11.366756439209 9.628658294678 1.757995605469 204 204 204
11.929916381836 9.643939018250 1.888000488281 224 224 224
11.959770202637 9.662091255188 1.867996215820 227 227 227
11.929916381836 9.643939018250 1.841995239258 235 235 235
11.945487976074 9.645228385925 1.821998596191 230 230 230
11.929916381836 9.643939018250 1.798995971680 229 229 229
11.929916381836 9.643939018250 1.776000976563 228 228 228
11.959770202637 9.662091255188 1.755996704102 202 202 202
11.356246948242 9.376931190491 1.916000366211 40 40 40
11.371818542480 9.378220558167 1.893997192383 219 219 219
11.371818542480 9.378220558167 1.870994567871 206 206 206
11.387390136719 9.379510879517 1.847999572754 180 180 180
11.387390136719 9.379510879517 1.825996398926 167 167 167
11.371818542480 9.378220558167 1.793998718262 209 209 209
11.371818542480 9.378220558167 1.769996643066 204 204 204
11.966121673584 9.396081924438 1.894996643066 213 213 213
11.967411041260 9.380510330200 1.878997802734 221 221 221
11.966121673584 9.396081924438 1.855995178223 226 226 226
11.967411041260 9.380510330200 1.832000732422 228 228 228
11.967411041260 9.380510330200 1.811996459961 225 225 225
11.967411041260 9.380510330200 1.786994934082 237 237 237
11.966121673584 9.396081924438 1.766998291016 222 222 222
11.967411041260 9.380510330200 1.748001098633 180 180 180
11.379459381104 9.096640586853 1.908996582031 171 171 171
11.379459381104 9.096640586853 1.883995056152 173 173 173
11.379459381104 9.096640586853 1.860000610352 167 167 167
11.379459381104 9.096640586853 1.833000183105 173 173 173
11.363887786865 9.095351219177 1.806999206543 167 167 167
11.379459381104 9.096640586853 1.782997131348 180 180 180
11.363887786865 9.095351219177 1.749000549316 151 151 151
12.020477294922 9.118371009827 1.897994995117 161 161 161
12.004905700684 9.117081642151 1.875000000000 162 162 162
12.004905700684 9.117081642151 1.852996826172 155 155 155
12.004905700684 9.117081642151 1.831001281738 156 156 156
12.020477294922 9.118371009827 1.810997009277 161 161 161
12.004905700684 9.117081642151 1.785995483398 159 159 159
12.004905700684 9.117081642151 1.762001037598 159 159 159
12.004905700684 9.117081642151 1.742996215820 153 153 153
11.818045616150 9.101606369019 1.658996582031 175 175 175
11.629896163940 9.101702690125 1.575996398926 125 125 125
11.566319465637 9.112115859985 1.528999328613 166 166 166
11.629896163940 9.101702690125 1.529998779297 151 151 151
11.833617210388 9.102895736694 1.568000793457 170 170 170
11.849188804626 9.104185104370 1.555000305176 173 173 173
11.833617210388 9.102895736694 1.526000976563 183 183 183
11.786902427673 9.099026679993 1.484001159668 174 174 174
11.661039352417 9.104281425476 1.414001464844 143 143 143
11.771329879761 9.097737312317 1.433998107910 134 134 134
11.740186691284 9.095158576965 1.391998291016 131 131 131
11.754468917847 9.112019538879 1.370994567871 154 154 154
11.895903587341 9.108054161072 1.399002075195 189 189 189
11.849188804626 9.104185104370 1.359001159668 202 202 202
11.724615097046 9.093868255615 1.284996032715 198 198 198
11.709043502808 9.092578887939 1.249000549316 214 214 214
11.693471908569 9.091289520264 1.216995239258 219 219 219
11.558388710022 8.829245567322 1.963996887207 81 81 81
11.651819229126 8.836983680725 1.958000183105 114 114 114
11.729677200317 8.843431472778 1.955001831055 116 116 116
11.824397087097 8.835597038269 1.957000732422 120 120 120
11.871111869812 8.839466094971 1.942001342773 176 176 176
11.871111869812 8.839466094971 1.922996520996 190 190 190
11.902255058289 8.842045783997 1.906997680664 234 234 234
11.919116020203 8.827763557434 1.888000488281 176 176 176
12.028118133545 8.836791038513 1.895996093750 157 157 157
12.028118133545 8.836791038513 1.873001098633 167 167 167
12.028118133545 8.836791038513 1.849998474121 168 168 168
12.028118133545 8.836791038513 1.827995300293 165 165 165
12.028118133545 8.836791038513 1.805000305176 165 165 165
12.028118133545 8.836791038513 1.783996582031 162 162 162
12.028118133545 8.836791038513 1.761001586914 158 158 158
12.028118133545 8.836791038513 1.739997863770 168 168 168
12.028118133545 8.836791038513 1.717994689941 183 183 183
11.919116020203 8.827763557434 1.661994934082 167 167 167
11.872401237488 8.823894500732 1.626998901367 170 170 170
11.886683464050 8.840755462646 1.604995727539 175 175 175
11.903544425964 8.826474189758 1.584999084473 181 181 181
11.903544425964 8.826474189758 1.559997558594 178 178 178
11.903544425964 8.826474189758 1.535995483398 178 178 178
11.996974945068 8.834211349487 1.550994873047 188 188 188
11.981403350830 8.832921981812 1.524002075195 187 187 187
11.981403350830 8.832921981812 1.501998901367 173 173 173
11.981403350830 8.832921981812 1.479995727539 189 189 189
11.965831756592 8.831632614136 1.436996459961 186 186 186
11.996974945068 8.834211349487 1.435997009277 192 192 192
12.059261322021 8.839369773865 1.433998107910 199 199 199
12.074832916260 8.840659141541 1.418998718262 197 197 197
11.488170623779 8.541218757629 1.943000793457 118 118 118
11.643887519836 8.554114341736 1.950996398926 98 98 98
11.752889633179 8.563141822815 1.951995849609 96 96 96
11.830748558044 8.569589614868 1.948997497559 111 111 111
11.893034934998 8.574748039246 1.934997558594 166 166 166
11.893034934998 8.574748039246 1.917999267578 180 180 180
11.893034934998 8.574748039246 1.896995544434 178 178 178
11.908606529236 8.576037406921 1.875000000000 177 177 177
11.924178123474 8.577327728271 1.859001159668 174 174 174
12.096755981445 8.575940132141 1.881996154785 153 153 153
12.082474708557 8.559079170227 1.858001708984 157 157 157
12.081184387207 8.574650764465 1.834999084473 155 155 155
12.082474708557 8.559079170227 1.817001342773 155 155 155
12.081184387207 8.574650764465 1.791999816895 153 153 153
12.081184387207 8.574650764465 1.768997192383 157 157 157
12.082474708557 8.559079170227 1.749000549316 160 160 160
12.082474708557 8.559079170227 1.728996276855 154 154 154
12.018898010254 8.569492340088 1.680999755859 181 181 181
11.908606529236 8.576037406921 1.625999450684 181 181 181
11.908606529236 8.576037406921 1.601997375488 183 183 183
11.894324302673 8.559175491333 1.576995849609 183 183 183
12.020188331604 8.553920745850 1.569000244141 192 192 192
11.987754821777 8.566913604736 1.536994934082 190 190 190
11.894324302673 8.559175491333 1.484001159668 184 184 184
11.909895896912 8.560464859009 1.463996887207 183 183 183
12.082474708557 8.559079170227 1.507995605469 201 201 201
12.113617897034 8.561657905579 1.492996215820 200 200 200
12.020188331604 8.553920745850 1.438995361328 194 194 194
12.082474708557 8.559079170227 1.436996459961 199 199 199
11.861891746521 8.572169303894 1.319999694824 171 171 171
11.846320152283 8.570878982544 1.238998413086 168 168 168
11.861891746521 8.572169303894 1.295997619629 163 163 163
11.861891746521 8.572169303894 1.267997741699 157 157 157
11.382942199707 8.297326087952 1.921997070313 181 181 181
11.368659019470 8.280465126038 1.893997192383 179 179 179
11.462089538574 8.288202285767 1.890998840332 191 191 191
11.729387283325 8.278982162476 1.929000854492 191 191 191
11.648949623108 8.303677558899 1.883995056152 202 202 202
11.353087425232 8.279175758362 1.786994934082 174 174 174
11.368659019470 8.280465126038 1.766998291016 173 173 173
11.150655746460 8.262411117554 1.685997009277 180 180 180
12.165394783020 8.315091133118 1.886001586914 155 155 155
12.180966377258 8.316380500793 1.868995666504 167 167 167
12.180966377258 8.316380500793 1.847999572754 170 170 170
12.182256698608 8.300808906555 1.830001831055 169 169 169
12.182256698608 8.300808906555 1.808998107910 167 167 167
12.196537971497 8.317669868469 1.789001464844 169 169 169
12.197828292847 8.302098274231 1.769996643066 169 169 169
12.197828292847 8.302098274231 1.749000549316 170 170 170
12.213399887085 8.303388595581 1.735000610352 155 155 155
12.214689254761 8.287817001343 1.713996887207 165 165 165
12.118679046631 8.311222076416 1.656997680664 255 255 255
11.446517944336 8.286912918091 1.400001525879 156 156 156
11.619095802307 8.285527229309 1.434997558594 180 180 180
11.368659019470 8.280465126038 1.318000793457 173 173 173
11.415374755859 8.284334182739 1.306999206543 154 154 154
11.446517944336 8.286912918091 1.295997619629 159 159 159
12.165394783020 8.315091133118 1.492996215820 255 255 255
12.104397773743 8.294361114502 1.450996398926 214 214 214
12.134250640869 8.312511444092 1.438995361328 213 213 213
12.134250640869 8.312511444092 1.417999267578 196 196 196
12.214689254761 8.287817001343 1.429000854492 255 255 255
12.056392669678 8.306063652039 1.286994934082 214 214 214
12.071964263916 8.307353019714 1.267997741699 221 221 221
12.182256698608 8.300808906555 1.274002075195 215 215 215
12.056392669678 8.306063652039 1.187995910645 219 219 219
11.249148368835 8.019711494446 1.924995422363 178 178 178
11.264719963074 8.021000862122 1.902000427246 159 159 159
11.280291557312 8.022290229797 1.880996704102 176 176 176
11.295863151550 8.023579597473 1.855995178223 177 177 177
11.295863151550 8.023579597473 1.832000732422 183 183 183
11.295863151550 8.023579597473 1.804000854492 178 178 178
11.295863151550 8.023579597473 1.777999877930 174 174 174
11.295863151550 8.023579597473 1.750999450684 163 163 163
11.264719963074 8.021000862122 1.719001770020 173 173 173
12.017318725586 8.020614624023 1.873001098633 255 255 255
12.250894546509 8.039958953857 1.916000366211 155 155 155
12.266466140747 8.041248321533 1.896995544434 171 171 171
12.266466140747 8.041248321533 1.876998901367 171 171 171
12.266466140747 8.041248321533 1.855995178223 171 171 171
12.266466140747 8.041248321533 1.834999084473 170 170 170
12.266466140747 8.041248321533 1.816001892090 164 164 164
12.266466140747 8.041248321533 1.796997070313 159 159 159
12.266466140747 8.041248321533 1.775001525879 173 173 173
12.266466140747 8.041248321533 1.751998901367 173 173 173
12.266466140747 8.041248321533 1.729995727539 176 176 176
12.266466140747 8.041248321533 1.710998535156 176 176 176
12.266466140747 8.041248321533 1.686996459961 164 164 164
11.594304084778 8.016939163208 1.431999206543 207 207 207
11.594304084778 8.016939163208 1.409996032715 210 210 210
11.765592575073 8.031125068665 1.443000793457 205 205 205
11.734449386597 8.028545379639 1.402000427246 215 215 215
11.829168319702 8.020710945129 1.414001464844 211 211 211
12.126320838928 8.029642105103 1.505996704102 207 207 207
11.969313621521 8.032318115234 1.419998168945 230 230 230
11.672162055969 8.023386955261 1.277999877930 211 211 211
12.266466140747 8.041248321533 1.471000671387 254 254 254
11.813596725464 8.019421577454 1.206001281738 217 217 217
12.204179763794 8.036089897156 1.237998962402 116 116 116
11.463793754578 14.136421203613 1.907997131348 77 77 77
11.527370452881 14.126008033752 1.893997192383 216 216 216
11.527370452881 14.126008033752 1.866996765137 219 219 219
11.527370452881 14.126008033752 1.838996887207 220 220 220
11.527370452881 14.126008033752 1.807998657227 218 218 218
11.527370452881 14.126008033752 1.784996032715 142 142 142
11.503868103027 13.841848373413 2.076995849609 146 146 146
11.519439697266 13.843137741089 2.052001953125 170 170 170
11.535011291504 13.844427108765 2.026000976563 162 162 162
11.535011291504 13.844427108765 2.000999450684 162 162 162
11.535011291504 13.844427108765 1.972000122070 162 162 162
11.519439697266 13.843137741089 1.942001342773 153 153 153
11.568734169006 13.815863609314 1.925994873047 157 157 157
11.568734169006 13.815863609314 1.897994995117 155 155 155
11.535011291504 13.844427108765 1.861000061035 151 151 151
11.535011291504 13.844427108765 1.835998535156 154 154 154
11.535011291504 13.844427108765 1.804000854492 218 218 218
11.503868103027 13.841848373413 1.772994995117 74 74 74
11.527080535889 13.561557769775 1.905998229980 193 193 193
11.542652130127 13.562847137451 1.878997802734 201 201 201
11.527080535889 13.561557769775 1.847999572754 221 221 221
11.542652130127 13.562847137451 1.823997497559 219 219 219
11.542652130127 13.562847137451 1.795997619629 215 215 215
11.517860412598 13.294259071350 1.916000366211 154 154 154
11.549003601074 13.296838760376 1.892997741699 198 198 198
11.549003601074 13.296838760376 1.863998413086 220 220 220
11.549003601074 13.296838760376 1.835998535156 219 219 219
11.549003601074 13.296838760376 1.808998107910 217 217 217
11.534721374512 13.279977798462 1.777999877930 145 145 145
11.524211883545 13.028251647949 1.921997070313 74 74 74
11.539783477783 13.029541015625 1.900001525879 189 189 189
11.539783477783 13.029541015625 1.873001098633 219 219 219
11.539783477783 13.029541015625 1.842994689941 219 219 219
11.539783477783 13.029541015625 1.817001342773 217 217 217
11.539783477783 13.029541015625 1.789001464844 203 203 203
11.496840476990 12.790806770325 1.919998168945 146 146 146
11.578567504883 12.750540733337 1.916999816895 173 173 173
11.612289428711 12.721976280212 1.895996093750 220 220 220
11.612289428711 12.721976280212 1.867996215820 220 220 220
11.612289428711 12.721976280212 1.839996337891 217 217 217
11.612289428711 12.721976280212 1.811996459961 220 220 220
11.611000061035 12.737547874451 1.783996582031 202 202 202
11.536914825439 12.496234893799 1.916000366211 147 147 147
11.601779937744 12.470250129700 1.911994934082 190 190 190
11.634213447571 12.457257270813 1.888999938965 204 204 204
11.617351531982 12.471539497375 1.859001159668 221 221 221
11.634213447571 12.457257270813 1.833000183105 221 221 221
11.634213447571 12.457257270813 1.805999755859 205 205 205
11.634213447571 12.457257270813 1.777999877930 188 188 188
11.477109909058 12.271782875061 1.917999267578 108 108 108
11.495261192322 12.241930007935 1.895996093750 191 191 191
11.593850135803 12.187379837036 1.901000976563 215 215 215
11.643143653870 12.160105705261 1.887001037598 221 221 221
11.643143653870 12.160105705261 1.856994628906 222 222 222
11.643143653870 12.160105705261 1.832000732422 220 220 220
11.643143653870 12.160105705261 1.804000854492 219 219 219
11.643143653870 12.160105705261 1.776000976563 196 196 196
11.486041069031 11.974631309509 1.906997680664 207 207 207
11.486041069031 11.974631309509 1.878997802734 198 198 198
11.650784492493 11.878525733948 1.902999877930 217 217 217
11.681927680969 11.881104469299 1.880996704102 221 221 221
11.681927680969 11.881104469299 1.852996826172 221 221 221
11.681927680969 11.881104469299 1.825996398926 222 222 222
11.681927680969 11.881104469299 1.799995422363 220 220 220
11.681927680969 11.881104469299 1.775001525879 188 188 188
11.459959030151 11.721615791321 1.909996032715 194 194 194
11.461249351501 11.706044197083 1.883995056152 199 199 199
11.492392539978 11.708622932434 1.860000610352 223 223 223
11.706430435181 11.585242271423 1.899002075195 218 218 218
11.706430435181 11.585242271423 1.874000549316 215 215 215
11.706430435181 11.585242271423 1.846000671387 221 221 221
11.706430435181 11.585242271423 1.817001342773 216 216 216
11.706430435181 11.585242271423 1.791999816895 220 220 220
11.706430435181 11.585242271423 1.763999938965 138 138 138
11.433877944946 11.468600273132 1.909996032715 187 187 187
11.433877944946 11.468600273132 1.881996154785 187 187 187
11.433877944946 11.468600273132 1.853996276855 220 220 220
11.645337104797 11.376362800598 1.882995605469 219 219 219
11.728353500366 11.320523262024 1.887001037598 219 219 219
11.729642868042 11.304951667786 1.861999511719 221 221 221
11.729642868042 11.304951667786 1.833999633789 220 220 220
11.728353500366 11.320523262024 1.806999206543 223 223 223
11.729642868042 11.304951667786 1.780998229980 220 220 220
11.422078132629 11.232444763184 1.910995483398 168 168 168
11.438939094543 11.218163490295 1.885002136230 193 193 193
11.437649726868 11.233735084534 1.854995727539 221 221 221
11.438939094543 11.218163490295 1.827995300293 219 219 219
11.751565933228 11.040233612061 1.899002075195 220 220 220
11.783999443054 11.027241706848 1.881996154785 219 219 219
11.783999443054 11.027241706848 1.852996826172 220 220 220
11.783999443054 11.027241706848 1.824996948242 220 220 220
11.783999443054 11.027241706848 1.800994873047 221 221 221
11.783999443054 11.027241706848 1.771995544434 216 216 216
11.397286415100 10.963857650757 1.914001464844 65 65 65
11.414147377014 10.949575424194 1.892997741699 215 215 215
11.414147377014 10.949575424194 1.863998413086 201 201 201
11.414147377014 10.949575424194 1.834999084473 223 223 223
11.414147377014 10.949575424194 1.806999206543 217 217 217
11.807211875916 10.746951103210 1.896995544434 217 217 217
11.824073791504 10.732668876648 1.878997802734 220 220 220
11.824073791504 10.732668876648 1.850997924805 219 219 219
11.824073791504 10.732668876648 1.823997497559 223 223 223
11.824073791504 10.732668876648 1.797996520996 221 221 221
11.824073791504 10.732668876648 1.771995544434 219 219 219
11.406216621399 10.666705131531 1.908996582031 184 184 184
11.406216621399 10.666705131531 1.879997253418 218 218 218
11.404927253723 10.682276725769 1.850997924805 204 204 204
11.406216621399 10.666705131531 1.822998046875 222 222 222
11.404927253723 10.682276725769 1.792999267578 217 217 217
11.800570487976 10.448509216309 1.891998291016 226 226 226
11.865436553955 10.422524452209 1.882995605469 219 219 219
11.865436553955 10.422524452209 1.856994628906 219 219 219
11.865436553955 10.422524452209 1.831001281738 220 220 220
11.864147186279 10.438096046448 1.802001953125 222 222 222
11.865436553955 10.422524452209 1.777999877930 222 222 222
11.865436553955 10.422524452209 1.750000000000 150 150 150
11.395707130432 10.414979934692 1.894996643066 210 210 210
11.395707130432 10.414979934692 1.868995666504 162 162 162
11.395707130432 10.414979934692 1.840995788574 162 162 162
11.395707130432 10.414979934692 1.809997558594 163 163 163
11.364563941956 10.412400245667 1.778999328613 209 209 209
11.873078346252 10.140944480896 1.907997131348 158 158 158
11.888649940491 10.142233848572 1.886001586914 218 218 218
11.888649940491 10.142233848572 1.858001708984 221 221 221
11.888649940491 10.142233848572 1.833000183105 219 219 219
11.904221534729 10.143523216248 1.809997558594 219 219 219
11.904221534729 10.143523216248 1.782997131348 220 220 220
11.888649940491 10.142233848572 1.755996704102 204 204 204
11.370914459229 10.146391868591 1.902000427246 200 200 200
11.386487007141 10.147681236267 1.875000000000 194 194 194
11.387776374817 10.132109642029 1.845001220703 220 220 220
11.387776374817 10.132109642029 1.817001342773 222 222 222
11.387776374817 10.132109642029 1.786994934082 216 216 216
11.403347969055 10.133399963379 1.760002136230 163 163 163
11.911862373352 9.861943244934 1.902999877930 188 188 188
11.911862373352 9.861943244934 1.877998352051 221 221 221
11.927433967590 9.863232612610 1.852996826172 223 223 223
11.927433967590 9.863232612610 1.827995300293 220 220 220
11.927433967590 9.863232612610 1.800994873047 222 222 222
11.927433967590 9.863232612610 1.776000976563 219 219 219
11.927433967590 9.863232612610 1.749000549316 168 168 168
11.360404968262 9.894665718079 1.903999328613 192 192 192
11.375976562500 9.895955085754 1.877998352051 217 217 217
11.375976562500 9.895955085754 1.847999572754 204 204 204
11.375976562500 9.895955085754 1.819999694824 221 221 221
11.360404968262 9.894665718079 1.789001464844 219 219 219
11.375976562500 9.895955085754 1.760002136230 185 185 185
11.950646400452 9.582942008972 1.913002014160 76 76 76
11.966217994690 9.584231376648 1.892997741699 213 213 213
11.966217994690 9.584231376648 1.866996765137 220 220 220
11.966217994690 9.584231376648 1.840995788574 221 221 221
11.966217994690 9.584231376648 1.817001342773 221 221 221
11.966217994690 9.584231376648 1.786994934082 223 223 223
11.966217994690 9.584231376648 1.765998840332 218 218 218
11.365467071533 9.644229888916 1.907997131348 114 114 114
11.397899627686 9.631237030029 1.887001037598 213 213 213
11.382328033447 9.629947662354 1.854995727539 212 212 212
11.382328033447 9.629947662354 1.825996398926 221 221 221
11.382328033447 9.629947662354 1.798995971680 220 220 220
11.382328033447 9.629947662354 1.767997741699 200 200 200
12.005002021790 9.305231094360 1.910995483398 125 125 125
11.989430427551 9.303940773010 1.882995605469 152 152 152
11.989430427551 9.303940773010 1.859001159668 147 147 147
11.989430427551 9.303940773010 1.832000732422 153 153 153
11.990720748901 9.288369178772 1.808998107910 152 152 152
11.989430427551 9.303940773010 1.779998779297 155 155 155
11.989430427551 9.303940773010 1.754997253418 156 156 156
11.989430427551 9.303940773010 1.730995178223 131 131 131
11.357536315918 9.361359596252 1.902999877930 176 176 176
11.357536315918 9.361359596252 1.873001098633 180 180 180
11.357536315918 9.361359596252 1.846000671387 199 199 199
11.388679504395 9.363939285278 1.819000244141 167 167 167
11.357536315918 9.361359596252 1.786994934082 206 206 206
11.357536315918 9.361359596252 1.757995605469 199 199 199
11.716877937317 9.187298774719 1.836997985840 70 70 70
11.997072219849 9.022360801697 1.904998779297 112 112 112
12.012643814087 9.023650169373 1.881996154785 145 145 145
12.012643814087 9.023650169373 1.855995178223 140 140 140
12.012643814087 9.023650169373 1.832000732422 144 144 144
12.012643814087 9.023650169373 1.805999755859 139 139 139
11.997072219849 9.022360801697 1.778999328613 143 143 143
11.997072219849 9.022360801697 1.752998352051 145 145 145
11.981500625610 9.021071434021 1.726997375488 154 154 154
11.784323692322 9.130169868469 1.618995666504 169 169 169
11.799895286560 9.131459236145 1.595001220703 142 142 142
11.784323692322 9.130169868469 1.566001892090 101 101 101
11.799895286560 9.131459236145 1.541999816895 107 107 107
11.849188804626 9.104185104370 1.535995483398 145 145 145
11.866049766541 9.089902877808 1.514999389648 129 129 129
11.801184654236 9.115887641907 1.379997253418 170 170 170
11.816756248474 9.117177963257 1.354995727539 164 164 164
11.348316192627 9.094061851501 1.920997619629 34 34 34
11.382038116455 9.065497398376 1.900001525879 159 159 159
11.480627059937 9.010949134827 1.902000427246 149 149 149
11.742670059204 8.875864982605 1.951995849609 121 121 121
11.841258049011 8.821315765381 1.950996398926 144 144 144
11.872401237488 8.823894500732 1.935997009277 173 173 173
11.890552520752 8.794040679932 1.916999816895 179 179 179
11.890552520752 8.794040679932 1.890998840332 172 172 172
11.970990180969 8.769346237183 1.890998840332 156 156 156
12.038434982300 8.712216377258 1.890998840332 158 158 158
12.038434982300 8.712216377258 1.863998413086 155 155 155
12.035856246948 8.743361473083 1.833000183105 146 146 146
12.020284652710 8.742071151733 1.805999755859 147 147 147
12.035856246948 8.743361473083 1.780998229980 149 149 149
12.037145614624 8.727787971497 1.761001586914 153 153 153
12.069578170776 8.714796066284 1.752998352051 173 173 173
12.038434982300 8.712216377258 1.716995239258 166 166 166
11.939846038818 8.766766548157 1.649002075195 160 160 160
12.038434982300 8.712216377258 1.666999816895 201 201 201
12.120162010193 8.671950340271 1.670997619629 194 194 194
12.086440086365 8.700513839722 1.626998901367 201 201 201
11.970990180969 8.769346237183 1.552001953125 199 199 199
12.038434982300 8.712216377258 1.560997009277 199 199 199
12.038434982300 8.712216377258 1.535995483398 200 200 200
12.054006576538 8.713506698608 1.513999938965 201 201 201
12.069578170776 8.714796066284 1.467994689941 204 204 204
12.038434982300 8.712216377258 1.430999755859 201 201 201
12.086440086365 8.700513839722 1.390998840332 181 181 181
12.038434982300 8.712216377258 1.342994689941 193 193 193
11.972280502319 8.753774642944 1.284996032715 188 188 188
11.503839492798 8.730658531189 1.956001281738 91 91 91
11.633570671082 8.678687095642 1.959999084473 118 118 118
11.716588020325 8.622849464417 1.960998535156 120 120 120
11.782743453979 8.581292152405 1.953994750977 152 152 152
11.830748558044 8.569589614868 1.943000793457 163 163 163
11.880043029785 8.542314529419 1.923995971680 174 174 174
11.880043029785 8.542314529419 1.901000976563 177 177 177
11.880043029785 8.542314529419 1.875999450684 174 174 174
11.880043029785 8.542314529419 1.850997924805 174 174 174
11.880043029785 8.542314529419 1.823997497559 175 175 175
12.095370292664 8.403362274170 1.876998901367 153 153 153
12.126513481140 8.405941009521 1.861000061035 158 158 158
12.126513481140 8.405941009521 1.835998535156 159 159 159
12.126513481140 8.405941009521 1.810997009277 157 157 157
12.126513481140 8.405941009521 1.784996032715 158 158 158
12.126513481140 8.405941009521 1.763999938965 158 158 158
12.126513481140 8.405941009521 1.736000061035 159 159 159
12.126513481140 8.405941009521 1.715995788574 149 149 149
11.896903991699 8.528032302856 1.591995239258 184 184 184
12.060358047485 8.447499275208 1.630996704102 203 203 203
11.994203567505 8.489055633545 1.578994750977 194 194 194
12.060358047485 8.447499275208 1.582000732422 203 203 203
12.225102424622 8.351392745972 1.630996704102 212 212 212
12.274395942688 8.324118614197 1.625000000000 215 215 215
12.125224113464 8.421512603760 1.527000427246 208 208 208
12.257534980774 8.338399887085 1.562995910645 209 209 209
11.929336547852 8.515040397644 1.390998840332 184 184 184
12.092791557312 8.434506416321 1.435997009277 204 204 204
12.175807952881 8.378666877747 1.453994750977 211 211 211
11.913764953613 8.513750076294 1.295997619629 186 186 186
12.077219963074 8.433217048645 1.298995971680 187 187 187
11.724229812622 8.341268539429 2.048995971680 42 42 42
11.706078529358 8.371122360229 2.018997192383 156 156 156
11.329874992371 8.559466362000 1.887001037598 169 169 169
11.329874992371 8.559466362000 1.856994628906 161 161 161
11.329874992371 8.559466362000 1.827995300293 163 163 163
11.329874992371 8.559466362000 1.797996520996 162 162 162
11.329874992371 8.559466362000 1.767997741699 162 162 162
12.183449745178 8.097086906433 1.916000366211 141 141 141
12.263886451721 8.072391510010 1.915000915527 153 153 153
12.248314857483 8.071102142334 1.889999389648 165 165 165
12.263886451721 8.072391510010 1.868995666504 163 163 163
12.263886451721 8.072391510010 1.845001220703 168 168 168
12.263886451721 8.072391510010 1.821998596191 170 170 170
12.248314857483 8.071102142334 1.792999267578 168 168 168
12.279458045959 8.073680877686 1.777999877930 167 167 167
12.248314857483 8.071102142334 1.745994567871 169 169 169
12.248314857483 8.071102142334 1.722999572754 165 165 165
12.248314857483 8.071102142334 1.695999145508 169 169 169
12.001843452454 8.207474708557 1.539001464844 219 219 219
12.116003990173 8.154215812683 1.562995910645 108 108 108
12.148436546326 8.141222953796 1.545997619629 168 168 168
12.019994735718 8.177621841431 1.474998474121 188 188 188
12.018705368042 8.193193435669 1.439994812012 161 161 161
12.052428245544 8.164628982544 1.354995727539 94 94 94
12.134154319763 8.124361991882 1.362998962402 109 109 109
11.253210067749 8.349295616150 1.903999328613 128 128 128
11.270071029663 8.335013389587 1.878997802734 151 151 151
11.270071029663 8.335013389587 1.847999572754 151 151 151
11.270071029663 8.335013389587 1.817001342773 152 152 152
11.270071029663 8.335013389587 1.789001464844 149 149 149
11.253210067749 8.349295616150 1.754997253418 147 147 147
11.238927841187 8.332434654236 1.600997924805 246 246 246
11.285642623901 8.336303710938 1.583000183105 228 228 228
11.270071029663 8.335013389587 1.547996520996 227 227 227
11.353087425232 8.279175758362 1.542999267578 116 116 116
11.237638473511 8.348006248474 1.470001220703 227 227 227
11.615130424500 8.144091606140 1.581001281738 170 170 170
11.664424896240 8.116817474365 1.574996948242 165 165 165
11.565836906433 8.171366691589 1.503997802734 246 246 246
11.615130424500 8.144091606140 1.495994567871 164 164 164
11.613841056824 8.159663200378 1.460998535156 189 189 189
11.613841056824 8.159663200378 1.432998657227 188 188 188
11.615130424500 8.144091606140 1.407997131348 178 178 178
11.581408500671 8.172656059265 1.365997314453 206 206 206
11.746152877808 8.076549530029 1.407997131348 214 214 214
11.581408500671 8.172656059265 1.299995422363 219 219 219
11.433525085449 8.254480361938 1.168998718262 169 169 169
11.894035339355 7.994726657867 1.360000610352 5 5 5
11.179122924805 8.107983589172 1.929000854492 107 107 107
11.243989944458 8.081998825073 1.914001464844 173 173 173
11.277711868286 8.053434371948 1.892997741699 149 149 149
11.308855056763 8.056014060974 1.866996765137 149 149 149
11.277711868286 8.053434371948 1.834999084473 148 148 148
11.277711868286 8.053434371948 1.803001403809 148 148 148
11.310144424438 8.040441513062 1.782997131348 156 156 156
11.358149528503 8.028738021851 1.767997741699 158 158 158
11.243989944458 8.081998825073 1.701995849609 167 167 167
11.424304962158 7.987182140350 1.701995849609 180 180 180
11.243989944458 8.081998825073 1.389999389648 230 230 230
11.114257812500 8.133968353271 1.508995056152 206 206 206
11.145401000977 8.136547088623 1.452995300293 219 219 219
12.248411178589 8.259251594543 1.779998779297 147 147 147
12.248411178589 8.259251594543 1.831001281738 145 145 145
12.248411178589 8.259251594543 1.885002136230 152 152 152
12.249701499939 8.243680000305 1.933998107910 115 115 115
12.121355056763 8.468228340149 1.791000366211 149 149 149
12.121355056763 8.468228340149 1.842994689941 148 148 148
12.121355056763 8.468228340149 1.893997192383 168 168 168
11.424304962158 7.987182140350 1.839996337891 240 240 240
11.556713104248 8.092219352722 1.916999816895 238 238 238
11.602138519287 8.111659049988 1.979995727539 205 205 205
12.035856246948 8.743361473083 1.812995910645 133 133 133
12.035856246948 8.743361473083 1.866996765137 127 127 127
11.960576057434 8.705768585205 1.909996032715 139 139 139
11.900869369507 8.669466972351 1.952995300293 154 154 154
11.294670104980 8.227302551270 1.920997619629 116 116 116
11.846513748169 8.947178840637 1.215995788574 174 174 174
11.919213294983 9.015913009644 1.289001464844 159 159 159
11.860795021057 8.964039802551 1.331001281738 147 147 147
11.859505653381 8.979611396790 1.389999389648 147 147 147
11.875077247620 8.980900764465 1.445999145508 135 135 135
11.846513748169 8.947178840637 1.491996765137 146 146 146
11.860795021057 8.964039802551 1.548995971680 136 136 136
11.890648841858 8.982191085815 1.611999511719 138 138 138
11.846513748169 8.947178840637 1.656997680664 131 131 131
11.949067115784 9.034064292908 1.730995178223 125 125 125
12.008774757385 9.070366859436 1.793998718262 110 110 110
11.994492530823 9.053504943848 1.846000671387 121 121 121
12.008774757385 9.070366859436 1.900001525879 116 116 116
11.830942153931 8.945889472961 1.925994873047 129 129 129
11.755661964417 8.908297538757 1.969001770020 82 82 82
11.300213813782 8.917614936829 1.181999206543 177 177 177
11.626027107239 9.148417472839 1.372001647949 249 249 249
11.981693267822 9.397372245789 1.769996643066 196 196 196
11.967411041260 9.380510330200 1.821998596191 222 222 222
11.981693267822 9.397372245789 1.875999450684 222 222 222
11.953128814697 9.363649368286 1.923995971680 177 177 177
11.404057502747 8.988927841187 1.893997192383 122 122 122
11.358633041382 8.969488143921 1.946998596191 21 21 21
11.958480834961 9.677662849426 1.794998168945 221 221 221
11.958480834961 9.677662849426 1.847000122070 223 223 223
11.958480834961 9.677662849426 1.901000976563 221 221 221
11.392547607422 9.317224502563 1.868995666504 162 162 162
11.362694740295 9.299073219299 1.923995971680 155 155 155
11.904125213623 9.955372810364 1.757995605469 127 127 127
11.933978080750 9.973525047302 1.813995361328 225 225 225
11.933978080750 9.973525047302 1.865997314453 225 225 225
11.904125213623 9.955372810364 1.915000915527 249 249 249
11.384906768799 9.598803520203 1.891998291016 198 198 198
11.399188995361 9.615665435791 1.949996948242 10 10 10
11.893904685974 10.268096923828 1.779998779297 199 199 199
11.893904685974 10.268096923828 1.833999633789 225 225 225
11.893904685974 10.268096923828 1.886001586914 221 221 221
11.774489402771 10.195492744446 1.921997070313 247 247 247
11.403251647949 9.945250511169 1.920997619629 180 180 180
11.852540969849 10.578241348267 1.799995422363 223 223 223
11.852540969849 10.578241348267 1.851997375488 225 225 225
11.852540969849 10.578241348267 1.905998229980 224 224 224
11.406023979187 10.290406227112 1.892997741699 197 197 197
11.376170158386 10.272255897522 1.947998046875 23 23 23
11.811177253723 10.888385772705 1.774002075195 170 170 170
11.825459480286 10.905246734619 1.828994750977 226 226 226
11.811177253723 10.888385772705 1.880996704102 223 223 223
11.735898017883 10.850793838501 1.921997070313 239 239 239
11.408796310425 10.635561943054 1.930999755859 157 157 157
11.769814491272 11.198530197144 1.805999755859 222 222 222
11.769814491272 11.198530197144 1.859001159668 225 225 225
11.769814491272 11.198530197144 1.911994934082 216 216 216
11.442710876465 10.983297348022 1.917999267578 192 192 192
11.729739189148 11.493102073669 1.777000427246 126 126 126
11.715456962585 11.476240158081 1.830001831055 219 219 219
11.729739189148 11.493102073669 1.883995056152 225 225 225
11.685604095459 11.458089828491 1.930000305176 213 213 213
11.432491302490 11.296021461487 1.948997497559 58 58 58
11.690955162048 11.772102355957 1.790000915527 179 179 179
11.690955162048 11.772102355957 1.844001770020 222 222 222
11.705237388611 11.788963317871 1.897994995117 224 224 224
11.542975425720 11.665777206421 1.928001403809 193 193 193
11.665163040161 12.083536148071 1.803001403809 193 193 193
11.665163040161 12.083536148071 1.858001708984 222 222 222
11.665163040161 12.083536148071 1.910995483398 220 220 220
11.501612663269 11.975920677185 1.943000793457 160 160 160
11.609518051147 12.376819610596 1.777000427246 60 60 60
11.639371871948 12.394969940186 1.833000183105 217 217 217
11.639371871948 12.394969940186 1.886001586914 216 216 216
11.609518051147 12.376819610596 1.936996459961 180 180 180
11.612289428711 12.721976280212 1.820999145508 222 222 222
11.612289428711 12.721976280212 1.875999450684 218 218 218
11.612289428711 12.721976280212 1.929000854492 192 192 192
11.541072845459 13.013968467712 1.798995971680 178 178 178
11.555355072021 13.030831336975 1.854995727539 214 214 214
11.541072845459 13.013968467712 1.907997131348 197 197 197
11.546423912048 13.327982902527 1.821998596191 195 195 195
11.560706138611 13.344843864441 1.876998901367 212 212 212
11.560706138611 13.344843864441 1.930999755859 188 188 188
11.536204338074 13.640706062317 1.836997985840 211 211 211
11.536204338074 13.640706062317 1.890998840332 210 210 210
11.536204338074 13.640706062317 1.944999694824 140 140 140
11.541556358337 13.954719543457 1.805999755859 172 172 172
11.555838584900 13.971580505371 1.861000061035 217 217 217
11.555838584900 13.971580505371 1.916000366211 206 206 206
11.467566490173 13.901555061340 1.956001281738 11 11 11
11.250437736511 8.004139900208 1.934997558594 148 148 148
11.415182113647 7.908034801483 1.896995544434 146 146 146
11.315302848816 7.978155612946 1.824996948242 135 135 135
11.202432632446 8.015842437744 1.751998901367 144 144 144
11.586566925049 8.110369682312 2.000000000000 20 20 20
11.290801048279 8.274017333984 1.903999328613 128 128 128
11.292090415955 8.258445739746 1.846000671387 126 126 126
11.324522972107 8.245452880859 1.793998718262 132 132 132
11.316882133484 8.527032852173 1.928001403809 130 130 130
11.986271858215 8.206185340881 1.957000732422 197 197 197
12.263886451721 8.072391510010 1.888999938965 158 158 158
12.231453895569 8.085384368896 1.833999633789 163 163 163
12.231453895569 8.085384368896 1.781997680664 167 167 167
12.231453895569 8.085384368896 1.728996276855 171 171 171
12.149725914001 8.125651359558 1.659996032715 162 162 162
11.494618415833 8.463359832764 1.486000061035 131 131 131
11.494618415833 8.463359832764 1.428001403809 156 156 156
11.617999076843 8.677397727966 1.988998413086 15 15 15
11.877463340759 8.573458671570 1.965995788574 151 151 151
11.894324302673 8.559175491333 1.913002014160 186 186 186
12.123934745789 8.437085151672 1.894996643066 137 137 137
12.108363151550 8.435795783997 1.839996337891 140 140 140
12.025346755981 8.491634368896 1.771995544434 132 132 132
11.376879692078 9.127783775330 1.938995361328 77 77 77
11.882814407349 8.887471199036 1.947998046875 149 149 149
11.967122077942 8.816061019897 1.908996582031 138 138 138
11.999554634094 8.803068161011 1.860000610352 130 130 130
11.999554634094 8.803068161011 1.805999755859 127 127 127
11.998265266418 8.818639755249 1.748001098633 137 137 137
11.900965690613 8.857617378235 1.678001403809 165 165 165
11.819238662720 8.897884368896 1.611000061035 149 149 149
11.882814407349 8.887471199036 1.563995361328 150 150 150
11.366660118103 9.440506935120 1.922996520996 174 174 174
11.332937240601 9.469072341919 1.861999511719 177 177 177
12.071061134338 9.075524330139 1.856994628906 130 130 130
11.359018325806 9.722087860107 1.901000976563 216 216 216
11.896097183228 9.484353065491 1.916000366211 28 28 28
11.946681022644 9.441507339478 1.872001647949 234 234 234
11.946681022644 9.441507339478 1.818000793457 230 230 230
11.979114532471 9.428515434265 1.766998291016 143 143 143
11.382520675659 10.006246566772 1.922996520996 204 204 204
11.348798751831 10.034811019897 1.861000061035 216 216 216
11.937750816345 9.738658905029 1.888000488281 232 232 232
11.937750816345 9.738658905029 1.833999633789 230 230 230
11.937750816345 9.738658905029 1.780998229980 198 198 198
11.373591423035 10.303399085999 1.939994812012 150 150 150
11.406023979187 10.290406227112 1.886001586914 227 227 227
11.927530288696 10.051383018494 1.900001525879 233 233 233
11.911958694458 10.050092697144 1.845001220703 232 232 232
11.896387100220 10.048803329468 1.790000915527 220 220 220
11.395803451538 10.603129386902 1.913002014160 215 215 215
11.821300506592 10.387511253357 1.916000366211 249 249 249
11.855023384094 10.358947753906 1.865997314453 221 221 221
11.855023384094 10.358947753906 1.811996459961 228 228 228
11.855023384094 10.358947753906 1.757995605469 16 16 16
11.419305801392 10.887289047241 1.903999328613 212 212 212
11.811080932617 10.700235366821 1.903999328613 228 228 228
11.826652526855 10.701524734497 1.849998474121 230 230 230
11.811080932617 10.700235366821 1.794998168945 222 222 222
11.393513679504 11.198722839355 1.947998046875 68 68 68
11.637406349182 11.093492507935 1.921997070313 237 237 237
11.782710075378 11.042813301086 1.887001037598 232 232 232
11.782710075378 11.042813301086 1.832000732422 227 227 227
11.783999443054 11.027241706848 1.778999328613 140 140 140
11.463731765747 11.486750602722 1.927001953125 202 202 202
11.725773811340 11.351667404175 1.906997680664 227 227 227
11.725773811340 11.351667404175 1.852996826172 233 233 233
11.727064132690 11.336095809937 1.798995971680 199 199 199
11.456090927124 11.768330574036 1.937995910645 175 175 175
11.702561378479 11.631957054138 1.915000915527 232 232 232
11.716843605042 11.648818969727 1.861000061035 229 229 229
11.716843605042 11.648818969727 1.807998657227 205 205 205
11.611904144287 11.969376564026 1.927001953125 227 227 227
11.644336700439 11.956384658813 1.877998352051 232 232 232
11.644336700439 11.956384658813 1.822998046875 230 230 230
11.487523078918 12.335359573364 1.949996948242 40 40 40
11.648398399353 12.285968780518 1.911994934082 230 230 230
11.617255210876 12.283390045166 1.856994628906 231 231 231
11.617255210876 12.283390045166 1.802001953125 201 201 201
11.588884353638 12.625967025757 1.949996948242 145 145 145
11.591463088989 12.594823837280 1.897994995117 229 229 229
11.591463088989 12.594823837280 1.842994689941 233 233 233
11.590173721313 12.610395431519 1.786994934082 98 98 98
11.531949043274 12.934821128845 1.919998168945 209 209 209
11.547520637512 12.936110496521 1.866996765137 226 226 226
11.547520637512 12.936110496521 1.811996459961 197 197 197
11.523018836975 13.231972694397 1.938995361328 177 177 177
11.524308204651 13.216401100159 1.883995056152 228 228 228
11.523018836975 13.231972694397 1.830001831055 221 221 221
11.546520233154 13.516132354736 1.960998535156 12 12 12
11.529659271240 13.530414581299 1.904998779297 214 214 214
11.546520233154 13.516132354736 1.851997375488 226 226 226
11.529659271240 13.530414581299 1.794998168945 89 89 89
11.522018432617 13.811994552612 2.099998474121 132 132 132
11.522018432617 13.811994552612 2.046997070313 144 144 144
11.522018432617 13.811994552612 1.992996215820 145 145 145
11.553162574768 13.814574241638 1.941001892090 136 136 136
11.522018432617 13.811994552612 1.883995056152 143 143 143
11.520729064941 13.827566146851 1.827995300293 215 215 215
11.496226310730 14.123428344727 1.919998168945 207 207 207
11.527370452881 14.126008033752 1.868995666504 228 228 228
11.527370452881 14.126008033752 1.814994812012 198 198 198
12.222330093384 8.006236076355 1.789001464844 146 146 146
12.284616470337 8.011394500732 1.842994689941 151 151 151
12.284616470337 8.011394500732 1.883995056152 158 158 158
12.253473281860 8.008814811707 1.929000854492 145 145 145
11.269878387451 7.958714962006 1.864997863770 159 159 159
11.255596160889 7.941854000092 1.916000366211 151 151 151
12.103107452393 8.309932708740 1.747001647949 126 126 126
12.134250640869 8.312511444092 1.798995971680 156 156 156
12.134250640869 8.312511444092 1.844001770020 156 156 156
12.165394783020 8.315091133118 1.891998291016 151 151 151
11.293379783630 8.242874145508 1.838996887207 160 160 160
11.277808189392 8.241583824158 1.889999389648 167 167 167
11.231093406677 8.237715721130 1.934997558594 113 113 113
11.859313011169 8.603312492371 1.497001647949 153 153 153
11.860602378845 8.587740898132 1.685997009277 154 154 154
12.063034057617 8.604505538940 1.760002136230 133 133 133
12.063034057617 8.604505538940 1.805000305176 138 138 138
12.063034057617 8.604505538940 1.852996826172 141 141 141
12.078605651855 8.605794906616 1.899002075195 138 138 138
11.906027793884 8.607180595398 1.927001953125 199 199 199
11.860602378845 8.587740898132 1.971000671387 139 139 139
11.845030784607 8.586450576782 1.444999694824 150 150 150
11.860602378845 8.587740898132 1.542999267578 153 153 153
11.860602378845 8.587740898132 1.594001770020 147 147 147
11.890456199646 8.605891227722 1.641998291016 147 147 147
11.959383964539 8.909491539001 1.345001220703 154 154 154
12.038532257080 8.900367736816 1.499000549316 165 165 165
11.865953445435 8.901753425598 1.614997863770 149 149 149
11.897096633911 8.904333114624 1.664001464844 157 157 157
12.069675445557 8.902946472168 1.828994750977 159 159 159
12.022960662842 8.899077415466 1.867996215820 158 158 158
11.991817474365 8.896498680115 1.913002014160 162 162 162
11.897096633911 8.904333114624 1.945999145508 162 162 162
11.771233558655 8.909587860107 1.983001708984 43 43 43
11.913957595825 8.890050888062 1.527000427246 149 149 149
11.997168540955 9.210511207581 1.245994567871 206 206 206
11.605296134949 9.209415435791 1.316001892090 242 242 242
11.698726654053 9.217152595520 1.380996704102 251 251 251
11.823300361633 9.227469444275 1.449996948242 39 39 39
11.824590682983 9.211897850037 1.499000549316 57 57 57
11.840162277222 9.213187217712 1.549995422363 38 38 38
11.886877059937 9.217056274414 1.601997375488 17 17 17
11.840162277222 9.213187217712 1.642997741699 43 43 43
11.981596946716 9.209221839905 1.754997253418 117 117 117
11.997168540955 9.210511207581 1.805000305176 144 144 144
11.995879173279 9.226082801819 1.848999023438 148 148 148
11.997168540955 9.210511207581 1.895996093750 156 156 156
11.840162277222 9.213187217712 1.924995422363 161 161 161
11.402864456177 9.192650794983 1.923995971680 154 154 154
11.970087051392 9.537516593933 1.788002014160 215 215 215
11.968797683716 9.553088188171 1.833000183105 222 222 222
11.970087051392 9.537516593933 1.879997253418 221 221 221
11.890938758850 9.546640396118 1.917999267578 244 244 244
11.377073287964 9.504084587097 1.908996582031 196 196 196
11.927433967590 9.863232612610 1.765998840332 145 145 145
11.928723335266 9.847661018372 1.813995361328 223 223 223
11.927433967590 9.863232612610 1.859001159668 221 221 221
11.928723335266 9.847661018372 1.905998229980 223 223 223
11.397995948792 9.819386482239 1.892997741699 208 208 208
11.397995948792 9.819386482239 1.942001342773 110 110 110
11.901641845703 10.174666404724 1.784996032715 203 203 203
11.887359619141 10.157805442810 1.831001281738 226 226 226
11.902931213379 10.159094810486 1.877998352051 221 221 221
11.873078346252 10.140944480896 1.919998168945 235 235 235
11.387776374817 10.132109642029 1.914001464844 199 199 199
11.862857818604 10.453667640686 1.800994873047 213 213 213
11.862857818604 10.453667640686 1.847000122070 215 215 215
11.862857818604 10.453667640686 1.893997192383 214 214 214
11.784998893738 10.447219848633 1.931999206543 199 199 199
11.380135536194 10.413690567017 1.936996459961 147 147 147
11.805922508240 10.762522697449 1.778999328613 169 169 169
11.820204734802 10.779383659363 1.825996398926 221 221 221
11.805922508240 10.762522697449 1.872001647949 226 226 226
11.804633140564 10.778094291687 1.916999816895 225 225 225
11.415340423584 10.745854377747 1.919998168945 196 196 196
11.764558792114 11.072666168213 1.763000488281 17 17 17
11.778841018677 11.089528083801 1.810997009277 221 221 221
11.778841018677 11.089528083801 1.856994628906 224 224 224
11.778841018677 11.089528083801 1.902999877930 221 221 221
11.467407226563 11.063735961914 1.915000915527 205 205 205
11.737477302551 11.399671554565 1.793998718262 202 202 202
11.751759529114 11.416533470154 1.840995788574 220 220 220
11.751759529114 11.416533470154 1.888000488281 219 219 219
11.659619331360 11.393223762512 1.924995422363 215 215 215
11.409181594849 11.388161659241 1.946998596191 28 28 28
11.681831359863 11.692955017090 1.768997192383 13 13 13
11.696113586426 11.709815979004 1.819000244141 223 223 223
11.696113586426 11.709815979004 1.864997863770 223 223 223
11.710395812988 11.726676940918 1.913002014160 222 222 222
11.492392539978 11.708622932434 1.935997009277 181 181 181
11.654749870300 12.019960403442 1.786994934082 129 129 129
11.670321464539 12.021249771118 1.836997985840 225 225 225
11.670321464539 12.021249771118 1.883995056152 222 222 222
11.654749870300 12.019960403442 1.929000854492 216 216 216
11.469179153442 11.988913536072 1.955001831055 49 49 49
11.645819664001 12.317111968994 1.808998107910 203 203 203
11.645819664001 12.317111968994 1.855995178223 224 224 224
11.645819664001 12.317111968994 1.902999877930 223 223 223
11.583533287048 12.311953544617 1.943000793457 177 177 177
11.604455947876 12.627256393433 1.784996032715 101 101 101
11.620027542114 12.628545761108 1.833999633789 223 223 223
11.620027542114 12.628545761108 1.881996154785 223 223 223
11.620027542114 12.628545761108 1.929000854492 207 207 207
11.563092231750 12.937400817871 1.814994812012 204 204 204
11.563092231750 12.937400817871 1.862998962402 216 216 216
11.547520637512 12.936110496521 1.908996582031 209 209 209
11.536010742188 13.264406204224 1.802001953125 165 165 165
11.552871704102 13.250123977661 1.849998474121 220 220 220
11.536010742188 13.264406204224 1.895996093750 213 213 213
11.552871704102 13.250123977661 1.943000793457 134 134 134
11.542652130127 13.562847137451 1.830001831055 215 215 215
11.556934356689 13.579708099365 1.877998352051 218 218 218
11.542652130127 13.562847137451 1.923995971680 195 195 195
11.516860008240 13.874280929565 1.798995971680 87 87 87
11.532431602478 13.875570297241 1.847999572754 218 218 218
11.532431602478 13.875570297241 1.894996643066 215 215 215
11.548004150391 13.876860618591 1.942001342773 173 173 173
11.532431602478 13.875570297241 1.987998962402 166 166 166
11.532431602478 13.875570297241 2.033996582031 166 166 166
11.532431602478 13.875570297241 2.080001831055 123 123 123
11.539073944092 14.174012184143 1.819999694824 188 188 188
11.537783622742 14.189583778381 1.867996215820 210 210 210
11.537783622742 14.189583778381 1.914001464844 205 205 205
