17.281250000000 13.101562500000 4.235000610352 167 167 167
17.296875000000 13.101562500000 4.204002380371 189 189 189
17.281250000000 13.101562500000 4.171997070313 174 174 174
17.281250000000 13.101562500000 4.139999389648 185 185 185
17.281250000000 13.101562500000 4.108001708984 184 184 184
17.281250000000 13.109375000000 4.075996398926 176 176 176
17.281250000000 13.109375000000 4.043998718262 184 184 184
17.281250000000 13.109375000000 4.012001037598 132 132 132
17.265625000000 13.132812500000 3.759002685547 161 161 161
17.265625000000 13.132812500000 3.727996826172 173 173 173
17.265625000000 13.132812500000 3.697998046875 174 174 174
17.265625000000 13.140625000000 3.666000366211 175 175 175
17.265625000000 13.140625000000 3.635002136230 174 174 174
17.265625000000 13.140625000000 3.606002807617 177 177 177
17.265625000000 13.140625000000 3.574996948242 178 178 178
17.250000000000 13.148437500000 3.542999267578 171 171 171
17.421875000000 13.070312500000 3.127998352051 29 29 29
17.453125000000 13.062500000000 3.097999572754 106 106 106
17.437500000000 13.070312500000 3.066001892090 129 129 129
17.406250000000 13.085937500000 3.035003662109 127 127 127
17.406250000000 13.085937500000 3.003997802734 125 125 125
17.406250000000 13.093750000000 2.972999572754 106 106 106
17.406250000000 13.085937500000 2.942001342773 82 82 82
17.203125000000 12.828125000000 4.672996520996 141 141 141
17.140625000000 12.867187500000 4.617996215820 148 148 148
17.328125000000 12.757812500000 4.655998229980 139 139 139
17.359375000000 12.742187500000 4.630996704102 132 132 132
17.328125000000 12.757812500000 4.586997985840 128 128 128
17.218750000000 12.828125000000 4.512001037598 101 101 101
17.234375000000 12.828125000000 4.483001708984 131 131 131
17.250000000000 12.812500000000 4.458000183105 125 125 125
17.296875000000 12.789062500000 4.439002990723 83 83 83
17.296875000000 12.804687500000 4.055999755859 161 161 161
17.312500000000 12.804687500000 4.025001525879 179 179 179
17.312500000000 12.804687500000 3.992996215820 175 175 175
17.296875000000 12.804687500000 3.959999084473 178 178 178
17.296875000000 12.812500000000 3.928001403809 169 169 169
17.296875000000 12.812500000000 3.894996643066 171 171 171
17.296875000000 12.812500000000 3.864997863770 172 172 172
17.296875000000 12.812500000000 3.833999633789 175 175 175
17.296875000000 12.820312500000 3.803001403809 175 175 175
17.281250000000 12.820312500000 3.769996643066 176 176 176
17.281250000000 12.828125000000 3.738998413086 173 173 173
17.296875000000 12.820312500000 3.709999084473 132 132 132
17.421875000000 12.773437500000 3.198997497559 122 122 122
17.437500000000 12.765625000000 3.167999267578 117 117 117
17.421875000000 12.773437500000 3.137001037598 119 119 119
17.421875000000 12.781250000000 3.106002807617 120 120 120
17.437500000000 12.765625000000 3.075996398926 115 115 115
17.437500000000 12.773437500000 3.044998168945 122 122 122
17.421875000000 12.781250000000 3.013999938965 120 120 120
17.437500000000 12.781250000000 2.983001708984 119 119 119
17.421875000000 12.781250000000 2.952003479004 118 118 118
17.421875000000 12.781250000000 2.920997619629 117 117 117
17.421875000000 12.789062500000 2.889999389648 115 115 115
17.390625000000 12.804687500000 2.860000610352 123 123 123
17.421875000000 12.789062500000 2.829002380371 117 117 117
17.390625000000 12.804687500000 2.799003601074 128 128 128
17.421875000000 12.796875000000 2.766998291016 117 117 117
17.406250000000 12.804687500000 2.736999511719 142 142 142
17.406250000000 12.804687500000 2.707000732422 124 124 124
17.390625000000 12.812500000000 2.676002502441 136 136 136
17.421875000000 12.804687500000 2.643997192383 106 106 106
17.390625000000 12.812500000000 2.614997863770 122 122 122
17.406250000000 12.812500000000 2.583999633789 129 129 129
17.421875000000 12.804687500000 2.552001953125 124 124 124
17.421875000000 12.804687500000 2.521003723145 56 56 56
17.093750000000 12.593750000000 4.606002807617 101 101 101
17.203125000000 12.531250000000 4.614997863770 122 122 122
17.250000000000 12.507812500000 4.599998474121 128 128 128
17.296875000000 12.484375000000 4.583000183105 78 78 78
17.312500000000 12.484375000000 4.133003234863 157 157 157
17.312500000000 12.492187500000 4.098999023438 171 171 171
17.312500000000 12.492187500000 4.068000793457 169 169 169
17.312500000000 12.500000000000 4.035003662109 173 173 173
17.328125000000 12.492187500000 4.005996704102 199 199 199
17.312500000000 12.492187500000 3.973999023438 202 202 202
17.328125000000 12.492187500000 3.943000793457 180 180 180
17.312500000000 12.507812500000 3.907997131348 164 164 164
17.328125000000 12.492187500000 3.880996704102 141 141 141
17.328125000000 12.500000000000 3.847999572754 196 196 196
17.312500000000 12.500000000000 3.817001342773 210 210 210
17.328125000000 12.500000000000 3.786003112793 201 201 201
17.312500000000 12.507812500000 3.753997802734 212 212 212
17.328125000000 12.507812500000 3.723999023438 214 214 214
17.312500000000 12.507812500000 3.692001342773 184 184 184
17.328125000000 12.507812500000 3.663002014160 166 166 166
17.453125000000 12.453125000000 3.180000305176 112 112 112
17.437500000000 12.460937500000 3.149002075195 124 124 124
17.453125000000 12.460937500000 3.117996215820 128 128 128
17.453125000000 12.460937500000 3.086997985840 126 126 126
17.421875000000 12.484375000000 3.055000305176 122 122 122
17.406250000000 12.492187500000 3.024002075195 119 119 119
17.390625000000 12.500000000000 2.994003295898 121 121 121
17.406250000000 12.492187500000 2.962997436523 122 122 122
17.437500000000 12.468750000000 2.931999206543 128 128 128
17.437500000000 12.476562500000 2.901000976563 126 126 126
17.437500000000 12.484375000000 2.871002197266 128 128 128
17.437500000000 12.484375000000 2.839996337891 117 117 117
17.437500000000 12.484375000000 2.808998107910 120 120 120
17.421875000000 12.492187500000 2.778999328613 115 115 115
17.390625000000 12.507812500000 2.749000549316 109 109 109
17.421875000000 12.492187500000 2.717002868652 99 99 99
17.421875000000 12.500000000000 2.686996459961 61 61 61
17.140625000000 12.664062500000 2.615997314453 26 26 26
17.156250000000 12.648437500000 2.585998535156 54 54 54
17.140625000000 12.656250000000 2.557998657227 68 68 68
17.156250000000 12.656250000000 2.527999877930 88 88 88
17.125000000000 12.671875000000 2.501998901367 94 94 94
17.140625000000 12.671875000000 2.472000122070 98 98 98
17.140625000000 12.671875000000 2.443000793457 112 112 112
17.140625000000 12.671875000000 2.414001464844 115 115 115
17.140625000000 12.671875000000 2.385002136230 123 123 123
17.125000000000 12.679687500000 2.357002258301 123 123 123
17.140625000000 12.679687500000 2.327003479004 129 129 129
17.140625000000 12.679687500000 2.296997070313 134 134 134
17.125000000000 12.687500000000 2.269996643066 138 138 138
17.125000000000 12.687500000000 2.239997863770 147 147 147
17.140625000000 12.679687500000 2.208999633789 156 156 156
17.125000000000 12.687500000000 2.181999206543 163 163 163
17.125000000000 12.687500000000 2.152000427246 157 157 157
17.140625000000 12.687500000000 2.122001647949 165 165 165
17.125000000000 12.695312500000 2.096000671387 164 164 164
17.125000000000 12.695312500000 2.065002441406 167 167 167
17.125000000000 12.695312500000 2.035003662109 170 170 170
17.125000000000 12.695312500000 2.006996154785 171 171 171
17.125000000000 12.695312500000 1.976997375488 176 176 176
17.125000000000 12.703125000000 1.948997497559 174 174 174
17.125000000000 12.703125000000 1.917999267578 179 179 179
17.125000000000 12.703125000000 1.888000488281 181 181 181
17.109375000000 12.710937500000 1.861000061035 185 185 185
17.125000000000 12.710937500000 1.830001831055 185 185 185
17.109375000000 12.710937500000 1.801002502441 186 186 186
17.125000000000 12.710937500000 1.769996643066 186 186 186
17.125000000000 12.710937500000 1.737998962402 190 190 190
17.109375000000 12.718750000000 1.710998535156 190 190 190
17.125000000000 12.710937500000 1.679000854492 191 191 191
17.109375000000 12.718750000000 1.650001525879 191 191 191
17.125000000000 12.718750000000 1.617996215820 190 190 190
17.125000000000 12.718750000000 1.588996887207 195 195 195
17.125000000000 12.718750000000 1.557998657227 198 198 198
17.125000000000 12.726562500000 1.527999877930 195 195 195
17.109375000000 12.726562500000 1.498001098633 197 197 197
17.109375000000 12.726562500000 1.467002868652 198 198 198
17.109375000000 12.734375000000 1.436996459961 197 197 197
17.125000000000 12.726562500000 1.403999328613 197 197 197
17.109375000000 12.734375000000 1.374000549316 198 198 198
17.109375000000 12.734375000000 1.346000671387 198 198 198
17.125000000000 12.734375000000 1.310997009277 200 200 200
17.109375000000 12.742187500000 1.281997680664 196 196 196
17.109375000000 12.742187500000 1.250999450684 193 193 193
17.125000000000 12.734375000000 1.214996337891 194 194 194
17.109375000000 12.742187500000 1.186996459961 189 189 189
17.109375000000 12.742187500000 1.154998779297 187 187 187
17.109375000000 12.742187500000 1.122001647949 186 186 186
17.109375000000 12.742187500000 1.088996887207 184 184 184
17.125000000000 12.742187500000 1.055999755859 180 180 180
17.343750000000 12.164062500000 4.279998779297 132 132 132
17.359375000000 12.156250000000 4.250999450684 167 167 167
17.343750000000 12.164062500000 4.214996337891 169 169 169
17.343750000000 12.164062500000 4.182998657227 174 174 174
17.343750000000 12.164062500000 4.151000976563 190 190 190
17.343750000000 12.171875000000 4.116996765137 172 172 172
17.343750000000 12.171875000000 4.084999084473 123 123 123
17.343750000000 12.187500000000 3.677001953125 177 177 177
17.343750000000 12.187500000000 3.647003173828 195 195 195
17.343750000000 12.187500000000 3.615997314453 199 199 199
17.328125000000 12.195312500000 3.583000183105 189 189 189
17.343750000000 12.195312500000 3.554000854492 190 190 190
17.343750000000 12.195312500000 3.523002624512 206 206 206
17.343750000000 12.203125000000 3.491996765137 178 178 178
17.343750000000 12.203125000000 3.460998535156 92 92 92
17.390625000000 13.328125000000 3.505996704102 233 233 233
17.265625000000 13.265625000000 3.519996643066 172 172 172
17.281250000000 13.265625000000 3.550003051758 191 191 191
17.281250000000 13.265625000000 3.579002380371 191 191 191
17.265625000000 13.265625000000 3.608001708984 187 187 187
17.281250000000 13.273437500000 3.639999389648 190 190 190
17.281250000000 13.265625000000 3.668998718262 190 190 190
17.421875000000 13.367187500000 4.165000915527 250 250 250
17.296875000000 13.296875000000 4.161003112793 183 183 183
17.296875000000 13.296875000000 4.192001342773 179 179 179
17.296875000000 13.296875000000 4.222999572754 108 108 108
17.375000000000 12.984375000000 2.829002380371 82 82 82
17.421875000000 13.007812500000 2.859001159668 116 116 116
17.421875000000 13.015625000000 2.888000488281 126 126 126
17.437500000000 13.015625000000 2.917999267578 124 124 124
17.437500000000 13.015625000000 2.947998046875 122 122 122
17.437500000000 13.015625000000 2.977996826172 123 123 123
17.437500000000 13.023437500000 3.008003234863 120 120 120
17.437500000000 13.023437500000 3.038002014160 124 124 124
17.437500000000 13.023437500000 3.068000793457 123 123 123
17.437500000000 13.023437500000 3.097999572754 119 119 119
17.437500000000 13.023437500000 3.127998352051 127 127 127
17.468750000000 13.046875000000 3.160003662109 147 147 147
17.296875000000 12.968750000000 3.621002197266 112 112 112
17.296875000000 12.968750000000 3.650001525879 193 193 193
17.296875000000 12.968750000000 3.680000305176 189 189 189
17.296875000000 12.968750000000 3.708999633789 189 189 189
17.296875000000 12.968750000000 3.739997863770 195 195 195
17.296875000000 12.968750000000 3.769996643066 188 188 188
17.296875000000 12.968750000000 3.800003051758 186 186 186
17.296875000000 12.968750000000 3.830001831055 191 191 191
17.281250000000 12.968750000000 3.859001159668 125 125 125
17.296875000000 12.984375000000 3.954002380371 163 163 163
17.312500000000 12.984375000000 3.986000061035 177 177 177
17.312500000000 12.992187500000 4.017997741699 174 174 174
17.312500000000 12.992187500000 4.049003601074 176 176 176
17.312500000000 12.984375000000 4.077003479004 171 171 171
17.312500000000 12.992187500000 4.110000610352 172 172 172
17.312500000000 12.992187500000 4.141998291016 173 173 173
17.312500000000 13.000000000000 4.175003051758 167 167 167
17.437500000000 12.695312500000 2.538002014160 101 101 101
17.437500000000 12.695312500000 2.568000793457 100 100 100
17.437500000000 12.695312500000 2.597999572754 104 104 104
17.359375000000 12.656250000000 2.631996154785 112 112 112
17.359375000000 12.656250000000 2.661003112793 112 112 112
17.390625000000 12.671875000000 2.689002990723 104 104 104
17.375000000000 12.664062500000 2.720001220703 104 104 104
17.296875000000 12.625000000000 2.750999450684 90 90 90
17.406250000000 12.687500000000 2.777999877930 103 103 103
17.312500000000 12.632812500000 2.808998107910 142 142 142
17.281250000000 12.617187500000 2.838996887207 160 160 160
17.296875000000 12.625000000000 2.866996765137 171 171 171
17.312500000000 12.640625000000 2.896003723145 143 143 143
17.328125000000 12.648437500000 2.925003051758 134 134 134
17.312500000000 12.632812500000 2.954002380371 156 156 156
17.296875000000 12.625000000000 2.983001708984 170 170 170
17.281250000000 12.625000000000 3.012001037598 139 139 139
17.437500000000 12.718750000000 3.045997619629 119 119 119
17.421875000000 12.703125000000 3.074996948242 117 117 117
17.375000000000 12.687500000000 3.102996826172 122 122 122
17.359375000000 12.671875000000 3.130996704102 123 123 123
17.343750000000 12.664062500000 3.160003662109 145 145 145
17.328125000000 12.656250000000 3.188003540039 148 148 148
17.296875000000 12.640625000000 3.216003417969 135 135 135
17.406250000000 12.703125000000 3.252998352051 221 221 221
17.296875000000 12.640625000000 3.274002075195 146 146 146
17.359375000000 12.679687500000 3.308998107910 196 196 196
17.328125000000 12.664062500000 3.335998535156 182 182 182
17.296875000000 12.648437500000 3.361999511719 151 151 151
17.296875000000 12.648437500000 3.391998291016 156 156 156
17.296875000000 12.648437500000 3.420997619629 163 163 163
17.296875000000 12.648437500000 3.449996948242 161 161 161
17.296875000000 12.648437500000 3.478996276855 166 166 166
17.296875000000 12.656250000000 3.510002136230 168 168 168
17.296875000000 12.648437500000 3.538002014160 173 173 173
17.296875000000 12.656250000000 3.568000793457 173 173 173
17.296875000000 12.656250000000 3.597999572754 174 174 174
17.296875000000 12.656250000000 3.627998352051 177 177 177
17.296875000000 12.664062500000 3.657997131348 179 179 179
17.296875000000 12.664062500000 3.688003540039 179 179 179
17.312500000000 12.664062500000 3.718002319336 177 177 177
17.296875000000 12.664062500000 3.748001098633 177 177 177
17.296875000000 12.664062500000 3.777000427246 178 178 178
17.296875000000 12.664062500000 3.807998657227 176 176 176
17.296875000000 12.664062500000 3.836997985840 170 170 170
17.281250000000 12.656250000000 3.864997863770 168 168 168
17.296875000000 12.664062500000 3.897003173828 165 165 165
17.281250000000 12.656250000000 3.924003601074 162 162 162
17.281250000000 12.656250000000 3.955001831055 162 162 162
17.281250000000 12.656250000000 3.985000610352 160 160 160
17.281250000000 12.656250000000 4.013999938965 160 160 160
17.281250000000 12.656250000000 4.045997619629 158 158 158
17.265625000000 12.656250000000 4.074996948242 156 156 156
17.265625000000 12.656250000000 4.103996276855 151 151 151
17.265625000000 12.656250000000 4.134002685547 145 145 145
17.250000000000 12.648437500000 4.163002014160 142 142 142
17.234375000000 12.640625000000 4.188003540039 137 137 137
17.234375000000 12.640625000000 4.217002868652 136 136 136
17.234375000000 12.640625000000 4.247001647949 137 137 137
17.234375000000 12.640625000000 4.277999877930 141 141 141
17.218750000000 12.640625000000 4.306999206543 144 144 144
17.203125000000 12.632812500000 4.333999633789 151 151 151
17.203125000000 12.632812500000 4.365997314453 153 153 153
17.203125000000 12.625000000000 4.392997741699 164 164 164
17.250000000000 12.656250000000 4.443000793457 111 111 111
17.187500000000 12.617187500000 4.449996948242 170 170 170
17.171875000000 12.609375000000 4.476997375488 171 171 171
17.171875000000 12.617187500000 4.509002685547 122 122 122
17.203125000000 12.632812500000 4.551002502441 101 101 101
17.203125000000 12.632812500000 4.584999084473 109 109 109
17.203125000000 12.640625000000 4.619003295898 128 128 128
17.109375000000 12.578125000000 4.610000610352 143 143 143
17.171875000000 12.617187500000 4.666000366211 153 153 153
17.187500000000 12.632812500000 4.708999633789 89 89 89
17.453125000000 12.406250000000 2.844001770020 100 100 100
17.468750000000 12.414062500000 2.874000549316 120 120 120
17.468750000000 12.414062500000 2.903999328613 123 123 123
17.468750000000 12.414062500000 2.933998107910 116 116 116
17.468750000000 12.414062500000 2.963996887207 123 123 123
17.468750000000 12.421875000000 2.994003295898 121 121 121
17.468750000000 12.421875000000 3.024002075195 127 127 127
17.484375000000 12.429687500000 3.054000854492 122 122 122
17.468750000000 12.429687500000 3.083999633789 118 118 118
17.468750000000 12.429687500000 3.114997863770 122 122 122
17.468750000000 12.421875000000 3.143997192383 126 126 126
17.468750000000 12.429687500000 3.175003051758 103 103 103
17.343750000000 12.375000000000 3.582000732422 151 151 151
17.343750000000 12.367187500000 3.611000061035 187 187 187
17.343750000000 12.375000000000 3.641998291016 199 199 199
17.343750000000 12.367187500000 3.670997619629 197 197 197
17.343750000000 12.375000000000 3.702003479004 181 181 181
17.343750000000 12.367187500000 3.731002807617 207 207 207
17.343750000000 12.375000000000 3.763000488281 219 219 219
17.343750000000 12.375000000000 3.791999816895 184 184 184
17.343750000000 12.375000000000 3.821998596191 140 140 140
17.343750000000 12.382812500000 3.975997924805 181 181 181
17.343750000000 12.382812500000 4.005996704102 205 205 205
17.328125000000 12.382812500000 4.036003112793 195 195 195
17.328125000000 12.382812500000 4.066001892090 204 204 204
17.343750000000 12.382812500000 4.098999023438 186 186 186
17.343750000000 12.390625000000 4.129997253418 187 187 187
17.343750000000 12.390625000000 4.161003112793 193 193 193
17.390625000000 12.421875000000 4.209999084473 201 201 201
17.375000000000 12.070312500000 3.623001098633 76 76 76
17.359375000000 12.085937500000 4.143997192383 184 184 184
17.375000000000 12.093750000000 4.177001953125 150 150 150
17.312500000000 13.234375000000 3.462997436523 67 67 67
17.265625000000 13.234375000000 3.483001708984 228 228 228
17.265625000000 13.234375000000 3.509002685547 232 232 232
17.265625000000 13.234375000000 3.535003662109 231 231 231
17.265625000000 13.234375000000 3.560997009277 229 229 229
17.265625000000 13.234375000000 3.587997436523 224 224 224
17.265625000000 13.234375000000 3.613998413086 226 226 226
17.281250000000 13.234375000000 3.641998291016 222 222 222
17.265625000000 13.234375000000 3.668998718262 223 223 223
17.265625000000 13.234375000000 3.694000244141 202 202 202
17.281250000000 13.218750000000 4.083000183105 199 199 199
17.281250000000 13.218750000000 4.109001159668 218 218 218
17.281250000000 13.218750000000 4.138000488281 216 216 216
17.281250000000 13.218750000000 4.166999816895 216 216 216
17.281250000000 13.218750000000 4.194999694824 208 208 208
17.281250000000 13.218750000000 4.222000122070 206 206 206
17.296875000000 13.218750000000 4.253997802734 208 208 208
17.281250000000 13.218750000000 4.280998229980 207 207 207
17.296875000000 13.218750000000 4.310997009277 146 146 146
17.406250000000 12.937500000000 2.671997070313 32 32 32
17.406250000000 12.937500000000 2.697998046875 96 96 96
17.375000000000 12.937500000000 2.723999023438 149 149 149
17.359375000000 12.937500000000 2.750000000000 177 177 177
17.359375000000 12.937500000000 2.775001525879 176 176 176
17.359375000000 12.937500000000 2.801002502441 185 185 185
17.359375000000 12.937500000000 2.827003479004 185 185 185
17.375000000000 12.937500000000 2.853996276855 159 159 159
17.406250000000 12.937500000000 2.880996704102 129 129 129
17.421875000000 12.937500000000 2.907997131348 124 124 124
17.421875000000 12.929687500000 2.933998107910 120 120 120
17.390625000000 12.929687500000 2.958999633789 123 123 123
17.375000000000 12.929687500000 2.984001159668 126 126 126
17.375000000000 12.929687500000 3.010002136230 125 125 125
17.375000000000 12.929687500000 3.036003112793 121 121 121
17.421875000000 12.929687500000 3.066001892090 129 129 129
17.437500000000 12.929687500000 3.093002319336 128 128 128
17.421875000000 12.929687500000 3.119003295898 128 128 128
17.453125000000 12.929687500000 3.148002624512 130 130 130
17.437500000000 12.929687500000 3.172996520996 129 129 129
17.421875000000 12.929687500000 3.198997497559 94 94 94
17.312500000000 12.921875000000 3.634002685547 59 59 59
17.296875000000 12.921875000000 3.654998779297 225 225 225
17.296875000000 12.914062500000 3.683998107910 229 229 229
17.296875000000 12.914062500000 3.708999633789 226 226 226
17.281250000000 12.914062500000 3.734001159668 222 222 222
17.296875000000 12.914062500000 3.763000488281 218 218 218
17.296875000000 12.914062500000 3.791000366211 219 219 219
17.296875000000 12.914062500000 3.817001342773 217 217 217
17.281250000000 12.914062500000 3.842002868652 214 214 214
17.281250000000 12.914062500000 3.870002746582 201 201 201
17.296875000000 12.914062500000 3.902000427246 210 210 210
17.296875000000 12.914062500000 3.929000854492 217 217 217
17.296875000000 12.914062500000 3.956001281738 219 219 219
17.296875000000 12.914062500000 3.984001159668 215 215 215
17.296875000000 12.914062500000 4.012001037598 214 214 214
17.312500000000 12.914062500000 4.042999267578 217 217 217
17.312500000000 12.914062500000 4.070999145508 213 213 213
17.312500000000 12.906250000000 4.097000122070 212 212 212
17.312500000000 12.906250000000 4.125999450684 171 171 171
17.328125000000 12.898437500000 4.574996948242 107 107 107
17.281250000000 12.898437500000 4.583000183105 97 97 97
17.218750000000 12.898437500000 4.583000183105 91 91 91
17.140625000000 12.664062500000 1.083999633789 148 148 148
17.140625000000 12.664062500000 1.113998413086 152 152 152
17.156250000000 12.664062500000 1.137001037598 153 153 153
17.171875000000 12.656250000000 1.161003112793 156 156 156
17.156250000000 12.656250000000 1.190002441406 155 155 155
17.156250000000 12.656250000000 1.222000122070 156 156 156
17.156250000000 12.656250000000 1.249000549316 161 161 161
17.156250000000 12.656250000000 1.273002624512 165 165 165
17.171875000000 12.656250000000 1.295997619629 159 159 159
17.140625000000 12.656250000000 1.333999633789 132 132 132
17.171875000000 12.656250000000 1.350997924805 179 179 179
17.171875000000 12.656250000000 1.376998901367 170 170 170
17.187500000000 12.656250000000 1.402999877930 180 180 180
17.187500000000 12.656250000000 1.428001403809 190 190 190
17.203125000000 12.656250000000 1.453002929688 207 207 207
17.218750000000 12.656250000000 1.472999572754 225 225 225
17.218750000000 12.656250000000 1.500999450684 218 218 218
17.234375000000 12.656250000000 1.523002624512 240 240 240
17.250000000000 12.656250000000 1.547996520996 237 237 237
17.265625000000 12.648437500000 1.569000244141 6 6 6
17.156250000000 12.648437500000 1.623001098633 118 118 118
17.187500000000 12.648437500000 1.640998840332 149 149 149
17.171875000000 12.648437500000 1.670997619629 138 138 138
17.171875000000 12.648437500000 1.696998596191 127 127 127
17.171875000000 12.648437500000 1.724998474121 106 106 106
17.171875000000 12.648437500000 1.750999450684 112 112 112
17.156250000000 12.648437500000 1.778999328613 106 106 106
17.171875000000 12.648437500000 1.801002502441 112 112 112
17.171875000000 12.648437500000 1.825996398926 118 118 118
17.171875000000 12.648437500000 1.853996276855 114 114 114
17.187500000000 12.648437500000 1.875000000000 125 125 125
17.187500000000 12.648437500000 1.902000427246 118 118 118
17.203125000000 12.648437500000 1.925003051758 125 125 125
17.187500000000 12.640625000000 1.954002380371 113 113 113
17.203125000000 12.648437500000 1.975997924805 111 111 111
17.203125000000 12.640625000000 2.001998901367 114 114 114
17.234375000000 12.640625000000 2.046997070313 147 147 147
17.203125000000 12.640625000000 2.078002929688 91 91 91
17.250000000000 12.640625000000 2.097000122070 158 158 158
17.171875000000 12.640625000000 2.131996154785 62 62 62
17.171875000000 12.640625000000 2.157997131348 56 56 56
17.187500000000 12.640625000000 2.181999206543 55 55 55
17.171875000000 12.640625000000 2.208000183105 54 54 54
17.187500000000 12.640625000000 2.232002258301 45 45 45
17.187500000000 12.640625000000 2.256996154785 37 37 37
17.171875000000 12.640625000000 2.282997131348 31 31 31
17.406250000000 12.632812500000 2.523002624512 94 94 94
17.437500000000 12.632812500000 2.547996520996 125 125 125
17.421875000000 12.632812500000 2.574996948242 112 112 112
17.421875000000 12.632812500000 2.600997924805 115 115 115
17.406250000000 12.632812500000 2.627998352051 106 106 106
17.343750000000 12.632812500000 2.653999328613 120 120 120
17.375000000000 12.632812500000 2.680000305176 126 126 126
17.421875000000 12.625000000000 2.706001281738 112 112 112
17.437500000000 12.625000000000 2.732002258301 112 112 112
17.421875000000 12.625000000000 2.758003234863 111 111 111
17.265625000000 12.625000000000 2.780998229980 108 108 108
17.265625000000 12.625000000000 2.806999206543 162 162 162
17.250000000000 12.625000000000 2.831001281738 177 177 177
17.265625000000 12.625000000000 2.857002258301 182 182 182
17.250000000000 12.625000000000 2.881996154785 177 177 177
17.312500000000 12.625000000000 2.910003662109 156 156 156
17.312500000000 12.625000000000 2.935997009277 165 165 165
17.281250000000 12.625000000000 2.959999084473 181 181 181
17.281250000000 12.625000000000 2.985000610352 174 174 174
17.296875000000 12.625000000000 3.011001586914 152 152 152
17.437500000000 12.625000000000 3.049003601074 123 123 123
17.437500000000 12.617187500000 3.074996948242 114 114 114
17.453125000000 12.617187500000 3.101997375488 115 115 115
17.453125000000 12.617187500000 3.128997802734 128 128 128
17.453125000000 12.617187500000 3.155998229980 131 131 131
17.453125000000 12.617187500000 3.181999206543 128 128 128
17.437500000000 12.617187500000 3.207000732422 80 80 80
17.328125000000 12.609375000000 3.697998046875 88 88 88
17.312500000000 12.609375000000 3.721000671387 218 218 218
17.312500000000 12.609375000000 3.749000549316 221 221 221
17.312500000000 12.609375000000 3.776000976563 223 223 223
17.328125000000 12.609375000000 3.805000305176 225 225 225
17.312500000000 12.609375000000 3.828002929688 216 216 216
17.312500000000 12.609375000000 3.855003356934 215 215 215
17.312500000000 12.609375000000 3.884002685547 218 218 218
17.312500000000 12.601562500000 3.913002014160 214 214 214
17.312500000000 12.601562500000 3.939002990723 213 213 213
17.312500000000 12.601562500000 3.967002868652 214 214 214
17.312500000000 12.601562500000 3.995002746582 213 213 213
17.312500000000 12.601562500000 4.019996643066 210 210 210
17.312500000000 12.601562500000 4.051002502441 189 189 189
17.250000000000 12.601562500000 4.309997558594 84 84 84
17.218750000000 12.601562500000 4.328002929688 148 148 148
17.218750000000 12.593750000000 4.355003356934 148 148 148
17.218750000000 12.593750000000 4.384002685547 119 119 119
17.250000000000 12.593750000000 4.428001403809 110 110 110
17.203125000000 12.593750000000 4.441001892090 128 128 128
17.171875000000 12.593750000000 4.457000732422 141 141 141
17.171875000000 12.593750000000 4.482002258301 117 117 117
17.312500000000 12.593750000000 4.569999694824 130 130 130
17.390625000000 12.593750000000 4.634002685547 147 147 147
17.343750000000 12.593750000000 4.647003173828 140 140 140
17.281250000000 12.593750000000 4.650001525879 134 134 134
17.093750000000 12.593750000000 4.597000122070 124 124 124
17.359375000000 12.304687500000 3.521003723145 71 71 71
17.343750000000 12.304687500000 3.543998718262 226 226 226
17.343750000000 12.304687500000 3.570999145508 233 233 233
17.328125000000 12.304687500000 3.595001220703 227 227 227
17.343750000000 12.304687500000 3.624000549316 230 230 230
17.343750000000 12.304687500000 3.650001525879 220 220 220
17.343750000000 12.304687500000 3.677001953125 202 202 202
17.343750000000 12.304687500000 3.704002380371 213 213 213
17.343750000000 12.304687500000 3.730003356934 218 218 218
17.328125000000 12.304687500000 3.755996704102 201 201 201
17.328125000000 12.296875000000 4.003997802734 206 206 206
17.328125000000 12.296875000000 4.032997131348 215 215 215
17.328125000000 12.296875000000 4.060997009277 195 195 195
17.328125000000 12.296875000000 4.088996887207 214 214 214
17.328125000000 12.296875000000 4.116996765137 211 211 211
17.343750000000 12.296875000000 4.149002075195 210 210 210
17.343750000000 12.296875000000 4.178001403809 207 207 207
17.328125000000 12.296875000000 4.202003479004 207 207 207
17.343750000000 12.289062500000 4.233001708984 149 149 149
17.359375000000 12.140625000000 4.227996826172 75 75 75
17.343750000000 12.140625000000 4.194000244141 185 185 185
17.343750000000 12.140625000000 4.166000366211 216 216 216
17.343750000000 12.140625000000 4.138000488281 212 212 212
17.328125000000 12.140625000000 4.106002807617 210 210 210
17.343750000000 12.140625000000 4.080001831055 153 153 153
17.343750000000 12.156250000000 3.634002685547 216 216 216
17.343750000000 12.156250000000 3.609001159668 222 222 222
17.343750000000 12.156250000000 3.580001831055 203 203 203
17.343750000000 12.156250000000 3.555000305176 214 214 214
17.343750000000 12.156250000000 3.527000427246 222 222 222
17.343750000000 12.156250000000 3.499000549316 199 199 199
17.328125000000 12.164062500000 3.471000671387 91 91 91
17.312500000000 12.437500000000 4.148002624512 181 181 181
17.328125000000 12.437500000000 4.120002746582 208 208 208
17.328125000000 12.437500000000 4.092002868652 209 209 209
17.328125000000 12.437500000000 4.064002990723 214 214 214
17.312500000000 12.437500000000 4.031997680664 211 211 211
17.312500000000 12.437500000000 4.005996704102 211 211 211
17.312500000000 12.437500000000 3.976997375488 208 208 208
17.328125000000 12.437500000000 3.952003479004 220 220 220
17.312500000000 12.437500000000 3.918998718262 204 204 204
17.328125000000 12.445312500000 3.811996459961 207 207 207
17.312500000000 12.445312500000 3.782997131348 218 218 218
17.328125000000 12.445312500000 3.759002685547 206 206 206
17.328125000000 12.445312500000 3.730003356934 215 215 215
17.328125000000 12.445312500000 3.704002380371 222 222 222
17.312500000000 12.445312500000 3.674003601074 194 194 194
17.328125000000 12.445312500000 3.647003173828 203 203 203
17.328125000000 12.445312500000 3.622001647949 224 224 224
17.328125000000 12.453125000000 3.594001770020 227 227 227
17.453125000000 12.468750000000 3.156997680664 114 114 114
17.453125000000 12.468750000000 3.129997253418 130 130 130
17.453125000000 12.468750000000 3.103996276855 131 131 131
17.468750000000 12.468750000000 3.078002929688 133 133 133
17.453125000000 12.468750000000 3.050003051758 134 134 134
17.437500000000 12.468750000000 3.023002624512 130 130 130
17.437500000000 12.468750000000 2.996002197266 130 130 130
17.437500000000 12.468750000000 2.969001770020 125 125 125
17.453125000000 12.468750000000 2.943000793457 128 128 128
17.453125000000 12.468750000000 2.916000366211 128 128 128
17.437500000000 12.476562500000 2.888999938965 124 124 124
17.437500000000 12.476562500000 2.862998962402 122 122 122
17.437500000000 12.476562500000 2.835998535156 128 128 128
17.453125000000 12.476562500000 2.809997558594 130 130 130
17.437500000000 12.476562500000 2.782997131348 127 127 127
17.453125000000 12.476562500000 2.756996154785 123 123 123
17.421875000000 12.476562500000 2.730003356934 90 90 90
17.156250000000 12.710937500000 4.663002014160 145 145 145
17.062500000000 12.710937500000 4.592002868652 154 154 154
17.140625000000 12.710937500000 4.597000122070 143 143 143
17.171875000000 12.718750000000 4.577003479004 135 135 135
17.171875000000 12.718750000000 4.547996520996 122 122 122
17.140625000000 12.718750000000 4.506996154785 106 106 106
17.140625000000 12.718750000000 4.474998474121 150 150 150
17.109375000000 12.718750000000 4.439002990723 179 179 179
17.156250000000 12.718750000000 4.424003601074 181 181 181
17.187500000000 12.718750000000 4.413002014160 117 117 117
17.171875000000 12.718750000000 4.375999450684 165 165 165
17.171875000000 12.718750000000 4.345001220703 174 174 174
17.156250000000 12.718750000000 4.311996459961 174 174 174
17.171875000000 12.726562500000 4.287002563477 175 175 175
17.156250000000 12.726562500000 4.255996704102 177 177 177
17.156250000000 12.726562500000 4.226997375488 176 176 176
17.156250000000 12.726562500000 4.197998046875 179 179 179
17.156250000000 12.726562500000 4.168998718262 175 175 175
17.156250000000 12.726562500000 4.143997192383 179 179 179
17.156250000000 12.726562500000 4.114997863770 177 177 177
17.156250000000 12.726562500000 4.086997985840 174 174 174
17.156250000000 12.726562500000 4.057998657227 179 179 179
17.156250000000 12.726562500000 4.030998229980 177 177 177
17.156250000000 12.726562500000 4.002998352051 175 175 175
17.156250000000 12.734375000000 3.974998474121 176 176 176
17.156250000000 12.734375000000 3.948997497559 178 178 178
17.156250000000 12.734375000000 3.920997619629 180 180 180
17.156250000000 12.734375000000 3.892997741699 177 177 177
17.156250000000 12.734375000000 3.867996215820 182 182 182
17.156250000000 12.734375000000 3.842002868652 181 181 181
17.156250000000 12.734375000000 3.814002990723 180 180 180
17.156250000000 12.734375000000 3.787002563477 181 181 181
17.156250000000 12.734375000000 3.761001586914 175 175 175
17.156250000000 12.734375000000 3.734001159668 178 178 178
17.156250000000 12.742187500000 3.707000732422 176 176 176
17.156250000000 12.742187500000 3.681999206543 179 179 179
17.156250000000 12.742187500000 3.656997680664 179 179 179
17.156250000000 12.742187500000 3.629997253418 176 176 176
17.156250000000 12.742187500000 3.603996276855 179 179 179
17.156250000000 12.742187500000 3.577003479004 178 178 178
17.156250000000 12.742187500000 3.551002502441 178 178 178
17.156250000000 12.742187500000 3.525001525879 177 177 177
17.156250000000 12.742187500000 3.499000549316 177 177 177
17.156250000000 12.742187500000 3.473999023438 175 175 175
17.156250000000 12.742187500000 3.448997497559 173 173 173
17.156250000000 12.750000000000 3.421997070313 175 175 175
17.156250000000 12.750000000000 3.396003723145 172 172 172
17.140625000000 12.750000000000 3.370002746582 176 176 176
17.156250000000 12.750000000000 3.347000122070 172 172 172
17.140625000000 12.750000000000 3.319000244141 174 174 174
17.156250000000 12.750000000000 3.293998718262 174 174 174
17.156250000000 12.750000000000 3.269996643066 169 169 169
17.156250000000 12.750000000000 3.242996215820 171 171 171
17.156250000000 12.750000000000 3.218002319336 169 169 169
17.156250000000 12.750000000000 3.192001342773 174 174 174
17.156250000000 12.757812500000 3.168998718262 169 169 169
17.140625000000 12.757812500000 3.141998291016 166 166 166
17.140625000000 12.757812500000 3.116996765137 165 165 165
17.156250000000 12.757812500000 3.092002868652 162 162 162
17.156250000000 12.757812500000 3.067001342773 162 162 162
17.156250000000 12.757812500000 3.041999816895 161 161 161
17.156250000000 12.757812500000 3.016998291016 162 162 162
17.156250000000 12.757812500000 2.991996765137 160 160 160
17.156250000000 12.757812500000 2.967002868652 158 158 158
17.156250000000 12.757812500000 2.942001342773 159 159 159
17.156250000000 12.757812500000 2.916999816895 158 158 158
17.156250000000 12.757812500000 2.891998291016 160 160 160
17.156250000000 12.765625000000 2.866996765137 156 156 156
17.156250000000 12.765625000000 2.842002868652 152 152 152
17.171875000000 12.765625000000 2.818000793457 154 154 154
17.156250000000 12.765625000000 2.791999816895 148 148 148
17.156250000000 12.765625000000 2.766998291016 151 151 151
17.156250000000 12.765625000000 2.741996765137 151 151 151
17.156250000000 12.765625000000 2.718002319336 149 149 149
17.171875000000 12.765625000000 2.693000793457 153 153 153
17.156250000000 12.765625000000 2.667999267578 151 151 151
17.187500000000 12.765625000000 2.642997741699 159 159 159
17.187500000000 12.773437500000 2.617996215820 156 156 156
17.187500000000 12.773437500000 2.592002868652 158 158 158
17.187500000000 12.773437500000 2.567001342773 153 153 153
17.187500000000 12.773437500000 2.541999816895 152 152 152
17.187500000000 12.773437500000 2.516998291016 151 151 151
17.187500000000 12.773437500000 2.491996765137 146 146 146
17.187500000000 12.773437500000 2.467002868652 142 142 142
17.187500000000 12.773437500000 2.442001342773 137 137 137
17.187500000000 12.773437500000 2.416999816895 132 132 132
17.187500000000 12.773437500000 2.391998291016 126 126 126
17.171875000000 12.773437500000 2.366996765137 123 123 123
17.171875000000 12.781250000000 2.342002868652 120 120 120
17.171875000000 12.781250000000 2.317001342773 115 115 115
17.171875000000 12.781250000000 2.291999816895 112 112 112
17.171875000000 12.781250000000 2.266998291016 113 113 113
17.171875000000 12.781250000000 2.240997314453 113 113 113
17.171875000000 12.781250000000 2.216003417969 107 107 107
17.171875000000 12.781250000000 2.191001892090 104 104 104
17.171875000000 12.781250000000 2.164001464844 101 101 101
17.171875000000 12.781250000000 2.139999389648 103 103 103
17.156250000000 12.781250000000 2.115997314453 97 97 97
17.218750000000 12.789062500000 2.082000732422 157 157 157
17.203125000000 12.789062500000 2.058998107910 120 120 120
17.234375000000 12.789062500000 2.027999877930 179 179 179
17.187500000000 12.789062500000 2.010002136230 101 101 101
17.187500000000 12.789062500000 1.984001159668 99 99 99
17.218750000000 12.789062500000 1.952003479004 125 125 125
17.187500000000 12.789062500000 1.931999206543 99 99 99
17.218750000000 12.789062500000 1.901000976563 119 119 119
17.218750000000 12.789062500000 1.874000549316 114 114 114
17.234375000000 12.789062500000 1.847000122070 124 124 124
17.265625000000 12.796875000000 1.815002441406 183 183 183
17.281250000000 12.796875000000 1.783996582031 201 201 201
17.234375000000 12.796875000000 1.766998291016 107 107 107
17.234375000000 12.796875000000 1.740997314453 106 106 106
17.234375000000 12.796875000000 1.716003417969 107 107 107
17.234375000000 12.796875000000 1.686996459961 107 107 107
17.250000000000 12.796875000000 1.658996582031 104 104 104
17.218750000000 12.796875000000 1.636001586914 96 96 96
17.421875000000 12.804687500000 1.561996459961 8 8 8
17.468750000000 12.804687500000 1.464996337891 8 8 8
17.156250000000 12.812500000000 1.108001708984 76 76 76
17.296875000000 13.031250000000 4.154998779297 207 207 207
17.296875000000 13.031250000000 4.125000000000 212 212 212
17.281250000000 13.031250000000 4.094001770020 211 211 211
17.296875000000 13.031250000000 4.069999694824 217 217 217
17.296875000000 13.031250000000 4.041999816895 214 214 214
17.296875000000 13.031250000000 4.013999938965 217 217 217
17.296875000000 13.031250000000 3.986999511719 220 220 220
17.281250000000 13.031250000000 3.955001831055 217 217 217
17.281250000000 13.031250000000 3.927001953125 140 140 140
17.265625000000 13.039062500000 3.811996459961 135 135 135
17.265625000000 13.039062500000 3.785003662109 220 220 220
17.281250000000 13.039062500000 3.761001586914 222 222 222
17.281250000000 13.039062500000 3.733001708984 224 224 224
17.281250000000 13.039062500000 3.706001281738 223 223 223
17.265625000000 13.039062500000 3.678001403809 223 223 223
17.265625000000 13.039062500000 3.649002075195 223 223 223
17.281250000000 13.039062500000 3.625999450684 229 229 229
17.281250000000 13.039062500000 3.597999572754 230 230 230
17.265625000000 13.046875000000 3.569999694824 212 212 212
17.406250000000 13.062500000000 3.111000061035 111 111 111
17.421875000000 13.062500000000 3.085998535156 128 128 128
17.406250000000 13.062500000000 3.057998657227 132 132 132
17.406250000000 13.062500000000 3.031997680664 124 124 124
17.421875000000 13.062500000000 3.005996704102 127 127 127
17.421875000000 13.062500000000 2.978996276855 123 123 123
17.406250000000 13.062500000000 2.950996398926 121 121 121
17.406250000000 13.062500000000 2.925003051758 126 126 126
17.406250000000 13.062500000000 2.899002075195 127 127 127
17.406250000000 13.062500000000 2.872001647949 123 123 123
17.390625000000 13.062500000000 2.845001220703 96 96 96
17.265625000000 13.328125000000 4.198997497559 102 102 102
17.265625000000 13.328125000000 4.170997619629 184 184 184
17.265625000000 13.328125000000 4.141998291016 212 212 212
17.265625000000 13.328125000000 4.113998413086 199 199 199
17.265625000000 13.343750000000 3.641998291016 135 135 135
17.250000000000 13.343750000000 3.612998962402 221 221 221
17.250000000000 13.343750000000 3.586997985840 200 200 200
17.234375000000 13.343750000000 3.558998107910 101 101 101
17.343750000000 12.328125000000 4.225997924805 55 55 55
17.328125000000 12.335937500000 4.192001342773 160 160 160
17.328125000000 12.343750000000 4.157997131348 160 160 160
17.328125000000 12.343750000000 4.126998901367 160 160 160
17.328125000000 12.343750000000 4.096000671387 164 164 164
17.328125000000 12.343750000000 4.064002990723 193 193 193
17.328125000000 12.351562500000 4.031997680664 193 193 193
17.328125000000 12.351562500000 4.000999450684 180 180 180
17.328125000000 12.351562500000 3.968002319336 140 140 140
17.343750000000 12.359375000000 3.783996582031 25 25 25
17.328125000000 12.367187500000 3.750999450684 171 171 171
17.328125000000 12.375000000000 3.720001220703 213 213 213
17.328125000000 12.375000000000 3.690002441406 201 201 201
17.328125000000 12.382812500000 3.657997131348 181 181 181
17.328125000000 12.375000000000 3.628997802734 185 185 185
17.328125000000 12.382812500000 3.597999572754 190 190 190
17.328125000000 12.382812500000 3.568000793457 172 172 172
17.343750000000 12.375000000000 3.539001464844 61 61 61
17.453125000000 12.359375000000 3.028999328613 81 81 81
17.468750000000 12.359375000000 2.999000549316 93 93 93
17.453125000000 12.367187500000 2.968002319336 97 97 97
17.437500000000 12.375000000000 2.936996459961 100 100 100
17.437500000000 12.375000000000 2.906997680664 79 79 79
17.234375000000 12.625000000000 1.139999389648 188 188 188
17.203125000000 12.632812500000 1.115997314453 181 181 181
17.203125000000 12.640625000000 1.084999084473 183 183 183
17.171875000000 12.656250000000 1.065002441406 180 180 180
17.156250000000 12.687500000000 4.674003601074 44 44 44
17.093750000000 12.726562500000 4.619003295898 156 156 156
17.078125000000 12.734375000000 4.579002380371 147 147 147
17.234375000000 12.656250000000 4.605003356934 128 128 128
17.187500000000 12.679687500000 4.554000854492 106 106 106
17.140625000000 12.710937500000 4.506996154785 104 104 104
17.140625000000 12.710937500000 4.476997375488 150 150 150
17.125000000000 12.718750000000 4.440002441406 153 153 153
17.156250000000 12.703125000000 4.418998718262 131 131 131
17.234375000000 12.664062500000 4.412002563477 105 105 105
17.171875000000 12.703125000000 4.357002258301 146 146 146
17.171875000000 12.703125000000 4.329002380371 146 146 146
17.171875000000 12.703125000000 4.294998168945 152 152 152
17.171875000000 12.710937500000 4.262001037598 157 157 157
17.171875000000 12.718750000000 4.231002807617 160 160 160
17.156250000000 12.718750000000 4.197998046875 162 162 162
17.156250000000 12.718750000000 4.167999267578 163 163 163
17.156250000000 12.726562500000 4.136001586914 165 165 165
17.156250000000 12.726562500000 4.106002807617 170 170 170
17.171875000000 12.726562500000 4.075996398926 172 172 172
17.156250000000 12.734375000000 4.044998168945 175 175 175
17.171875000000 12.734375000000 4.015998840332 177 177 177
17.171875000000 12.734375000000 3.986000061035 182 182 182
17.156250000000 12.734375000000 3.954002380371 184 184 184
17.156250000000 12.742187500000 3.922996520996 187 187 187
17.156250000000 12.742187500000 3.892997741699 189 189 189
17.171875000000 12.742187500000 3.863998413086 196 196 196
17.156250000000 12.750000000000 3.833000183105 193 193 193
17.156250000000 12.750000000000 3.803001403809 193 193 193
17.171875000000 12.750000000000 3.774002075195 190 190 190
17.171875000000 12.750000000000 3.744003295898 193 193 193
17.156250000000 12.757812500000 3.713996887207 196 196 196
17.171875000000 12.757812500000 3.685997009277 192 192 192
17.171875000000 12.757812500000 3.655998229980 195 195 195
17.156250000000 12.765625000000 3.625000000000 192 192 192
17.171875000000 12.765625000000 3.597000122070 191 191 191
17.171875000000 12.765625000000 3.567001342773 188 188 188
17.171875000000 12.765625000000 3.539001464844 185 185 185
17.171875000000 12.773437500000 3.508003234863 184 184 184
17.171875000000 12.765625000000 3.481002807617 177 177 177
17.171875000000 12.765625000000 3.450996398926 173 173 173
17.171875000000 12.773437500000 3.421997070313 171 171 171
17.187500000000 12.773437500000 3.392997741699 165 165 165
17.187500000000 12.773437500000 3.363998413086 164 164 164
17.171875000000 12.773437500000 3.333999633789 159 159 159
17.187500000000 12.773437500000 3.305999755859 156 156 156
17.187500000000 12.781250000000 3.276000976563 152 152 152
17.187500000000 12.781250000000 3.248001098633 150 150 150
17.187500000000 12.773437500000 3.219001770020 146 146 146
17.203125000000 12.781250000000 3.190002441406 143 143 143
17.203125000000 12.773437500000 3.162002563477 140 140 140
17.234375000000 12.765625000000 3.134002685547 147 147 147
17.234375000000 12.765625000000 3.103996276855 151 151 151
17.234375000000 12.765625000000 3.075996398926 153 153 153
17.234375000000 12.765625000000 3.045997619629 152 152 152
17.250000000000 12.765625000000 3.016998291016 158 158 158
17.250000000000 12.765625000000 2.987998962402 158 158 158
17.265625000000 12.757812500000 2.958999633789 157 157 157
17.250000000000 12.765625000000 2.929000854492 154 154 154
17.265625000000 12.765625000000 2.900001525879 156 156 156
17.265625000000 12.765625000000 2.871002197266 159 159 159
17.265625000000 12.765625000000 2.841003417969 161 161 161
17.265625000000 12.773437500000 2.811996459961 166 166 166
17.265625000000 12.773437500000 2.782997131348 162 162 162
17.265625000000 12.773437500000 2.752998352051 152 152 152
17.265625000000 12.781250000000 2.723999023438 149 149 149
17.281250000000 12.773437500000 2.694000244141 146 146 146
17.281250000000 12.773437500000 2.665000915527 138 138 138
17.296875000000 12.773437500000 2.634002685547 138 138 138
17.281250000000 12.781250000000 2.606002807617 135 135 135
17.312500000000 12.765625000000 2.573997497559 136 136 136
17.296875000000 12.773437500000 2.544998168945 124 124 124
17.312500000000 12.773437500000 2.513999938965 122 122 122
17.281250000000 12.789062500000 2.486999511719 82 82 82
17.265625000000 12.796875000000 2.459999084473 60 60 60
17.265625000000 12.804687500000 2.430999755859 41 41 41
17.312500000000 12.906250000000 4.593002319336 86 86 86
17.406250000000 12.859375000000 4.592002868652 107 107 107
17.453125000000 12.835937500000 4.573997497559 109 109 109
17.296875000000 12.953125000000 4.100997924805 168 168 168
17.296875000000 12.953125000000 4.070999145508 177 177 177
17.312500000000 12.945312500000 4.041999816895 165 165 165
17.296875000000 12.960937500000 4.006996154785 178 178 178
17.296875000000 12.960937500000 3.975997924805 167 167 167
17.296875000000 12.960937500000 3.944999694824 167 167 167
17.296875000000 12.968750000000 3.914001464844 172 172 172
17.312500000000 12.953125000000 3.887001037598 54 54 54
17.281250000000 12.976562500000 3.848999023438 106 106 106
17.281250000000 12.976562500000 3.819000244141 163 163 163
17.281250000000 12.976562500000 3.788002014160 165 165 165
17.281250000000 12.984375000000 3.756996154785 166 166 166
17.281250000000 12.984375000000 3.725997924805 165 165 165
17.281250000000 12.984375000000 3.696998596191 165 165 165
17.281250000000 12.992187500000 3.665000915527 169 169 169
17.265625000000 13.000000000000 3.633003234863 169 169 169
17.281250000000 13.000000000000 3.603996276855 145 145 145
17.437500000000 12.945312500000 3.194000244141 39 39 39
17.421875000000 12.953125000000 3.163002014160 127 127 127
17.437500000000 12.953125000000 3.133003234863 117 117 117
17.437500000000 12.953125000000 3.101997375488 116 116 116
17.437500000000 12.953125000000 3.070999145508 121 121 121
17.437500000000 12.960937500000 3.041000366211 124 124 124
17.406250000000 12.976562500000 3.010002136230 120 120 120
17.406250000000 12.976562500000 2.980003356934 118 118 118
17.421875000000 12.976562500000 2.948997497559 134 134 134
17.421875000000 12.976562500000 2.918998718262 116 116 116
17.421875000000 12.976562500000 2.888000488281 119 119 119
17.421875000000 12.984375000000 2.858001708984 125 125 125
17.375000000000 13.007812500000 2.829002380371 102 102 102
17.375000000000 13.007812500000 2.797996520996 79 79 79
17.390625000000 13.007812500000 2.767997741699 69 69 69
17.406250000000 12.992187500000 2.736999511719 81 81 81
17.421875000000 12.992187500000 2.706001281738 36 36 36
17.281250000000 13.234375000000 4.275001525879 170 170 170
17.281250000000 13.234375000000 4.244003295898 171 171 171
17.281250000000 13.242187500000 4.212997436523 164 164 164
17.281250000000 13.242187500000 4.178001403809 183 183 183
17.281250000000 13.250000000000 4.146003723145 211 211 211
17.296875000000 13.242187500000 4.119003295898 209 209 209
17.281250000000 13.250000000000 4.084999084473 175 175 175
17.296875000000 13.242187500000 4.055999755859 39 39 39
17.265625000000 13.289062500000 3.679000854492 52 52 52
17.250000000000 13.296875000000 3.647003173828 164 164 164
17.265625000000 13.296875000000 3.617996215820 164 164 164
17.265625000000 13.296875000000 3.587997436523 168 168 168
17.250000000000 13.304687500000 3.556999206543 166 166 166
17.265625000000 13.304687500000 3.527999877930 134 134 134
17.265625000000 13.304687500000 3.498001098633 39 39 39
17.359375000000 12.140625000000 3.502998352051 72 72 72
17.359375000000 12.140625000000 3.532997131348 176 176 176
17.359375000000 12.140625000000 3.564002990723 206 206 206
17.359375000000 12.140625000000 3.595001220703 196 196 196
17.343750000000 12.140625000000 3.625000000000 171 171 171
17.343750000000 12.164062500000 4.063003540039 108 108 108
17.343750000000 12.164062500000 4.094001770020 191 191 191
17.343750000000 12.164062500000 4.125999450684 195 195 195
17.343750000000 12.164062500000 4.158996582031 189 189 189
17.343750000000 12.164062500000 4.190002441406 189 189 189
17.359375000000 12.171875000000 4.226997375488 178 178 178
17.359375000000 12.171875000000 4.256996154785 167 167 167
17.343750000000 12.171875000000 4.289001464844 25 25 25
17.437500000000 12.468750000000 2.764999389648 113 113 113
17.453125000000 12.476562500000 2.794998168945 113 113 113
17.453125000000 12.476562500000 2.825996398926 114 114 114
17.453125000000 12.484375000000 2.857002258301 114 114 114
17.453125000000 12.476562500000 2.887001037598 116 116 116
17.453125000000 12.476562500000 2.917999267578 120 120 120
17.453125000000 12.484375000000 2.948997497559 135 135 135
17.453125000000 12.484375000000 2.978996276855 116 116 116
17.453125000000 12.484375000000 3.010002136230 123 123 123
17.453125000000 12.484375000000 3.041000366211 115 115 115
17.453125000000 12.492187500000 3.071998596191 117 117 117
17.453125000000 12.492187500000 3.102996826172 113 113 113
17.453125000000 12.492187500000 3.134002685547 118 118 118
17.453125000000 12.492187500000 3.165000915527 113 113 113
17.328125000000 12.429687500000 3.580001831055 151 151 151
17.328125000000 12.429687500000 3.611000061035 184 184 184
17.328125000000 12.437500000000 3.641998291016 192 192 192
17.328125000000 12.437500000000 3.672996520996 196 196 196
17.328125000000 12.437500000000 3.703002929688 180 180 180
17.328125000000 12.437500000000 3.734001159668 207 207 207
17.343750000000 12.445312500000 3.766998291016 204 204 204
17.328125000000 12.445312500000 3.796997070313 177 177 177
17.343750000000 12.445312500000 3.829002380371 92 92 92
17.328125000000 12.445312500000 3.919998168945 182 182 182
17.328125000000 12.445312500000 3.950996398926 205 205 205
17.328125000000 12.445312500000 3.984001159668 190 190 190
17.328125000000 12.445312500000 4.013999938965 198 198 198
17.328125000000 12.445312500000 4.045997619629 181 181 181
17.328125000000 12.453125000000 4.078002929688 184 184 184
17.328125000000 12.453125000000 4.110000610352 188 188 188
17.328125000000 12.453125000000 4.142997741699 71 71 71
17.281250000000 12.664062500000 2.429000854492 32 32 32
17.281250000000 12.656250000000 2.459999084473 63 63 63
17.312500000000 12.679687500000 2.487998962402 124 124 124
17.296875000000 12.671875000000 2.517997741699 141 141 141
17.281250000000 12.664062500000 2.549003601074 153 153 153
17.296875000000 12.679687500000 2.577003479004 175 175 175
17.281250000000 12.664062500000 2.608001708984 159 159 159
17.281250000000 12.664062500000 2.638000488281 162 162 162
17.281250000000 12.671875000000 2.667999267578 171 171 171
17.281250000000 12.664062500000 2.696998596191 167 167 167
17.281250000000 12.671875000000 2.726997375488 172 172 172
17.265625000000 12.664062500000 2.756996154785 141 141 141
17.265625000000 12.664062500000 2.786003112793 178 178 178
17.265625000000 12.664062500000 2.816001892090 183 183 183
17.250000000000 12.656250000000 2.845001220703 180 180 180
17.281250000000 12.679687500000 2.875000000000 187 187 187
17.265625000000 12.671875000000 2.903999328613 190 190 190
17.281250000000 12.687500000000 2.933998107910 194 194 194
17.281250000000 12.679687500000 2.963996887207 190 190 190
17.281250000000 12.679687500000 2.992996215820 189 189 189
17.281250000000 12.679687500000 3.023002624512 186 186 186
17.281250000000 12.679687500000 3.053001403809 186 186 186
17.281250000000 12.679687500000 3.082000732422 182 182 182
17.281250000000 12.687500000000 3.111999511719 174 174 174
17.265625000000 12.679687500000 3.140998840332 173 173 173
17.265625000000 12.679687500000 3.170997619629 168 168 168
17.265625000000 12.679687500000 3.199996948242 169 169 169
17.265625000000 12.679687500000 3.230003356934 167 167 167
17.265625000000 12.679687500000 3.259002685547 164 164 164
17.250000000000 12.671875000000 3.288002014160 164 164 164
17.250000000000 12.671875000000 3.317001342773 160 160 160
17.250000000000 12.671875000000 3.347000122070 159 159 159
17.250000000000 12.679687500000 3.376998901367 161 161 161
17.234375000000 12.671875000000 3.404998779297 161 161 161
17.234375000000 12.671875000000 3.434997558594 158 158 158
17.218750000000 12.664062500000 3.462997436523 152 152 152
17.218750000000 12.664062500000 3.491996765137 146 146 146
17.218750000000 12.664062500000 3.521003723145 148 148 148
17.203125000000 12.656250000000 3.550003051758 148 148 148
17.203125000000 12.664062500000 3.580001831055 148 148 148
17.203125000000 12.656250000000 3.608001708984 155 155 155
17.203125000000 12.656250000000 3.638999938965 154 154 154
17.203125000000 12.664062500000 3.669998168945 159 159 159
17.203125000000 12.664062500000 3.697998046875 163 163 163
17.187500000000 12.656250000000 3.726997375488 163 163 163
17.203125000000 12.664062500000 3.756996154785 163 163 163
17.187500000000 12.656250000000 3.786003112793 164 164 164
17.203125000000 12.664062500000 3.818000793457 165 165 165
17.187500000000 12.664062500000 3.847000122070 171 171 171
17.203125000000 12.664062500000 3.878997802734 172 172 172
17.187500000000 12.664062500000 3.907997131348 172 172 172
17.187500000000 12.671875000000 3.939002990723 175 175 175
17.187500000000 12.664062500000 3.969001770020 176 176 176
17.187500000000 12.671875000000 4.000000000000 177 177 177
17.187500000000 12.671875000000 4.030998229980 177 177 177
17.187500000000 12.671875000000 4.061996459961 179 179 179
17.187500000000 12.671875000000 4.092002868652 178 178 178
17.187500000000 12.671875000000 4.123001098633 178 178 178
17.187500000000 12.671875000000 4.152999877930 179 179 179
17.187500000000 12.671875000000 4.184997558594 185 185 185
17.187500000000 12.671875000000 4.214996337891 182 182 182
17.187500000000 12.671875000000 4.245002746582 183 183 183
17.187500000000 12.679687500000 4.277999877930 177 177 177
17.171875000000 12.671875000000 4.307998657227 185 185 185
17.171875000000 12.671875000000 4.337997436523 184 184 184
17.203125000000 12.687500000000 4.377998352051 166 166 166
17.203125000000 12.695312500000 4.412002563477 112 112 112
17.156250000000 12.664062500000 4.428001403809 175 175 175
17.156250000000 12.664062500000 4.456001281738 170 170 170
17.140625000000 12.656250000000 4.482002258301 108 108 108
17.171875000000 12.679687500000 4.529998779297 110 110 110
17.187500000000 12.687500000000 4.566001892090 125 125 125
17.140625000000 12.664062500000 4.581001281738 133 133 133
17.109375000000 12.640625000000 4.600997924805 153 153 153
17.156250000000 12.671875000000 4.652000427246 158 158 158
17.046875000000 12.750000000000 1.055000305176 215 215 215
17.453125000000 13.078125000000 2.861000061035 182 182 182
17.421875000000 13.062500000000 2.890998840332 122 122 122
17.406250000000 13.062500000000 2.921997070313 116 116 116
17.421875000000 13.062500000000 2.952003479004 113 113 113
17.421875000000 13.062500000000 2.983001708984 114 114 114
17.421875000000 13.070312500000 3.013999938965 116 116 116
17.421875000000 13.062500000000 3.043998718262 119 119 119
17.421875000000 13.070312500000 3.074996948242 132 132 132
17.468750000000 13.117187500000 3.609001159668 14 14 14
17.281250000000 13.007812500000 3.609001159668 188 188 188
17.281250000000 13.007812500000 3.639999389648 188 188 188
17.281250000000 13.015625000000 3.670997619629 189 189 189
17.281250000000 13.007812500000 3.699996948242 189 189 189
17.281250000000 13.015625000000 3.732002258301 185 185 185
17.281250000000 13.015625000000 3.762001037598 186 186 186
17.281250000000 13.015625000000 3.792999267578 187 187 187
17.296875000000 13.031250000000 3.952003479004 169 169 169
17.296875000000 13.031250000000 3.983001708984 172 172 172
17.296875000000 13.031250000000 4.014999389648 171 171 171
17.296875000000 13.031250000000 4.045997619629 170 170 170
17.296875000000 13.039062500000 4.079002380371 172 172 172
17.296875000000 13.039062500000 4.111000061035 171 171 171
17.296875000000 13.039062500000 4.140998840332 168 168 168
17.296875000000 13.046875000000 4.176002502441 141 141 141
17.250000000000 13.281250000000 3.468002319336 34 34 34
17.328125000000 13.328125000000 3.509002685547 219 219 219
17.265625000000 13.289062500000 3.529998779297 188 188 188
17.265625000000 13.289062500000 3.560997009277 187 187 187
17.265625000000 13.289062500000 3.591003417969 187 187 187
17.265625000000 13.289062500000 3.620002746582 188 188 188
17.265625000000 13.296875000000 3.652000427246 177 177 177
17.296875000000 13.335937500000 4.126998901367 192 192 192
17.281250000000 13.328125000000 4.154998779297 172 172 172
17.390625000000 12.234375000000 4.262001037598 122 122 122
17.390625000000 12.234375000000 4.232002258301 163 163 163
17.406250000000 12.234375000000 4.200996398926 164 164 164
17.390625000000 12.242187500000 4.166000366211 168 168 168
17.406250000000 12.234375000000 4.135002136230 169 169 169
17.406250000000 12.234375000000 4.103996276855 167 167 167
17.390625000000 12.250000000000 4.069000244141 169 169 169
17.375000000000 12.250000000000 4.033996582031 141 141 141
17.390625000000 12.273437500000 3.658996582031 165 165 165
17.390625000000 12.273437500000 3.625999450684 196 196 196
17.390625000000 12.281250000000 3.595001220703 212 212 212
17.375000000000 12.289062500000 3.563003540039 183 183 183
17.390625000000 12.281250000000 3.533996582031 176 176 176
17.390625000000 12.281250000000 3.502998352051 194 194 194
17.390625000000 12.289062500000 3.471000671387 181 181 181
17.390625000000 12.289062500000 3.441001892090 123 123 123
17.140625000000 12.648437500000 4.561996459961 100 100 100
17.265625000000 12.585937500000 4.570999145508 127 127 127
17.296875000000 12.570312500000 4.552001953125 123 123 123
17.343750000000 12.539062500000 4.537002563477 77 77 77
17.375000000000 12.554687500000 4.085998535156 146 146 146
17.375000000000 12.554687500000 4.054000854492 164 164 164
17.375000000000 12.554687500000 4.023002624512 166 166 166
17.359375000000 12.562500000000 3.987998962402 170 170 170
17.359375000000 12.562500000000 3.957000732422 183 183 183
17.375000000000 12.562500000000 3.927001953125 189 189 189
17.375000000000 12.570312500000 3.894996643066 170 170 170
17.359375000000 12.578125000000 3.861999511719 168 168 168
17.375000000000 12.570312500000 3.833000183105 170 170 170
17.359375000000 12.578125000000 3.800003051758 200 200 200
17.375000000000 12.570312500000 3.769996643066 202 202 202
17.375000000000 12.578125000000 3.738998413086 193 193 193
17.375000000000 12.578125000000 3.708000183105 215 215 215
17.375000000000 12.585937500000 3.676002502441 215 215 215
17.375000000000 12.585937500000 3.644996643066 182 182 182
17.375000000000 12.585937500000 3.613998413086 93 93 93
17.500000000000 12.546875000000 3.162002563477 58 58 58
17.500000000000 12.546875000000 3.129997253418 125 125 125
17.468750000000 12.570312500000 3.097999572754 123 123 123
17.359375000000 12.625000000000 3.064002990723 127 127 127
17.296875000000 12.664062500000 3.031997680664 126 126 126
17.265625000000 12.687500000000 3.000999450684 124 124 124
17.250000000000 12.703125000000 2.972000122070 129 129 129
17.234375000000 12.710937500000 2.942001342773 138 138 138
17.234375000000 12.703125000000 2.913002014160 144 144 144
17.218750000000 12.718750000000 2.884002685547 146 146 146
17.218750000000 12.726562500000 2.855003356934 148 148 148
17.203125000000 12.726562500000 2.825996398926 152 152 152
17.203125000000 12.734375000000 2.796997070313 152 152 152
17.203125000000 12.742187500000 2.767997741699 157 157 157
17.187500000000 12.742187500000 2.738998413086 153 153 153
17.187500000000 12.750000000000 2.710998535156 160 160 160
17.187500000000 12.750000000000 2.680999755859 168 168 168
17.187500000000 12.750000000000 2.652999877930 170 170 170
17.187500000000 12.750000000000 2.623001098633 174 174 174
17.187500000000 12.757812500000 2.595001220703 171 171 171
17.187500000000 12.765625000000 2.567001342773 175 175 175
17.187500000000 12.757812500000 2.537002563477 179 179 179
17.187500000000 12.765625000000 2.509002685547 182 182 182
17.171875000000 12.773437500000 2.480003356934 188 188 188
17.171875000000 12.773437500000 2.450996398926 191 191 191
17.187500000000 12.773437500000 2.420997619629 198 198 198
17.171875000000 12.773437500000 2.392997741699 197 197 197
17.187500000000 12.773437500000 2.362998962402 200 200 200
17.171875000000 12.781250000000 2.334999084473 202 202 202
17.171875000000 12.781250000000 2.305999755859 206 206 206
17.171875000000 12.781250000000 2.277000427246 205 205 205
17.171875000000 12.789062500000 2.248001098633 207 207 207
17.171875000000 12.789062500000 2.218002319336 209 209 209
17.171875000000 12.789062500000 2.189002990723 211 211 211
17.187500000000 12.789062500000 2.158996582031 210 210 210
17.187500000000 12.789062500000 2.129997253418 209 209 209
17.187500000000 12.789062500000 2.099998474121 210 210 210
17.187500000000 12.796875000000 2.069999694824 206 206 206
17.187500000000 12.796875000000 2.041000366211 208 208 208
17.171875000000 12.804687500000 2.013000488281 206 206 206
17.171875000000 12.804687500000 1.983001708984 201 201 201
17.187500000000 12.804687500000 1.952003479004 200 200 200
17.171875000000 12.804687500000 1.924003601074 200 200 200
17.187500000000 12.804687500000 1.889999389648 192 192 192
17.187500000000 12.804687500000 1.861999511719 195 195 195
17.187500000000 12.812500000000 1.832000732422 194 194 194
17.187500000000 12.812500000000 1.803001403809 187 187 187
17.187500000000 12.812500000000 1.771003723145 189 189 189
17.187500000000 12.812500000000 1.739997863770 186 186 186
17.187500000000 12.812500000000 1.709999084473 180 180 180
17.187500000000 12.820312500000 1.680999755859 178 178 178
17.187500000000 12.820312500000 1.649002075195 179 179 179
17.203125000000 12.820312500000 1.616996765137 176 176 176
17.203125000000 12.820312500000 1.586997985840 175 175 175
17.203125000000 12.820312500000 1.555000305176 173 173 173
17.203125000000 12.820312500000 1.525001525879 169 169 169
17.203125000000 12.820312500000 1.492996215820 169 169 169
17.203125000000 12.820312500000 1.459999084473 166 166 166
17.203125000000 12.828125000000 1.430000305176 161 161 161
17.218750000000 12.820312500000 1.396003723145 157 157 157
17.218750000000 12.820312500000 1.362998962402 157 157 157
17.234375000000 12.812500000000 1.325996398926 159 159 159
17.234375000000 12.820312500000 1.294998168945 162 162 162
17.234375000000 12.820312500000 1.262001037598 165 165 165
17.250000000000 12.812500000000 1.223999023438 164 164 164
17.250000000000 12.812500000000 1.191001892090 163 163 163
17.250000000000 12.812500000000 1.156997680664 163 163 163
17.265625000000 12.812500000000 1.122001647949 159 159 159
17.265625000000 12.812500000000 1.088996887207 156 156 156
17.265625000000 12.812500000000 1.053001403809 158 158 158
17.250000000000 12.890625000000 4.625999450684 151 151 151
17.203125000000 12.921875000000 4.572998046875 147 147 147
17.375000000000 12.812500000000 4.609001159668 133 133 133
17.406250000000 12.804687500000 4.582000732422 133 133 133
17.375000000000 12.828125000000 4.536003112793 123 123 123
17.265625000000 12.890625000000 4.467002868652 102 102 102
17.265625000000 12.890625000000 4.433998107910 126 126 126
17.296875000000 12.875000000000 4.414001464844 125 125 125
17.343750000000 12.851562500000 4.396003723145 78 78 78
17.359375000000 12.867187500000 4.011001586914 171 171 171
17.359375000000 12.867187500000 3.980003356934 178 178 178
17.359375000000 12.867187500000 3.946998596191 174 174 174
17.359375000000 12.875000000000 3.914001464844 176 176 176
17.343750000000 12.882812500000 3.880996704102 168 168 168
17.359375000000 12.882812500000 3.850997924805 168 168 168
17.343750000000 12.890625000000 3.818000793457 172 172 172
17.343750000000 12.890625000000 3.787002563477 169 169 169
17.343750000000 12.898437500000 3.754997253418 170 170 170
17.343750000000 12.898437500000 3.723999023438 174 174 174
17.343750000000 12.898437500000 3.693000793457 175 175 175
17.328125000000 12.906250000000 3.660003662109 144 144 144
17.484375000000 12.851562500000 3.151000976563 120 120 120
17.484375000000 12.851562500000 3.120002746582 120 120 120
17.484375000000 12.859375000000 3.088996887207 118 118 118
17.468750000000 12.867187500000 3.056999206543 119 119 119
17.468750000000 12.867187500000 3.027000427246 120 120 120
17.453125000000 12.882812500000 2.995002746582 117 117 117
17.437500000000 12.890625000000 2.963996887207 124 124 124
17.437500000000 12.890625000000 2.933998107910 126 126 126
17.468750000000 12.875000000000 2.902999877930 119 119 119
17.468750000000 12.875000000000 2.872001647949 125 125 125
17.468750000000 12.882812500000 2.841003417969 119 119 119
17.468750000000 12.882812500000 2.809997558594 118 118 118
17.453125000000 12.890625000000 2.779998779297 119 119 119
17.453125000000 12.890625000000 2.749000549316 121 121 121
17.453125000000 12.898437500000 2.718002319336 115 115 115
17.437500000000 12.906250000000 2.688003540039 108 108 108
17.453125000000 12.898437500000 2.656997680664 105 105 105
17.468750000000 12.898437500000 2.625000000000 113 113 113
17.453125000000 12.906250000000 2.595001220703 138 138 138
17.453125000000 12.906250000000 2.564002990723 124 124 124
17.468750000000 12.906250000000 2.532997131348 117 117 117
17.453125000000 12.914062500000 2.502998352051 67 67 67
17.343750000000 13.164062500000 4.186996459961 178 178 178
17.343750000000 13.171875000000 4.154998779297 179 179 179
17.343750000000 13.171875000000 4.124000549316 171 171 171
17.328125000000 13.171875000000 4.089996337891 189 189 189
17.343750000000 13.179687500000 4.057998657227 176 176 176
17.343750000000 13.179687500000 4.027000427246 172 172 172
17.328125000000 13.179687500000 3.994003295898 180 180 180
17.359375000000 13.171875000000 3.967002868652 50 50 50
17.328125000000 13.210937500000 3.709999084473 147 147 147
17.312500000000 13.210937500000 3.678001403809 170 170 170
17.312500000000 13.210937500000 3.648002624512 169 169 169
17.312500000000 13.218750000000 3.616996765137 175 175 175
17.312500000000 13.218750000000 3.585998535156 173 173 173
17.328125000000 13.210937500000 3.556999206543 173 173 173
17.312500000000 13.226562500000 3.525001525879 173 173 173
17.328125000000 13.218750000000 3.495002746582 173 173 173
17.312500000000 13.234375000000 3.462997436523 76 76 76
17.375000000000 12.375000000000 3.486999511719 156 156 156
17.359375000000 12.375000000000 3.513000488281 225 225 225
17.359375000000 12.375000000000 3.539001464844 224 224 224
17.359375000000 12.375000000000 3.565002441406 221 221 221
17.359375000000 12.375000000000 3.593002319336 219 219 219
17.375000000000 12.375000000000 3.622001647949 218 218 218
17.359375000000 12.375000000000 3.647003173828 201 201 201
17.375000000000 12.375000000000 3.675003051758 200 200 200
17.375000000000 12.375000000000 3.704002380371 221 221 221
17.359375000000 12.375000000000 3.728996276855 176 176 176
17.359375000000 12.375000000000 3.948997497559 206 206 206
17.359375000000 12.375000000000 3.976997375488 215 215 215
17.359375000000 12.375000000000 4.004997253418 189 189 189
17.359375000000 12.375000000000 4.033996582031 213 213 213
17.359375000000 12.375000000000 4.061996459961 205 205 205
17.359375000000 12.375000000000 4.089996337891 207 207 207
17.359375000000 12.375000000000 4.117996215820 206 206 206
17.359375000000 12.375000000000 4.144996643066 207 207 207
17.359375000000 12.375000000000 4.175003051758 109 109 109
17.453125000000 12.679687500000 2.485000610352 98 98 98
17.453125000000 12.679687500000 2.511001586914 122 122 122
17.468750000000 12.687500000000 2.537002563477 113 113 113
17.453125000000 12.679687500000 2.564002990723 114 114 114
17.453125000000 12.679687500000 2.589996337891 109 109 109
17.390625000000 12.679687500000 2.616996765137 125 125 125
17.390625000000 12.679687500000 2.642997741699 125 125 125
17.453125000000 12.679687500000 2.668998718262 112 112 112
17.453125000000 12.679687500000 2.694999694824 115 115 115
17.421875000000 12.679687500000 2.721000671387 110 110 110
17.312500000000 12.679687500000 2.745002746582 112 112 112
17.281250000000 12.679687500000 2.768997192383 175 175 175
17.265625000000 12.679687500000 2.793998718262 181 181 181
17.281250000000 12.679687500000 2.819999694824 185 185 185
17.296875000000 12.679687500000 2.846000671387 170 170 170
17.343750000000 12.679687500000 2.874000549316 162 162 162
17.328125000000 12.679687500000 2.899002075195 171 171 171
17.312500000000 12.679687500000 2.922996520996 182 182 182
17.296875000000 12.679687500000 2.947998046875 167 167 167
17.390625000000 12.679687500000 2.981002807617 138 138 138
17.468750000000 12.687500000000 3.013000488281 118 118 118
17.468750000000 12.687500000000 3.039001464844 118 118 118
17.468750000000 12.687500000000 3.067001342773 118 118 118
17.468750000000 12.687500000000 3.093002319336 130 130 130
17.484375000000 12.687500000000 3.120002746582 135 135 135
17.468750000000 12.687500000000 3.147003173828 130 130 130
17.359375000000 12.687500000000 3.663002014160 85 85 85
17.359375000000 12.687500000000 3.690002441406 216 216 216
17.343750000000 12.687500000000 3.714996337891 222 222 222
17.343750000000 12.687500000000 3.742996215820 219 219 219
17.343750000000 12.687500000000 3.768997192383 218 218 218
17.328125000000 12.687500000000 3.793998718262 214 214 214
17.343750000000 12.687500000000 3.822998046875 214 214 214
17.343750000000 12.687500000000 3.849998474121 213 213 213
17.328125000000 12.687500000000 3.875999450684 210 210 210
17.343750000000 12.687500000000 3.904998779297 209 209 209
17.343750000000 12.687500000000 3.934997558594 209 209 209
17.328125000000 12.687500000000 3.959999084473 207 207 207
17.343750000000 12.687500000000 3.988998413086 198 198 198
17.234375000000 12.687500000000 4.150001525879 25 25 25
17.234375000000 12.687500000000 4.180999755859 30 30 30
17.234375000000 12.687500000000 4.208999633789 48 48 48
17.234375000000 12.687500000000 4.237998962402 119 119 119
17.218750000000 12.687500000000 4.261001586914 151 151 151
17.203125000000 12.687500000000 4.283996582031 168 168 168
17.203125000000 12.687500000000 4.309997558594 169 169 169
17.265625000000 12.687500000000 4.361999511719 139 139 139
17.250000000000 12.687500000000 4.385002136230 121 121 121
17.203125000000 12.687500000000 4.396003723145 160 160 160
17.187500000000 12.687500000000 4.417999267578 165 165 165
17.203125000000 12.687500000000 4.454002380371 144 144 144
17.203125000000 12.687500000000 4.483001708984 99 99 99
17.250000000000 12.687500000000 4.531997680664 104 104 104
17.265625000000 12.687500000000 4.572998046875 110 110 110
17.187500000000 12.687500000000 4.567001342773 125 125 125
17.125000000000 12.687500000000 4.567001342773 153 153 153
17.187500000000 12.687500000000 4.627998352051 98 98 98
17.437500000000 12.992187500000 2.633003234863 85 85 85
17.406250000000 12.984375000000 2.658996582031 132 132 132
17.390625000000 12.992187500000 2.684997558594 168 168 168
17.390625000000 12.992187500000 2.710998535156 175 175 175
17.390625000000 12.992187500000 2.736999511719 181 181 181
17.406250000000 12.992187500000 2.763000488281 190 190 190
17.390625000000 12.992187500000 2.789001464844 179 179 179
17.406250000000 12.992187500000 2.816001892090 148 148 148
17.453125000000 12.992187500000 2.843002319336 125 125 125
17.453125000000 12.992187500000 2.870002746582 120 120 120
17.437500000000 12.992187500000 2.894996643066 119 119 119
17.406250000000 12.992187500000 2.918998718262 126 126 126
17.406250000000 12.992187500000 2.945999145508 122 122 122
17.406250000000 12.992187500000 2.972000122070 123 123 123
17.406250000000 12.992187500000 2.999000549316 121 121 121
17.453125000000 12.992187500000 3.028999328613 129 129 129
17.453125000000 12.992187500000 3.055999755859 122 122 122
17.453125000000 12.992187500000 3.082000732422 134 134 134
17.468750000000 12.992187500000 3.110000610352 132 132 132
17.453125000000 12.992187500000 3.135002136230 126 126 126
17.453125000000 12.992187500000 3.162002563477 57 57 57
17.312500000000 12.992187500000 3.593002319336 188 188 188
17.328125000000 12.992187500000 3.621002197266 226 226 226
17.312500000000 12.992187500000 3.647003173828 228 228 228
17.328125000000 12.992187500000 3.675003051758 224 224 224
17.312500000000 12.992187500000 3.698997497559 220 220 220
17.312500000000 12.992187500000 3.727996826172 220 220 220
17.328125000000 12.992187500000 3.754997253418 221 221 221
17.312500000000 12.992187500000 3.781997680664 217 217 217
17.328125000000 12.992187500000 3.810997009277 213 213 213
17.359375000000 12.992187500000 3.846000671387 71 71 71
17.328125000000 12.992187500000 3.865997314453 205 205 205
17.328125000000 12.992187500000 3.893997192383 215 215 215
17.328125000000 12.992187500000 3.921997070313 215 215 215
17.328125000000 12.992187500000 3.948997497559 213 213 213
17.328125000000 12.992187500000 3.976997375488 213 213 213
17.328125000000 12.992187500000 4.006996154785 209 209 209
17.328125000000 12.992187500000 4.035003662109 213 213 213
17.328125000000 12.992187500000 4.061996459961 211 211 211
17.328125000000 12.992187500000 4.087997436523 180 180 180
17.296875000000 13.296875000000 3.424003601074 171 171 171
17.296875000000 13.296875000000 3.448997497559 230 230 230
17.296875000000 13.296875000000 3.476997375488 236 236 236
17.296875000000 13.296875000000 3.502998352051 231 231 231
17.296875000000 13.296875000000 3.527999877930 227 227 227
17.296875000000 13.296875000000 3.555000305176 224 224 224
17.296875000000 13.296875000000 3.581001281738 221 221 221
17.296875000000 13.296875000000 3.608001708984 221 221 221
17.296875000000 13.296875000000 3.634002685547 218 218 218
17.296875000000 13.296875000000 3.663002014160 77 77 77
17.312500000000 13.296875000000 4.050003051758 202 202 202
17.312500000000 13.296875000000 4.078002929688 215 215 215
17.312500000000 13.296875000000 4.105003356934 209 209 209
17.312500000000 13.296875000000 4.134002685547 213 213 213
17.312500000000 13.296875000000 4.163002014160 210 210 210
17.312500000000 13.296875000000 4.194000244141 206 206 206
17.312500000000 13.296875000000 4.222999572754 202 202 202
17.312500000000 13.296875000000 4.249000549316 169 169 169
17.375000000000 12.125000000000 4.112998962402 117 117 117
17.500000000000 12.437500000000 2.894996643066 153 153 153
17.484375000000 12.421875000000 2.925003051758 122 122 122
17.484375000000 12.429687500000 2.955001831055 121 121 121
17.484375000000 12.429687500000 2.986000061035 121 121 121
17.484375000000 12.429687500000 3.015998840332 125 125 125
17.468750000000 12.429687500000 3.045997619629 119 119 119
17.484375000000 12.437500000000 3.075996398926 106 106 106
17.359375000000 12.390625000000 3.514999389648 162 162 162
17.359375000000 12.390625000000 3.544998168945 177 177 177
17.359375000000 12.398437500000 3.575996398926 211 211 211
17.359375000000 12.390625000000 3.605003356934 201 201 201
17.359375000000 12.390625000000 3.635002136230 185 185 185
17.359375000000 12.398437500000 3.665000915527 195 195 195
17.359375000000 12.406250000000 3.697998046875 217 217 217
17.343750000000 12.398437500000 3.724998474121 180 180 180
17.359375000000 12.406250000000 3.759002685547 124 124 124
17.359375000000 12.414062500000 3.941001892090 168 168 168
17.343750000000 12.406250000000 3.970001220703 203 203 203
17.343750000000 12.414062500000 4.001998901367 200 200 200
17.359375000000 12.414062500000 4.033996582031 210 210 210
17.359375000000 12.414062500000 4.065002441406 185 185 185
17.359375000000 12.414062500000 4.096000671387 183 183 183
17.343750000000 12.421875000000 4.126998901367 192 192 192
17.359375000000 12.421875000000 4.158996582031 147 147 147
17.468750000000 12.703125000000 2.463996887207 36 36 36
17.453125000000 12.695312500000 2.495002746582 114 114 114
17.453125000000 12.695312500000 2.525001525879 108 108 108
17.453125000000 12.695312500000 2.555999755859 100 100 100
17.453125000000 12.703125000000 2.585998535156 101 101 101
17.453125000000 12.703125000000 2.614997863770 113 113 113
17.437500000000 12.703125000000 2.646003723145 100 100 100
17.437500000000 12.703125000000 2.676002502441 98 98 98
17.453125000000 12.710937500000 2.705001831055 105 105 105
17.468750000000 12.718750000000 2.735000610352 104 104 104
17.453125000000 12.710937500000 2.764999389648 122 122 122
17.453125000000 12.718750000000 2.794998168945 109 109 109
17.406250000000 12.687500000000 2.825996398926 131 131 131
17.390625000000 12.687500000000 2.855003356934 125 125 125
17.390625000000 12.687500000000 2.885002136230 121 121 121
17.437500000000 12.710937500000 2.915000915527 118 118 118
17.390625000000 12.687500000000 2.944000244141 128 128 128
17.375000000000 12.679687500000 2.972999572754 133 133 133
17.468750000000 12.734375000000 3.005996704102 118 118 118
17.453125000000 12.726562500000 3.036003112793 116 116 116
17.468750000000 12.742187500000 3.067001342773 118 118 118
17.468750000000 12.734375000000 3.097000122070 114 114 114
17.468750000000 12.742187500000 3.126998901367 121 121 121
17.500000000000 12.757812500000 3.158996582031 160 160 160
17.343750000000 12.703125000000 3.716003417969 178 178 178
17.343750000000 12.703125000000 3.745002746582 181 181 181
17.328125000000 12.695312500000 3.774002075195 184 184 184
17.328125000000 12.695312500000 3.804000854492 189 189 189
17.312500000000 12.687500000000 3.831001281738 185 185 185
17.328125000000 12.695312500000 3.862998962402 185 185 185
17.328125000000 12.703125000000 3.894996643066 187 187 187
17.312500000000 12.695312500000 3.924003601074 181 181 181
17.312500000000 12.703125000000 3.955001831055 182 182 182
17.328125000000 12.710937500000 3.988998413086 178 178 178
17.312500000000 12.703125000000 4.016998291016 156 156 156
17.328125000000 12.710937500000 4.050003051758 161 161 161
17.312500000000 12.703125000000 4.078002929688 168 168 168
17.312500000000 12.710937500000 4.110000610352 170 170 170
17.312500000000 12.710937500000 4.140998840332 174 174 174
17.328125000000 12.718750000000 4.174003601074 171 171 171
17.312500000000 12.710937500000 4.203002929688 164 164 164
17.312500000000 12.718750000000 4.236000061035 165 165 165
17.312500000000 12.710937500000 4.265998840332 160 160 160
17.265625000000 12.687500000000 4.279998779297 142 142 142
17.218750000000 12.664062500000 4.300003051758 147 147 147
17.234375000000 12.671875000000 4.333999633789 153 153 153
17.250000000000 12.687500000000 4.374000549316 142 142 142
17.234375000000 12.679687500000 4.401000976563 138 138 138
17.203125000000 12.664062500000 4.420997619629 167 167 167
17.187500000000 12.656250000000 4.444999694824 156 156 156
17.187500000000 12.648437500000 4.474998474121 102 102 102
17.234375000000 12.679687500000 4.524002075195 107 107 107
17.234375000000 12.687500000000 4.557998657227 106 106 106
17.156250000000 12.640625000000 4.560997009277 130 130 130
17.156250000000 12.640625000000 4.589996337891 140 140 140
17.203125000000 12.671875000000 4.641998291016 151 151 151
17.140625000000 12.742187500000 1.049003601074 189 189 189
17.140625000000 12.742187500000 1.079002380371 190 190 190
17.140625000000 12.742187500000 1.111000061035 187 187 187
17.125000000000 12.742187500000 1.143997192383 189 189 189
17.125000000000 12.750000000000 1.175003051758 188 188 188
17.140625000000 12.750000000000 1.205001831055 185 185 185
17.140625000000 12.750000000000 1.235000610352 188 188 188
17.140625000000 12.757812500000 1.263999938965 185 185 185
17.125000000000 12.750000000000 1.297996520996 185 185 185
17.140625000000 12.757812500000 1.324996948242 184 184 184
17.140625000000 12.757812500000 1.357002258301 182 182 182
17.140625000000 12.765625000000 1.386001586914 179 179 179
17.140625000000 12.765625000000 1.416000366211 178 178 178
17.140625000000 12.765625000000 1.444999694824 175 175 175
17.140625000000 12.773437500000 1.473999023438 175 175 175
17.140625000000 12.773437500000 1.503997802734 171 171 171
17.140625000000 12.773437500000 1.533996582031 169 169 169
17.140625000000 12.773437500000 1.564002990723 161 161 161
17.156250000000 12.781250000000 1.591003417969 163 163 163
17.140625000000 12.781250000000 1.622001647949 160 160 160
17.140625000000 12.781250000000 1.652999877930 157 157 157
17.156250000000 12.789062500000 1.679000854492 156 156 156
17.140625000000 12.789062500000 1.709999084473 157 157 157
17.156250000000 12.796875000000 1.736000061035 170 170 170
17.187500000000 12.812500000000 1.756996154785 193 193 193
17.203125000000 12.828125000000 1.780998229980 219 219 219
17.156250000000 12.796875000000 1.822998046875 122 122 122
17.312500000000 12.882812500000 1.817001342773 11 11 11
17.171875000000 12.804687500000 1.879997253418 109 109 109
17.156250000000 12.804687500000 1.910003662109 103 103 103
17.156250000000 12.804687500000 1.940002441406 90 90 90
17.359375000000 12.921875000000 1.926002502441 12 12 12
17.171875000000 12.820312500000 1.994003295898 60 60 60
17.468750000000 13.023437500000 2.663002014160 209 209 209
17.390625000000 12.984375000000 2.695999145508 79 79 79
17.390625000000 12.984375000000 2.725997924805 79 79 79
17.390625000000 12.984375000000 2.754997253418 77 77 77
17.390625000000 12.992187500000 2.785003662109 75 75 75
17.406250000000 12.992187500000 2.815002441406 87 87 87
17.437500000000 13.023437500000 2.844001770020 120 120 120
17.437500000000 13.023437500000 2.874000549316 119 119 119
17.421875000000 13.015625000000 2.903999328613 118 118 118
17.406250000000 13.007812500000 2.933998107910 117 117 117
17.406250000000 13.000000000000 2.962997436523 114 114 114
17.421875000000 13.015625000000 2.994003295898 118 118 118
17.453125000000 13.031250000000 3.025001525879 122 122 122
17.453125000000 13.039062500000 3.055000305176 123 123 123
17.453125000000 13.039062500000 3.084999084473 125 125 125
17.453125000000 13.039062500000 3.114997863770 125 125 125
17.312500000000 12.992187500000 3.610000610352 172 172 172
17.296875000000 12.984375000000 3.638000488281 188 188 188
17.312500000000 12.992187500000 3.669998168945 185 185 185
17.312500000000 12.992187500000 3.699996948242 189 189 189
17.312500000000 12.992187500000 3.730003356934 191 191 191
17.312500000000 13.000000000000 3.761001586914 183 183 183
17.296875000000 12.992187500000 3.789001464844 188 188 188
17.296875000000 12.992187500000 3.819999694824 175 175 175
17.406250000000 13.054687500000 3.903999328613 202 202 202
17.328125000000 13.015625000000 3.916000366211 173 173 173
17.328125000000 13.015625000000 3.947998046875 174 174 174
17.312500000000 13.007812500000 3.975997924805 172 172 172
17.312500000000 13.015625000000 4.008003234863 171 171 171
17.328125000000 13.015625000000 4.040000915527 171 171 171
17.312500000000 13.015625000000 4.069999694824 169 169 169
17.328125000000 13.023437500000 4.101997375488 170 170 170
17.328125000000 13.023437500000 4.135002136230 107 107 107
17.140625000000 12.937500000000 4.543998718262 35 35 35
17.296875000000 13.281250000000 3.445999145508 172 172 172
17.281250000000 13.281250000000 3.474998474121 187 187 187
17.281250000000 13.281250000000 3.503997802734 185 185 185
17.296875000000 13.281250000000 3.535003662109 188 188 188
17.281250000000 13.281250000000 3.563003540039 187 187 187
17.281250000000 13.281250000000 3.594001770020 184 184 184
17.281250000000 13.289062500000 3.624000549316 188 188 188
17.281250000000 13.289062500000 3.653999328613 177 177 177
17.312500000000 13.320312500000 4.055999755859 30 30 30
17.312500000000 13.320312500000 4.085998535156 166 166 166
17.312500000000 13.328125000000 4.117996215820 206 206 206
17.312500000000 13.328125000000 4.148002624512 217 217 217
17.312500000000 13.328125000000 4.180000305176 174 174 174
17.312500000000 13.335937500000 4.212997436523 128 128 128
