20.613174438477 15.046596527100 38.371002197266 103 103 103
20.390298843384 15.079885482788 37.421001434326 107 107 107
20.390298843384 15.079885482788 37.340000152588 101 101 101
20.390298843384 15.079885482788 37.260002136230 105 105 105
20.390298843384 15.079885482788 37.179000854492 82 82 82
20.613174438477 15.046596527100 38.463001251221 222 222 222
20.556619644165 15.019989013672 38.381999969482 234 234 234
20.556619644165 15.019989013672 38.304000854492 74 74 74
20.556619644165 15.019989013672 37.897998809814 148 148 148
20.556619644165 15.019989013672 37.817001342773 255 255 255
20.556619644165 15.019989013672 37.736000061035 184 184 184
20.416904449463 15.023330688477 37.505001068115 103 103 103
20.416904449463 15.023330688477 37.423000335693 102 102 102
20.473461151123 15.049938201904 37.341999053955 104 104 104
20.333744049072 15.053279876709 37.261001586914 118 118 118
20.416904449463 15.023330688477 37.179000854492 106 106 106
20.416904449463 15.023330688477 37.097999572754 104 104 104
20.609830856323 14.906881332397 38.474998474121 246 246 246
20.609830856323 14.906881332397 38.389999389648 238 238 238
20.609830856323 14.906881332397 38.310001373291 247 247 247
20.526672363281 14.936830520630 37.904998779297 255 255 255
20.553277969360 14.880275726318 37.821998596191 255 255 255
20.553277969360 14.880275726318 37.742000579834 255 255 255
20.386957168579 14.940172195435 37.508998870850 108 108 108
20.386957168579 14.940172195435 37.427001953125 104 104 104
20.443511962891 14.966777801514 37.342998504639 102 102 102
20.443511962891 14.966777801514 37.262001037598 109 109 109
20.386957168579 14.940172195435 37.180000305176 131 131 131
20.386957168579 14.940172195435 37.097999572754 101 101 101
20.386957168579 14.940172195435 37.015998840332 108 108 108
20.386957168579 14.940172195435 36.934001922607 79 79 79
20.579883575439 14.823722839355 38.479000091553 121 121 121
20.553277969360 14.880275726318 38.400001525879 240 240 240
20.553277969360 14.880275726318 38.317001342773 251 251 251
20.579883575439 14.823722839355 38.233001708984 220 220 220
20.553277969360 14.880275726318 37.990001678467 162 162 162
20.496723175049 14.853668212891 37.909000396729 255 255 255
20.553277969360 14.880275726318 37.826000213623 255 255 255
20.496723175049 14.853668212891 37.747001647949 255 255 255
20.357009887695 14.857011795044 37.512001037598 111 111 111
20.413562774658 14.883617401123 37.429000854492 134 134 134
20.413562774658 14.883617401123 37.345001220703 133 133 133
20.413562774658 14.883617401123 37.263000488281 155 155 155
20.413562774658 14.883617401123 37.180999755859 138 138 138
20.357009887695 14.857011795044 37.097999572754 113 113 113
20.357009887695 14.857011795044 37.014999389648 110 110 110
20.357009887695 14.857011795044 36.931999206543 100 100 100
20.330404281616 14.913566589355 36.848999023438 44 44 44
20.606491088867 14.767168045044 38.404998779297 232 232 232
20.523328781128 14.797115325928 38.327999114990 255 255 255
20.606491088867 14.767168045044 38.242000579834 249 249 249
20.523328781128 14.797115325928 38.161998748779 13 13 13
20.523328781128 14.797115325928 37.996002197266 255 255 255
20.523328781128 14.797115325928 37.915000915527 255 255 255
20.523328781128 14.797115325928 37.832000732422 255 255 255
20.327060699463 14.773851394653 37.514999389648 140 140 140
20.327060699463 14.773851394653 37.431999206543 118 118 118
20.466773986816 14.770509719849 37.345001220703 121 121 121
20.466773986816 14.770509719849 37.262001037598 119 119 119
20.466773986816 14.770509719849 37.180999755859 117 117 117
20.440168380737 14.827064514160 37.098999023438 122 122 122
20.383615493774 14.800457000732 37.014999389648 109 109 109
20.327060699463 14.773851394653 36.930000305176 128 128 128
20.327060699463 14.773851394653 36.847000122070 118 118 118
20.549934387207 14.740562438965 38.332000732422 255 255 255
20.549934387207 14.740562438965 38.250000000000 255 255 255
20.549934387207 14.740562438965 38.164001464844 250 250 250
20.549934387207 14.740562438965 38.082000732422 190 190 190
20.549934387207 14.740562438965 38.000999450684 255 255 255
20.549934387207 14.740562438965 37.917999267578 255 255 255
20.549934387207 14.740562438965 37.833999633789 233 233 233
20.353666305542 14.717296600342 37.517002105713 118 118 118
20.353666305542 14.717296600342 37.432998657227 119 119 119
20.493381500244 14.713954925537 37.345001220703 117 117 117
20.549934387207 14.740562438965 37.262001037598 115 115 115
20.436828613281 14.687349319458 37.180000305176 127 127 127
20.353666305542 14.717296600342 37.097000122070 116 116 116
20.353666305542 14.717296600342 37.013000488281 126 126 126
20.353666305542 14.717296600342 36.929000854492 134 134 134
20.353666305542 14.717296600342 36.844001770020 85 85 85
20.686307907104 14.597505569458 38.727001190186 47 47 47
20.463434219360 14.630794525146 38.699001312256 16 16 16
20.603147506714 14.627452850342 38.333999633789 204 204 204
20.546592712402 14.600847244263 38.254001617432 255 255 255
20.546592712402 14.600847244263 38.172000885010 255 255 255
20.546592712402 14.600847244263 38.089000701904 255 255 255
20.546592712402 14.600847244263 38.005001068115 255 255 255
20.546592712402 14.600847244263 37.922000885010 255 255 255
20.380271911621 14.660743713379 37.519001007080 123 123 123
20.380271911621 14.660743713379 37.434001922607 129 129 129
20.436828613281 14.687349319458 37.347999572754 101 101 101
20.546592712402 14.600847244263 37.261001586914 120 120 120
20.436828613281 14.687349319458 37.180000305176 126 126 126
20.436828613281 14.687349319458 37.096000671387 108 108 108
20.380271911621 14.660743713379 37.011001586914 119 119 119
20.323719024658 14.634138107300 36.925998687744 133 133 133
20.769466400146 14.567556381226 38.722999572754 90 90 90
20.599803924561 14.487739562988 38.666999816895 101 101 101
20.656358718872 14.514343261719 38.575000762939 108 108 108
20.656358718872 14.514343261719 38.492000579834 174 174 174
20.656358718872 14.514343261719 38.411998748779 74 74 74
20.516645431519 14.517686843872 38.262001037598 255 255 255
20.516645431519 14.517686843872 38.178001403809 255 255 255
20.516645431519 14.517686843872 38.094001770020 255 255 255
20.490039825439 14.574241638184 38.012001037598 255 255 255
20.516645431519 14.517686843872 37.924999237061 218 218 218
20.406879425049 14.604188919067 37.520999908447 105 105 105
20.406879425049 14.604188919067 37.435001373291 110 110 110
20.406879425049 14.604188919067 37.349998474121 108 108 108
20.516645431519 14.517686843872 37.262001037598 122 122 122
20.406879425049 14.604188919067 37.180000305176 93 93 93
20.433485031128 14.547634124756 37.095001220703 100 100 100
20.406879425049 14.604188919067 37.010002136230 81 81 81
20.490039825439 14.574241638184 36.844001770020 37 37 37
20.682964324951 14.457790374756 38.835998535156 17 17 17
20.822679519653 14.454448699951 38.723999023438 89 89 89
20.739521026611 14.484397888184 38.658000946045 101 101 101
20.739521026611 14.484397888184 38.573001861572 141 141 141
20.682964324951 14.457790374756 38.494998931885 179 179 179
20.682964324951 14.457790374756 38.411998748779 177 177 177
20.682964324951 14.457790374756 38.327999114990 174 174 174
20.682964324951 14.457790374756 38.246002197266 173 173 173
20.682964324951 14.457790374756 38.160999298096 173 173 173
20.682964324951 14.457790374756 38.078998565674 169 169 169
20.682964324951 14.457790374756 37.998001098633 165 165 165
20.682964324951 14.457790374756 37.915000915527 167 167 167
20.682964324951 14.457790374756 37.833000183105 156 156 156
20.682964324951 14.457790374756 37.750000000000 153 153 153
20.682964324951 14.457790374756 37.668998718262 152 152 152
20.682964324951 14.457790374756 37.585998535156 144 144 144
20.682964324951 14.457790374756 37.505001068115 153 153 153
20.682964324951 14.457790374756 37.423000335693 149 149 149
20.682964324951 14.457790374756 37.341999053955 139 139 139
20.543251037598 14.461132049561 37.261001586914 201 201 201
20.656358718872 14.514343261719 37.178001403809 131 131 131
20.656358718872 14.514343261719 37.096000671387 133 133 133
20.656358718872 14.514343261719 37.013999938965 122 122 122
20.656358718872 14.514343261719 36.931999206543 112 112 112
20.656358718872 14.514343261719 36.849998474121 113 113 113
20.656358718872 14.514343261719 36.768001556396 100 100 100
20.656358718872 14.514343261719 36.685001373291 92 92 92
20.656358718872 14.514343261719 36.603000640869 91 91 91
20.656358718872 14.514343261719 36.520000457764 81 81 81
20.656358718872 14.514343261719 36.437000274658 76 76 76
20.543251037598 14.461132049561 36.351001739502 75 75 75
20.599803924561 14.487739562988 36.270000457764 61 61 61
20.543251037598 14.461132049561 36.182998657227 57 57 57
20.543251037598 14.461132049561 36.097000122070 55 55 55
20.543251037598 14.461132049561 36.011001586914 47 47 47
20.543251037598 14.461132049561 35.923999786377 44 44 44
20.736177444458 14.344680786133 38.741001129150 81 81 81
20.653017044067 14.374629974365 38.677001953125 118 118 118
20.709571838379 14.401237487793 38.582000732422 137 137 137
20.653017044067 14.374629974365 38.511001586914 65 65 65
20.653017044067 14.374629974365 38.424999237061 75 75 75
20.653017044067 14.374629974365 38.339000701904 80 80 80
20.626411437988 14.431184768677 38.268001556396 183 183 183
20.626411437988 14.431184768677 38.184001922607 200 200 200
20.626411437988 14.431184768677 38.098999023438 189 189 189
20.626411437988 14.431184768677 38.013000488281 193 193 193
20.653017044067 14.374629974365 37.920001983643 107 107 107
20.653017044067 14.374629974365 37.837001800537 103 103 103
20.653017044067 14.374629974365 37.754001617432 109 109 109
20.653017044067 14.374629974365 37.672000885010 117 117 117
20.653017044067 14.374629974365 37.589000701904 129 129 129
20.653017044067 14.374629974365 37.506999969482 130 130 130
20.653017044067 14.374629974365 37.423999786377 138 138 138
20.653017044067 14.374629974365 37.341999053955 141 141 141
20.653017044067 14.374629974365 37.260002136230 150 150 150
20.653017044067 14.374629974365 37.178001403809 151 151 151
20.653017044067 14.374629974365 37.096000671387 146 146 146
20.653017044067 14.374629974365 37.013000488281 149 149 149
20.653017044067 14.374629974365 36.930999755859 146 146 146
20.653017044067 14.374629974365 36.848999023438 155 155 155
20.653017044067 14.374629974365 36.767002105713 155 155 155
20.653017044067 14.374629974365 36.682998657227 164 164 164
20.653017044067 14.374629974365 36.602001190186 159 159 159
20.653017044067 14.374629974365 36.519001007080 156 156 156
20.653017044067 14.374629974365 36.434001922607 165 165 165
20.653017044067 14.374629974365 36.352001190186 156 156 156
20.653017044067 14.374629974365 36.268001556396 161 161 161
20.653017044067 14.374629974365 36.184001922607 153 153 153
20.653017044067 14.374629974365 36.101001739502 154 154 154
20.653017044067 14.374629974365 36.013999938965 158 158 158
20.653017044067 14.374629974365 35.929000854492 153 153 153
20.653017044067 14.374629974365 35.501998901367 148 148 148
20.653017044067 14.374629974365 35.408000946045 150 150 150
20.653017044067 14.374629974365 35.323001861572 150 150 150
20.653017044067 14.374629974365 35.235000610352 143 143 143
20.653017044067 14.374629974365 35.145999908447 142 142 142
20.679622650146 14.318077087402 38.770000457764 12 12 12
20.539909362793 14.321418762207 38.729999542236 106 106 106
20.679622650146 14.318077087402 38.606998443604 75 75 75
20.596464157104 14.348024368286 38.281002044678 242 242 242
20.596464157104 14.348024368286 38.194999694824 238 238 238
20.596464157104 14.348024368286 38.109001159668 255 255 255
20.596464157104 14.348024368286 38.025001525879 255 255 255
20.596464157104 14.348024368286 37.938999176025 255 255 255
20.260478973389 14.328102111816 37.531002044678 10 10 10
20.260478973389 14.328102111816 37.443000793457 95 95 95
20.539909362793 14.321418762207 37.347999572754 101 101 101
20.596464157104 14.348024368286 37.262001037598 124 124 124
20.539909362793 14.321418762207 37.178001403809 110 110 110
20.596464157104 14.348024368286 36.925998687744 89 89 89
20.596464157104 14.348024368286 35.466999053955 53 53 53
20.539909362793 14.321418762207 35.272998809814 158 158 158
20.596464157104 14.348024368286 35.191001892090 144 144 144
20.649675369263 14.234916687012 38.715000152588 61 61 61
20.593120574951 14.208309173584 38.373001098633 121 121 121
20.566514968872 14.264863967896 38.288002014160 229 229 229
20.566514968872 14.264863967896 38.201000213623 220 220 220
20.566514968872 14.264863967896 38.115001678467 199 199 199
20.566514968872 14.264863967896 38.029998779297 225 225 225
20.566514968872 14.264863967896 37.944000244141 248 248 248
20.566514968872 14.264863967896 37.858001708984 160 160 160
20.260478973389 14.328102111816 37.533000946045 91 91 91
20.260478973389 14.328102111816 37.444999694824 83 83 83
20.287086486816 14.271549224854 37.354999542236 86 86 86
20.566514968872 14.264863967896 37.263999938965 121 121 121
20.260478973389 14.328102111816 37.180999755859 99 99 99
20.260478973389 14.328102111816 37.092998504639 103 103 103
20.287086486816 14.271549224854 37.005001068115 66 66 66
20.536565780640 14.181705474854 38.385002136230 241 241 241
20.536565780640 14.181705474854 38.295001983643 231 231 231
20.536565780640 14.181705474854 38.208999633789 228 228 228
20.536565780640 14.181705474854 38.035999298096 253 253 253
20.536565780640 14.181705474854 37.951000213623 255 255 255
20.536565780640 14.181705474854 37.863998413086 250 250 250
20.313692092896 14.214994430542 37.533000946045 96 96 96
20.313692092896 14.214994430542 37.444999694824 89 89 89
20.480012893677 14.155097961426 37.352001190186 116 116 116
20.536565780640 14.181705474854 37.264999389648 118 118 118
20.480012893677 14.155097961426 37.180000305176 128 128 128
20.313692092896 14.214994430542 37.092998504639 105 105 105
20.313692092896 14.214994430542 37.004001617432 108 108 108
20.313692092896 14.214994430542 36.916000366211 103 103 103
20.533226013184 14.041990280151 38.479999542236 19 19 19
20.533226013184 14.041990280151 38.390998840332 215 215 215
20.533226013184 14.041990280151 38.303001403809 200 200 200
20.533226013184 14.041990280151 38.215999603271 167 167 167
20.533226013184 14.041990280151 38.041000366211 51 51 51
20.533226013184 14.041990280151 37.952999114990 212 212 212
20.533226013184 14.041990280151 37.868000030518 240 240 240
20.533226013184 14.041990280151 37.781002044678 213 213 213
20.340297698975 14.158439636230 37.534000396729 104 104 104
20.366903305054 14.101886749268 37.445999145508 91 91 91
20.423458099365 14.128492355347 37.354000091553 124 124 124
20.506618499756 14.098545074463 37.265998840332 115 115 115
20.366903305054 14.101886749268 37.180999755859 116 116 116
20.366903305054 14.101886749268 37.092998504639 90 90 90
20.366903305054 14.101886749268 37.004001617432 91 91 91
20.340297698975 14.158439636230 36.915000915527 108 108 108
20.589778900146 14.068595886230 38.486999511719 230 230 230
20.589778900146 14.068595886230 38.399002075195 227 227 227
20.589778900146 14.068595886230 38.310001373291 215 215 215
20.533226013184 14.041990280151 37.960998535156 242 242 242
20.589778900146 14.068595886230 37.873001098633 237 237 237
20.533226013184 14.041990280151 37.786998748779 237 237 237
20.336956024170 14.018726348877 37.536998748779 95 95 95
20.336956024170 14.018726348877 37.448001861572 105 105 105
20.476671218872 14.015384674072 37.355998992920 107 107 107
20.476671218872 14.015384674072 37.269001007080 106 106 106
20.476671218872 14.015384674072 37.180999755859 127 127 127
20.393508911133 14.045331954956 37.094001770020 93 93 93
20.336956024170 14.018726348877 37.006000518799 112 112 112
20.336956024170 14.018726348877 36.916999816895 128 128 128
20.586437225342 13.928882598877 38.497001647949 202 202 202
20.586437225342 13.928882598877 38.407001495361 207 207 207
20.559831619263 13.985435485840 38.318000793457 184 184 184
20.559831619263 13.985435485840 37.876998901367 235 235 235
20.559831619263 13.985435485840 37.790000915527 253 253 253
20.586437225342 13.928882598877 37.701999664307 214 214 214
20.363563537598 13.962173461914 37.536998748779 93 93 93
20.363563537598 13.962173461914 37.448001861572 106 106 106
20.363563537598 13.962173461914 37.358001708984 89 89 89
20.363563537598 13.962173461914 37.270000457764 104 104 104
20.307008743286 13.935565948486 37.181999206543 99 99 99
20.363563537598 13.962173461914 37.092998504639 135 135 135
20.363563537598 13.962173461914 37.004001617432 122 122 122
20.363563537598 13.962173461914 36.915000915527 122 122 122
20.529882431030 13.902275085449 38.413002014160 181 181 181
20.529882431030 13.902275085449 37.881000518799 207 207 207
20.529882431030 13.902275085449 37.792999267578 181 181 181
20.416774749756 13.849063873291 37.538002014160 88 88 88
20.390169143677 13.905616760254 37.449001312256 102 102 102
20.473327636719 13.875669479370 37.358001708984 91 91 91
20.416774749756 13.849063873291 37.270999908447 118 118 118
20.416774749756 13.849063873291 37.181999206543 86 86 86
20.473327636719 13.875669479370 37.092998504639 43 43 43
20.390169143677 13.905616760254 37.004001617432 113 113 113
20.416774749756 13.849063873291 37.449001312256 103 103 103
20.416774749756 13.849063873291 37.360000610352 95 95 95
20.360219955444 13.822456359863 37.270999908447 109 109 109
20.416774749756 13.849063873291 37.181999206543 110 110 110
20.360219955444 13.822456359863 37.091999053955 59 59 59
20.413433074951 13.709348678589 37.451000213623 70 70 70
20.413433074951 13.709348678589 37.360000610352 105 105 105
20.413433074951 13.709348678589 37.270999908447 82 82 82
20.164081573486 14.973461151123 37.069999694824 77 77 77
20.390298843384 15.079885482788 37.135002136230 102 102 102
20.390298843384 15.079885482788 37.205001831055 104 104 104
20.390298843384 15.079885482788 37.275001525879 97 97 97
20.416904449463 15.023330688477 37.345001220703 104 104 104
20.416904449463 15.023330688477 37.416000366211 102 102 102
20.416904449463 15.023330688477 37.486999511719 81 81 81
20.386957168579 14.940172195435 36.923000335693 86 86 86
20.386957168579 14.940172195435 36.993999481201 111 111 111
20.386957168579 14.940172195435 37.064998626709 104 104 104
20.386957168579 14.940172195435 37.136001586914 111 111 111
20.386957168579 14.940172195435 37.207000732422 127 127 127
20.443511962891 14.966777801514 37.274002075195 94 94 94
20.443511962891 14.966777801514 37.344001770020 88 88 88
20.386957168579 14.940172195435 37.421001434326 99 99 99
20.386957168579 14.940172195435 37.491001129150 108 108 108
20.556619644165 15.019989013672 37.821998596191 128 128 128
20.556619644165 15.019989013672 38.321998596191 43 43 43
20.613174438477 15.046596527100 38.388999938965 109 109 109
20.357009887695 14.857011795044 36.848999023438 121 121 121
20.357009887695 14.857011795044 36.921001434326 108 108 108
20.383615493774 14.800457000732 36.993000030518 117 117 117
20.383615493774 14.800457000732 37.063999176025 110 110 110
20.383615493774 14.800457000732 37.136001586914 131 131 131
20.383615493774 14.800457000732 37.207000732422 135 135 135
20.383615493774 14.800457000732 37.278999328613 117 117 117
20.383615493774 14.800457000732 37.351001739502 119 119 119
20.383615493774 14.800457000732 37.424999237061 143 143 143
20.383615493774 14.800457000732 37.497001647949 109 109 109
20.553277969360 14.880275726318 37.686000823975 146 146 146
20.553277969360 14.880275726318 37.756999969482 186 186 186
20.553277969360 14.880275726318 37.827999114990 152 152 152
20.553277969360 14.880275726318 37.901000976563 131 131 131
20.553277969360 14.880275726318 38.258998870850 17 17 17
20.609830856323 14.906881332397 38.326999664307 163 163 163
20.609830856323 14.906881332397 38.400001525879 172 172 172
20.609830856323 14.906881332397 38.472999572754 169 169 169
20.353666305542 14.717296600342 36.847000122070 135 135 135
20.353666305542 14.717296600342 36.920001983643 132 132 132
20.353666305542 14.717296600342 36.992000579834 113 113 113
20.353666305542 14.717296600342 37.063999176025 120 120 120
20.523328781128 14.797115325928 37.131000518799 120 120 120
20.410221099854 14.743904113770 37.206001281738 115 115 115
20.466773986816 14.770509719849 37.275001525879 116 116 116
20.410221099854 14.743904113770 37.348999023438 113 113 113
20.353666305542 14.717296600342 37.429000854492 145 145 145
20.353666305542 14.717296600342 37.503002166748 114 114 114
20.523328781128 14.797115325928 37.763999938965 153 153 153
20.523328781128 14.797115325928 37.835998535156 156 156 156
20.523328781128 14.797115325928 37.906002044678 151 151 151
20.523328781128 14.797115325928 37.979999542236 70 70 70
20.523328781128 14.797115325928 38.265998840332 167 167 167
20.523328781128 14.797115325928 38.340000152588 173 173 173
20.636436462402 14.850326538086 38.411998748779 172 172 172
20.323719024658 14.634138107300 36.917999267578 141 141 141
20.323719024658 14.634138107300 36.991001129150 130 130 130
20.436828613281 14.687349319458 37.063999176025 125 125 125
20.493381500244 14.713954925537 37.131999969482 125 125 125
20.493381500244 14.713954925537 37.203998565674 132 132 132
20.549934387207 14.740562438965 37.272998809814 117 117 117
20.493381500244 14.713954925537 37.347000122070 108 108 108
20.323719024658 14.634138107300 37.431999206543 120 120 120
20.406879425049 14.604188919067 37.505001068115 116 116 116
20.549934387207 14.740562438965 37.841999053955 156 156 156
20.549934387207 14.740562438965 37.913002014160 153 153 153
20.549934387207 14.740562438965 37.984001159668 157 157 157
20.549934387207 14.740562438965 38.200000762939 162 162 162
20.549934387207 14.740562438965 38.274002075195 172 172 172
20.549934387207 14.740562438965 38.349998474121 172 172 172
20.490039825439 14.574241638184 36.845001220703 63 63 63
20.433485031128 14.547634124756 37.063999176025 83 83 83
20.433485031128 14.547634124756 37.137001037598 75 75 75
20.433485031128 14.547634124756 37.212001800537 113 113 113
20.490039825439 14.574241638184 37.281002044678 120 120 120
20.433485031128 14.547634124756 37.360000610352 111 111 111
20.376930236816 14.521030426025 37.435001373291 111 111 111
20.376930236816 14.521030426025 37.510002136230 107 107 107
20.546592712402 14.600847244263 37.847000122070 81 81 81
20.546592712402 14.600847244263 37.921001434326 153 153 153
20.546592712402 14.600847244263 37.993999481201 156 156 156
20.546592712402 14.600847244263 38.067001342773 158 158 158
20.546592712402 14.600847244263 38.138000488281 164 164 164
20.546592712402 14.600847244263 38.212001800537 169 169 169
20.546592712402 14.600847244263 38.285999298096 173 173 173
20.490039825439 14.574241638184 38.700000762939 104 104 104
20.346982955933 14.437870025635 37.215000152588 98 98 98
20.460090637207 14.491081237793 37.283000946045 113 113 113
20.403535842896 14.464475631714 37.362998962402 116 116 116
20.317033767700 14.354709625244 37.443000793457 110 110 110
20.516645431519 14.517686843872 37.930999755859 149 149 149
20.516645431519 14.517686843872 38.003002166748 156 156 156
20.543251037598 14.461132049561 38.074001312256 171 171 171
20.516645431519 14.517686843872 38.151000976563 173 173 173
20.543251037598 14.461132049561 38.224998474121 171 171 171
20.599803924561 14.487739562988 38.578998565674 110 110 110
20.486696243286 14.434526443481 38.716999053955 123 123 123
20.656358718872 14.514343261719 38.717998504639 96 96 96
20.543251037598 14.461132049561 35.895999908447 156 156 156
20.543251037598 14.461132049561 35.970001220703 161 161 161
20.543251037598 14.461132049561 36.045001983643 161 161 161
20.543251037598 14.461132049561 36.118000030518 161 161 161
20.543251037598 14.461132049561 36.193000793457 159 159 159
20.543251037598 14.461132049561 36.265998840332 164 164 164
20.543251037598 14.461132049561 36.339000701904 158 158 158
20.543251037598 14.461132049561 36.410999298096 156 156 156
20.543251037598 14.461132049561 36.485000610352 153 153 153
20.543251037598 14.461132049561 36.556999206543 151 151 151
20.543251037598 14.461132049561 36.629001617432 152 152 152
20.543251037598 14.461132049561 36.701999664307 150 150 150
20.626411437988 14.431184768677 36.774002075195 165 165 165
20.599803924561 14.487739562988 36.846000671387 166 166 166
20.599803924561 14.487739562988 36.917999267578 158 158 158
20.599803924561 14.487739562988 36.988998413086 162 162 162
20.626411437988 14.431184768677 37.061000823975 172 172 172
20.599803924561 14.487739562988 37.131999969482 149 149 149
20.599803924561 14.487739562988 37.203998565674 156 156 156
20.599803924561 14.487739562988 37.276000976563 154 154 154
20.626411437988 14.431184768677 37.346000671387 147 147 147
20.626411437988 14.431184768677 37.417999267578 154 154 154
20.626411437988 14.431184768677 37.490001678467 150 150 150
20.626411437988 14.431184768677 37.562000274658 153 153 153
20.626411437988 14.431184768677 37.632999420166 150 150 150
20.626411437988 14.431184768677 37.705001831055 146 146 146
20.626411437988 14.431184768677 37.776000976563 148 148 148
20.626411437988 14.431184768677 37.847999572754 145 145 145
20.626411437988 14.431184768677 37.921001434326 149 149 149
20.682964324951 14.457790374756 37.992000579834 152 152 152
20.682964324951 14.457790374756 38.063999176025 148 148 148
20.682964324951 14.457790374756 38.138000488281 146 146 146
20.682964324951 14.457790374756 38.209999084473 145 145 145
20.682964324951 14.457790374756 38.282001495361 145 145 145
20.682964324951 14.457790374756 38.355998992920 148 148 148
20.682964324951 14.457790374756 38.425998687744 158 158 158
20.682964324951 14.457790374756 38.508998870850 157 157 157
20.739521026611 14.484397888184 38.564998626709 153 153 153
20.739521026611 14.484397888184 38.645999908447 97 97 97
20.739521026611 14.484397888184 38.715999603271 113 113 113
20.682964324951 14.457790374756 38.799999237061 78 78 78
20.653017044067 14.374629974365 35.909000396729 153 153 153
20.653017044067 14.374629974365 35.984001159668 156 156 156
20.653017044067 14.374629974365 36.056999206543 157 157 157
20.653017044067 14.374629974365 36.131000518799 158 158 158
20.653017044067 14.374629974365 36.201999664307 155 155 155
20.653017044067 14.374629974365 36.272998809814 161 161 161
20.653017044067 14.374629974365 36.345001220703 157 157 157
20.653017044067 14.374629974365 36.417999267578 161 161 161
20.653017044067 14.374629974365 36.490001678467 159 159 159
20.653017044067 14.374629974365 36.561000823975 157 157 157
20.653017044067 14.374629974365 36.631999969482 156 156 156
20.653017044067 14.374629974365 36.703998565674 158 158 158
20.653017044067 14.374629974365 36.775001525879 157 157 157
20.653017044067 14.374629974365 36.846000671387 157 157 157
20.653017044067 14.374629974365 36.916999816895 147 147 147
20.653017044067 14.374629974365 36.987998962402 154 154 154
20.653017044067 14.374629974365 37.057998657227 172 172 172
20.653017044067 14.374629974365 37.130001068115 151 151 151
20.653017044067 14.374629974365 37.201000213623 149 149 149
20.653017044067 14.374629974365 37.271999359131 141 141 141
20.653017044067 14.374629974365 37.342998504639 140 140 140
20.653017044067 14.374629974365 37.414001464844 137 137 137
20.653017044067 14.374629974365 37.486000061035 127 127 127
20.653017044067 14.374629974365 37.556999206543 125 125 125
20.653017044067 14.374629974365 37.628002166748 122 122 122
20.653017044067 14.374629974365 37.699001312256 119 119 119
20.653017044067 14.374629974365 37.771999359131 117 117 117
20.653017044067 14.374629974365 37.844001770020 112 112 112
20.653017044067 14.374629974365 37.922000885010 125 125 125
20.653017044067 14.374629974365 37.996002197266 136 136 136
20.653017044067 14.374629974365 38.071998596191 143 143 143
20.653017044067 14.374629974365 38.145999908447 135 135 135
20.653017044067 14.374629974365 38.224998474121 136 136 136
20.653017044067 14.374629974365 38.282001495361 92 92 92
20.653017044067 14.374629974365 38.358001708984 82 82 82
20.709571838379 14.401237487793 38.429000854492 83 83 83
20.653017044067 14.374629974365 38.525001525879 77 77 77
20.709571838379 14.401237487793 38.568000793457 129 129 129
20.653017044067 14.374629974365 38.659000396729 117 117 117
20.766126632690 14.427843093872 38.709999084473 104 104 104
20.366903305054 14.101886749268 36.839000701904 94 94 94
20.340297698975 14.158439636230 36.915000915527 114 114 114
20.310350418091 14.075279235840 36.992000579834 115 115 115
20.340297698975 14.158439636230 37.068000793457 111 111 111
20.480012893677 14.155097961426 37.139999389648 141 141 141
20.480012893677 14.155097961426 37.214000701904 112 112 112
20.480012893677 14.155097961426 37.289001464844 129 129 129
20.366903305054 14.101886749268 37.374000549316 107 107 107
20.366903305054 14.101886749268 37.451000213623 108 108 108
20.366903305054 14.101886749268 37.527999877930 105 105 105
20.593120574951 14.208309173584 37.875999450684 157 157 157
20.593120574951 14.208309173584 37.951000213623 165 165 165
20.593120574951 14.208309173584 38.026000976563 153 153 153
20.593120574951 14.208309173584 38.099998474121 105 105 105
20.593120574951 14.208309173584 38.180000305176 147 147 147
20.593120574951 14.208309173584 38.253002166748 148 148 148
20.593120574951 14.208309173584 38.332000732422 139 139 139
20.593120574951 14.208309173584 38.707000732422 108 108 108
20.336956024170 14.018726348877 36.838001251221 119 119 119
20.336956024170 14.018726348877 36.915000915527 130 130 130
20.393508911133 14.045331954956 36.991001129150 101 101 101
20.393508911133 14.045331954956 37.067001342773 109 109 109
20.450065612793 14.071937561035 37.139999389648 131 131 131
20.506618499756 14.098545074463 37.213001251221 125 125 125
20.450065612793 14.071937561035 37.290000915527 115 115 115
20.450065612793 14.071937561035 37.366001129150 112 112 112
20.336956024170 14.018726348877 37.451999664307 112 112 112
20.336956024170 14.018726348877 37.528999328613 101 101 101
20.533226013184 14.041990280151 37.810001373291 143 143 143
20.533226013184 14.041990280151 37.885002136230 152 152 152
20.533226013184 14.041990280151 37.959999084473 140 140 140
20.563171386719 14.125150680542 38.032001495361 111 111 111
20.563171386719 14.125150680542 38.187999725342 143 143 143
20.533226013184 14.041990280151 38.265998840332 143 143 143
20.563171386719 14.125150680542 38.341999053955 145 145 145
20.563171386719 14.125150680542 38.420001983643 60 60 60
20.307008743286 13.935565948486 36.914001464844 134 134 134
20.363563537598 13.962173461914 36.991001129150 137 137 137
20.363563537598 13.962173461914 37.067001342773 147 147 147
20.533226013184 14.041990280151 37.138999938965 143 143 143
20.476671218872 14.015384674072 37.216999053955 127 127 127
20.533226013184 14.041990280151 37.290000915527 135 135 135
20.390169143677 13.905616760254 37.375000000000 105 105 105
20.390169143677 13.905616760254 37.452999114990 106 106 106
20.390169143677 13.905616760254 37.529998779297 96 96 96
20.559831619263 13.985435485840 37.738998413086 102 102 102
20.559831619263 13.985435485840 37.813999176025 136 136 136
20.559831619263 13.985435485840 37.889999389648 136 136 136
20.616384506226 14.012042999268 37.965999603271 141 141 141
20.559831619263 13.985435485840 38.276000976563 147 147 147
20.559831619263 13.985435485840 38.352001190186 148 148 148
20.559831619263 13.985435485840 38.430999755859 149 149 149
20.416774749756 13.849063873291 36.990001678467 91 91 91
20.416774749756 13.849063873291 37.066001892090 82 82 82
20.416774749756 13.849063873291 37.143001556396 98 98 98
20.416774749756 13.849063873291 37.222000122070 135 135 135
20.416774749756 13.849063873291 37.296001434326 104 104 104
20.473327636719 13.875669479370 37.372001647949 102 102 102
20.416774749756 13.849063873291 37.453998565674 110 110 110
20.416774749756 13.849063873291 37.531002044678 83 83 83
20.529882431030 13.902275085449 37.744998931885 144 144 144
20.529882431030 13.902275085449 37.820999145508 148 148 148
20.529882431030 13.902275085449 37.896999359131 162 162 162
20.529882431030 13.902275085449 38.285999298096 43 43 43
20.529882431030 13.902275085449 38.363998413086 141 141 141
20.529882431030 13.902275085449 38.442001342773 145 145 145
20.529882431030 13.902275085449 38.521999359131 110 110 110
20.386825561523 13.765903472900 37.143001556396 87 87 87
20.386825561523 13.765903472900 37.221000671387 114 114 114
20.386825561523 13.765903472900 37.298000335693 110 110 110
20.386825561523 13.765903472900 37.375999450684 111 111 111
20.386825561523 13.765903472900 37.453998565674 105 105 105
20.526538848877 13.762561798096 37.824001312256 98 98 98
20.526538848877 13.762561798096 38.372001647949 89 89 89
20.440038681030 13.652793884277 37.298999786377 50 50 50
20.440038681030 13.652793884277 37.376998901367 38 38 38
20.107528686523 14.946855545044 37.099998474121 72 72 72
20.190689086914 14.916908264160 37.098999023438 106 106 106
20.330404281616 14.913566589355 37.015998840332 73 73 73
20.303798675537 14.970119476318 37.101001739502 100 100 100
20.390298843384 15.079885482788 37.182998657227 93 93 93
20.390298843384 15.079885482788 37.263000488281 87 87 87
20.390298843384 15.079885482788 37.424999237061 80 80 80
20.357009887695 14.857011795044 36.848999023438 100 100 100
20.330404281616 14.913566589355 36.932998657227 97 97 97
20.330404281616 14.913566589355 37.014999389648 100 100 100
20.357009887695 14.857011795044 37.097999572754 104 104 104
20.386957168579 14.940172195435 37.180999755859 113 113 113
20.443511962891 14.966777801514 37.262001037598 96 96 96
20.443511962891 14.966777801514 37.342998504639 82 82 82
20.330404281616 14.913566589355 37.428001403809 134 134 134
20.330404281616 14.913566589355 37.511001586914 94 94 94
20.353666305542 14.717296600342 36.842998504639 41 41 41
20.353666305542 14.717296600342 36.925998687744 132 132 132
20.327060699463 14.773851394653 37.013000488281 102 102 102
20.327060699463 14.773851394653 37.095001220703 97 97 97
20.440168380737 14.827064514160 37.179000854492 129 129 129
20.383615493774 14.800457000732 37.261001586914 112 112 112
20.353666305542 14.717296600342 37.346000671387 121 121 121
20.353666305542 14.717296600342 37.430000305176 136 136 136
20.353666305542 14.717296600342 37.514999389648 100 100 100
20.556619644165 15.019989013672 37.814998626709 82 82 82
20.613174438477 15.046596527100 38.375000000000 77 77 77
20.436828613281 14.687349319458 36.924999237061 28 28 28
20.406879425049 14.604188919067 37.008998870850 82 82 82
20.410221099854 14.743904113770 37.096000671387 98 98 98
20.440168380737 14.827064514160 37.178001403809 112 112 112
20.466773986816 14.770509719849 37.258998870850 119 119 119
20.466773986816 14.770509719849 37.341999053955 86 86 86
20.406879425049 14.604188919067 37.431999206543 94 94 94
20.406879425049 14.604188919067 37.517002105713 85 85 85
20.553277969360 14.880275726318 37.738998413086 105 105 105
20.553277969360 14.880275726318 37.820999145508 112 112 112
20.553277969360 14.880275726318 37.902000427246 104 104 104
20.553277969360 14.880275726318 38.305999755859 105 105 105
20.553277969360 14.880275726318 38.386001586914 111 111 111
20.609830856323 14.906881332397 38.466999053955 95 95 95
20.376930236816 14.521030426025 35.080001831055 143 143 143
20.490039825439 14.574241638184 36.841999053955 42 42 42
20.203926086426 14.301496505737 37.000999450684 63 63 63
20.203926086426 14.301496505737 37.089000701904 101 101 101
20.317033767700 14.354709625244 37.177001953125 86 86 86
20.549934387207 14.740562438965 37.258998870850 113 113 113
20.433485031128 14.547634124756 37.347000122070 102 102 102
20.317033767700 14.354709625244 37.436000823975 91 91 91
20.260478973389 14.328102111816 37.527999877930 81 81 81
20.549934387207 14.740562438965 37.826999664307 89 89 89
20.549934387207 14.740562438965 37.909999847412 106 106 106
20.549934387207 14.740562438965 37.991001129150 104 104 104
20.549934387207 14.740562438965 38.159999847412 65 65 65
20.606491088867 14.767168045044 38.235000610352 104 104 104
20.606491088867 14.767168045044 38.319000244141 106 106 106
20.606491088867 14.767168045044 38.396999359131 63 63 63
20.433485031128 14.547634124756 38.714000701904 92 92 92
20.313692092896 14.214994430542 36.911998748779 97 97 97
20.313692092896 14.214994430542 37.000999450684 96 96 96
20.313692092896 14.214994430542 37.089000701904 99 99 99
20.257139205933 14.188388824463 37.177001953125 103 103 103
20.490039825439 14.574241638184 37.260002136230 89 89 89
20.287086486816 14.271549224854 37.351001739502 70 70 70
20.313692092896 14.214994430542 37.441001892090 83 83 83
20.313692092896 14.214994430542 37.528999328613 88 88 88
20.490039825439 14.574241638184 37.920001983643 106 106 106
20.490039825439 14.574241638184 38.004001617432 112 112 112
20.546592712402 14.600847244263 38.083999633789 115 115 115
20.546592712402 14.600847244263 38.167999267578 109 109 109
20.546592712402 14.600847244263 38.250999450684 107 107 107
20.490039825439 14.574241638184 38.601001739502 82 82 82
20.430141448975 14.407920837402 38.723999023438 112 112 112
20.486696243286 14.434526443481 35.121002197266 133 133 133
20.543251037598 14.461132049561 35.210998535156 127 127 127
20.543251037598 14.461132049561 35.303001403809 136 136 136
20.543251037598 14.461132049561 35.830001831055 159 159 159
20.543251037598 14.461132049561 35.915000915527 161 161 161
20.543251037598 14.461132049561 36.001998901367 165 165 165
20.543251037598 14.461132049561 36.084999084473 162 162 162
20.543251037598 14.461132049561 36.172000885010 172 172 172
20.543251037598 14.461132049561 36.256000518799 180 180 180
20.543251037598 14.461132049561 36.341999053955 181 181 181
20.543251037598 14.461132049561 36.425998687744 186 186 186
20.543251037598 14.461132049561 36.508998870850 188 188 188
20.543251037598 14.461132049561 36.594001770020 189 189 189
20.543251037598 14.461132049561 36.678001403809 187 187 187
20.543251037598 14.461132049561 36.762001037598 195 195 195
20.543251037598 14.461132049561 36.845001220703 196 196 196
20.543251037598 14.461132049561 36.928001403809 194 194 194
20.543251037598 14.461132049561 37.011001586914 201 201 201
20.543251037598 14.461132049561 37.094001770020 201 201 201
20.543251037598 14.461132049561 37.177001953125 154 154 154
20.543251037598 14.461132049561 37.260002136230 202 202 202
20.543251037598 14.461132049561 37.342998504639 230 230 230
20.543251037598 14.461132049561 37.425998687744 206 206 206
20.543251037598 14.461132049561 37.507999420166 202 202 202
20.543251037598 14.461132049561 37.591999053955 202 202 202
20.543251037598 14.461132049561 37.674999237061 200 200 200
20.543251037598 14.461132049561 37.756999969482 196 196 196
20.543251037598 14.461132049561 37.840999603271 191 191 191
20.543251037598 14.461132049561 37.923999786377 196 196 196
20.543251037598 14.461132049561 38.006999969482 197 197 197
20.543251037598 14.461132049561 38.090999603271 195 195 195
20.543251037598 14.461132049561 38.174999237061 196 196 196
20.543251037598 14.461132049561 38.256999969482 188 188 188
20.543251037598 14.461132049561 38.340999603271 144 144 144
20.543251037598 14.461132049561 38.427001953125 177 177 177
20.543251037598 14.461132049561 38.503002166748 107 107 107
20.573198318481 14.544292449951 38.576000213623 118 118 118
20.573198318481 14.544292449951 38.666999816895 106 106 106
20.603147506714 14.627452850342 38.731998443604 71 71 71
20.599803924561 14.487739562988 35.150001525879 149 149 149
20.599803924561 14.487739562988 35.242000579834 161 161 161
20.599803924561 14.487739562988 35.327999114990 168 168 168
20.626411437988 14.431184768677 35.847999572754 176 176 176
20.626411437988 14.431184768677 35.931999206543 179 179 179
20.599803924561 14.487739562988 36.019001007080 178 178 178
20.599803924561 14.487739562988 36.104000091553 180 180 180
20.599803924561 14.487739562988 36.187999725342 189 189 189
20.599803924561 14.487739562988 36.271999359131 185 185 185
20.599803924561 14.487739562988 36.354999542236 187 187 187
20.626411437988 14.431184768677 36.437000274658 193 193 193
20.626411437988 14.431184768677 36.520000457764 194 194 194
20.599803924561 14.487739562988 36.603000640869 193 193 193
20.599803924561 14.487739562988 36.686000823975 198 198 198
20.599803924561 14.487739562988 36.768001556396 201 201 201
20.599803924561 14.487739562988 36.849998474121 202 202 202
20.626411437988 14.431184768677 36.931999206543 201 201 201
20.656358718872 14.514343261719 37.013999938965 203 203 203
20.656358718872 14.514343261719 37.096000671387 204 204 204
20.656358718872 14.514343261719 37.177001953125 214 214 214
20.656358718872 14.514343261719 37.258998870850 236 236 236
20.626411437988 14.431184768677 37.340999603271 255 255 255
20.656358718872 14.514343261719 37.422000885010 237 237 237
20.656358718872 14.514343261719 37.504001617432 203 203 203
20.656358718872 14.514343261719 37.584999084473 208 208 208
20.656358718872 14.514343261719 37.666999816895 202 202 202
20.656358718872 14.514343261719 37.749000549316 202 202 202
20.656358718872 14.514343261719 37.831001281738 202 202 202
20.656358718872 14.514343261719 37.913002014160 201 201 201
20.656358718872 14.514343261719 37.994998931885 199 199 199
20.656358718872 14.514343261719 38.076999664307 198 198 198
20.656358718872 14.514343261719 38.160999298096 200 200 200
20.656358718872 14.514343261719 38.243000030518 197 197 197
20.656358718872 14.514343261719 38.326000213623 193 193 193
20.656358718872 14.514343261719 38.409000396729 196 196 196
20.656358718872 14.514343261719 38.492000579834 175 175 175
20.712913513184 14.540950775146 38.567001342773 133 133 133
20.656358718872 14.514343261719 38.656002044678 94 94 94
20.686307907104 14.597505569458 38.717998504639 83 83 83
20.390169143677 13.905616760254 36.999000549316 107 107 107
20.363563537598 13.962173461914 37.089000701904 81 81 81
20.450065612793 14.071937561035 37.177001953125 113 113 113
20.506618499756 14.098545074463 37.263000488281 101 101 101
20.450065612793 14.071937561035 37.349998474121 100 100 100
20.390169143677 13.905616760254 37.443000793457 87 87 87
20.390169143677 13.905616760254 37.532001495361 82 82 82
20.536565780640 14.181705474854 37.856998443604 105 105 105
20.536565780640 14.181705474854 37.944000244141 109 109 109
20.536565780640 14.181705474854 38.028999328613 105 105 105
20.536565780640 14.181705474854 38.203998565674 97 97 97
20.536565780640 14.181705474854 38.291000366211 101 101 101
20.536565780640 14.181705474854 38.375999450684 93 93 93
20.709571838379 14.401237487793 38.568000793457 102 102 102
20.653017044067 14.374629974365 38.677001953125 100 100 100
20.796073913574 14.511001586914 38.719001770020 77 77 77
20.416774749756 13.849063873291 37.175998687744 43 43 43
20.360219955444 13.822456359863 37.264999389648 94 94 94
20.416774749756 13.849063873291 37.353000640869 87 87 87
20.360219955444 13.822456359863 37.443000793457 83 83 83
20.533226013184 14.041990280151 37.778999328613 105 105 105
20.533226013184 14.041990280151 37.866001129150 108 108 108
20.533226013184 14.041990280151 37.951999664307 81 81 81
20.559831619263 13.985435485840 38.305000305176 98 98 98
20.559831619263 13.985435485840 38.394001007080 101 101 101
20.559831619263 13.985435485840 38.480998992920 92 92 92
20.706228256226 14.261522293091 38.684001922607 32 32 32
20.413433074951 13.709348678589 37.263999938965 24 24 24
20.413433074951 13.709348678589 37.354000091553 47 47 47
20.529882431030 13.902275085449 37.784999847412 58 58 58
20.529882431030 13.902275085449 37.872001647949 72 72 72
20.529882431030 13.902275085449 38.401000976563 47 47 47
20.413433074951 13.709348678589 37.205001831055 111 111 111
20.413433074951 13.709348678589 37.282001495361 108 108 108
20.413433074951 13.709348678589 37.360000610352 110 110 110
20.413433074951 13.709348678589 37.437000274658 97 97 97
20.443380355835 13.792510986328 37.048999786377 41 41 41
20.443380355835 13.792510986328 37.125000000000 85 85 85
20.386825561523 13.765903472900 37.203998565674 122 122 122
20.386825561523 13.765903472900 37.279998779297 121 121 121
20.386825561523 13.765903472900 37.358001708984 111 111 111
20.386825561523 13.765903472900 37.436000823975 108 108 108
20.556488037109 13.845722198486 37.727001190186 97 97 97
20.556488037109 13.845722198486 37.805000305176 154 154 154
20.556488037109 13.845722198486 37.881000518799 25 25 25
20.556488037109 13.845722198486 38.349998474121 150 150 150
20.556488037109 13.845722198486 38.428001403809 102 102 102
20.416774749756 13.849063873291 36.972000122070 126 126 126
20.416774749756 13.849063873291 37.048000335693 88 88 88
20.416774749756 13.849063873291 37.125000000000 113 113 113
20.416774749756 13.849063873291 37.202999114990 145 145 145
20.473327636719 13.875669479370 37.277000427246 105 105 105
20.416774749756 13.849063873291 37.354000091553 104 104 104
20.416774749756 13.849063873291 37.435001373291 106 106 106
20.416774749756 13.849063873291 37.512001037598 103 103 103
20.586437225342 13.928882598877 37.722999572754 154 154 154
20.529882431030 13.902275085449 37.800998687744 164 164 164
20.529882431030 13.902275085449 37.878002166748 162 162 162
20.586437225342 13.928882598877 38.262001037598 78 78 78
20.586437225342 13.928882598877 38.339000701904 138 138 138
20.529882431030 13.902275085449 38.420001983643 139 139 139
20.586437225342 13.928882598877 38.498001098633 127 127 127
20.390169143677 13.905616760254 36.895000457764 130 130 130
20.390169143677 13.905616760254 36.972000122070 137 137 137
20.446722030640 13.932224273682 37.048000335693 142 142 142
20.559831619263 13.985435485840 37.121002197266 140 140 140
20.446722030640 13.932224273682 37.199001312256 131 131 131
20.503276824951 13.958829879761 37.272998809814 129 129 129
20.446722030640 13.932224273682 37.354999542236 104 104 104
20.390169143677 13.905616760254 37.434001922607 107 107 107
20.390169143677 13.905616760254 37.511001586914 103 103 103
20.559831619263 13.985435485840 37.720001220703 86 86 86
20.559831619263 13.985435485840 37.796001434326 135 135 135
20.559831619263 13.985435485840 37.868999481201 141 141 141
20.616384506226 14.012042999268 37.944000244141 150 150 150
20.559831619263 13.985435485840 38.255001068115 148 148 148
20.559831619263 13.985435485840 38.333999633789 149 149 149
20.559831619263 13.985435485840 38.414001464844 148 148 148
20.363563537598 13.962173461914 36.819000244141 81 81 81
20.363563537598 13.962173461914 36.895000457764 105 105 105
20.363563537598 13.962173461914 36.972000122070 120 120 120
20.363563537598 13.962173461914 37.048000335693 101 101 101
20.476671218872 14.015384674072 37.121002197266 133 133 133
20.476671218872 14.015384674072 37.194000244141 121 121 121
20.476671218872 14.015384674072 37.269001007080 118 118 118
20.476671218872 14.015384674072 37.347000122070 113 113 113
20.363563537598 13.962173461914 37.431999206543 107 107 107
20.363563537598 13.962173461914 37.508998870850 104 104 104
20.589778900146 14.068595886230 37.789001464844 156 156 156
20.589778900146 14.068595886230 37.863998413086 155 155 155
20.589778900146 14.068595886230 37.941001892090 143 143 143
20.589778900146 14.068595886230 38.013000488281 65 65 65
20.589778900146 14.068595886230 38.168998718262 96 96 96
20.589778900146 14.068595886230 38.249000549316 137 137 137
20.589778900146 14.068595886230 38.325000762939 144 144 144
20.589778900146 14.068595886230 38.400001525879 123 123 123
20.310350418091 14.075279235840 36.819999694824 112 112 112
20.310350418091 14.075279235840 36.895999908447 121 121 121
20.366903305054 14.101886749268 36.972000122070 105 105 105
20.366903305054 14.101886749268 37.048000335693 104 104 104
20.423458099365 14.128492355347 37.121002197266 133 133 133
20.480012893677 14.155097961426 37.195999145508 126 126 126
20.506618499756 14.098545074463 37.269001007080 119 119 119
20.423458099365 14.128492355347 37.347000122070 120 120 120
20.310350418091 14.075279235840 37.432998657227 107 107 107
20.336956024170 14.018726348877 37.508998870850 106 106 106
20.563171386719 14.125150680542 37.859001159668 155 155 155
20.563171386719 14.125150680542 37.935001373291 166 166 166
20.563171386719 14.125150680542 38.011001586914 167 167 167
20.563171386719 14.125150680542 38.163002014160 151 151 151
20.563171386719 14.125150680542 38.240001678467 152 152 152
20.563171386719 14.125150680542 38.317001342773 149 149 149
20.676280975342 14.178361892700 38.674999237061 93 93 93
20.340297698975 14.158439636230 36.821998596191 20 20 20
20.340297698975 14.158439636230 36.897998809814 111 111 111
20.366903305054 14.101886749268 36.973999023438 108 108 108
20.310350418091 14.075279235840 37.050998687744 110 110 110
20.396852493286 14.185047149658 37.124000549316 131 131 131
20.340297698975 14.158439636230 37.201999664307 114 114 114
20.480012893677 14.155097961426 37.271999359131 122 122 122
20.340297698975 14.158439636230 37.354999542236 110 110 110
20.340297698975 14.158439636230 37.432998657227 110 110 110
20.340297698975 14.158439636230 37.510002136230 107 107 107
20.593120574951 14.208309173584 37.855998992920 83 83 83
20.593120574951 14.208309173584 37.930000305176 159 159 159
20.593120574951 14.208309173584 38.004001617432 160 160 160
20.593120574951 14.208309173584 38.078998565674 165 165 165
20.593120574951 14.208309173584 38.156002044678 148 148 148
20.593120574951 14.208309173584 38.231998443604 150 150 150
20.593120574951 14.208309173584 38.310001373291 115 115 115
20.706228256226 14.261522293091 38.564998626709 109 109 109
20.593120574951 14.208309173584 38.696998596191 110 110 110
20.762783050537 14.288127899170 38.693000793457 84 84 84
20.653017044067 14.374629974365 35.894001007080 147 147 147
20.653017044067 14.374629974365 35.966999053955 154 154 154
20.653017044067 14.374629974365 36.040000915527 156 156 156
20.653017044067 14.374629974365 36.113998413086 155 155 155
20.653017044067 14.374629974365 36.185001373291 154 154 154
20.653017044067 14.374629974365 36.257999420166 159 159 159
20.653017044067 14.374629974365 36.330001831055 158 158 158
20.653017044067 14.374629974365 36.401000976563 162 162 162
20.653017044067 14.374629974365 36.472999572754 162 162 162
20.653017044067 14.374629974365 36.543998718262 160 160 160
20.653017044067 14.374629974365 36.615001678467 164 164 164
20.653017044067 14.374629974365 36.686000823975 164 164 164
20.653017044067 14.374629974365 36.756999969482 165 165 165
20.653017044067 14.374629974365 36.827999114990 166 166 166
20.653017044067 14.374629974365 36.899002075195 160 160 160
20.653017044067 14.374629974365 36.970001220703 167 167 167
20.653017044067 14.374629974365 37.041000366211 187 187 187
20.653017044067 14.374629974365 37.111999511719 166 166 166
20.653017044067 14.374629974365 37.182998657227 164 164 164
20.653017044067 14.374629974365 37.254001617432 161 161 161
20.653017044067 14.374629974365 37.325000762939 155 155 155
20.653017044067 14.374629974365 37.395999908447 152 152 152
20.653017044067 14.374629974365 37.465999603271 147 147 147
20.653017044067 14.374629974365 37.538002014160 148 148 148
20.653017044067 14.374629974365 37.609001159668 145 145 145
20.653017044067 14.374629974365 37.680999755859 138 138 138
20.653017044067 14.374629974365 37.751998901367 135 135 135
20.653017044067 14.374629974365 37.825000762939 134 134 134
20.653017044067 14.374629974365 37.897998809814 135 135 135
20.653017044067 14.374629974365 37.969001770020 135 135 135
20.653017044067 14.374629974365 38.041999816895 131 131 131
20.653017044067 14.374629974365 38.115001678467 130 130 130
20.653017044067 14.374629974365 38.187999725342 131 131 131
20.709571838379 14.401237487793 38.261001586914 125 125 125
20.653017044067 14.374629974365 38.337001800537 124 124 124
20.709571838379 14.401237487793 38.408000946045 122 122 122
20.653017044067 14.374629974365 38.493999481201 111 111 111
20.709571838379 14.401237487793 38.548999786377 138 138 138
20.709571838379 14.401237487793 38.633998870850 105 105 105
20.709571838379 14.401237487793 38.698001861572 115 115 115
20.709571838379 14.401237487793 38.783000946045 55 55 55
20.626411437988 14.431184768677 35.887001037598 134 134 134
20.626411437988 14.431184768677 35.963001251221 133 133 133
20.626411437988 14.431184768677 36.034999847412 139 139 139
20.626411437988 14.431184768677 36.109001159668 146 146 146
20.626411437988 14.431184768677 36.184001922607 142 142 142
20.626411437988 14.431184768677 36.254001617432 146 146 146
20.626411437988 14.431184768677 36.326000213623 150 150 150
20.626411437988 14.431184768677 36.400001525879 150 150 150
20.626411437988 14.431184768677 36.472000122070 151 151 151
20.626411437988 14.431184768677 36.543998718262 152 152 152
20.626411437988 14.431184768677 36.615001678467 158 158 158
20.626411437988 14.431184768677 36.687000274658 153 153 153
20.626411437988 14.431184768677 36.757999420166 172 172 172
20.626411437988 14.431184768677 36.828998565674 171 171 171
20.626411437988 14.431184768677 36.900001525879 158 158 158
20.626411437988 14.431184768677 36.972000122070 162 162 162
20.626411437988 14.431184768677 37.042999267578 166 166 166
20.626411437988 14.431184768677 37.113998413086 164 164 164
20.626411437988 14.431184768677 37.185001373291 161 161 161
20.626411437988 14.431184768677 37.256000518799 161 161 161
20.626411437988 14.431184768677 37.326000213623 160 160 160
20.682964324951 14.457790374756 37.396999359131 163 163 163
20.626411437988 14.431184768677 37.469001770020 158 158 158
20.682964324951 14.457790374756 37.540000915527 160 160 160
20.682964324951 14.457790374756 37.610000610352 153 153 153
20.682964324951 14.457790374756 37.682998657227 149 149 149
20.682964324951 14.457790374756 37.754001617432 150 150 150
20.682964324951 14.457790374756 37.825000762939 150 150 150
20.682964324951 14.457790374756 37.897998809814 155 155 155
20.682964324951 14.457790374756 37.969001770020 156 156 156
20.682964324951 14.457790374756 38.042999267578 157 157 157
20.682964324951 14.457790374756 38.117000579834 157 157 157
20.682964324951 14.457790374756 38.187999725342 157 157 157
20.682964324951 14.457790374756 38.262001037598 158 158 158
20.682964324951 14.457790374756 38.334999084473 157 157 157
20.682964324951 14.457790374756 38.409000396729 163 163 163
20.682964324951 14.457790374756 38.486000061035 162 162 162
20.739521026611 14.484397888184 38.548999786377 153 153 153
20.739521026611 14.484397888184 38.625000000000 98 98 98
20.739521026611 14.484397888184 38.698001861572 117 117 117
20.739521026611 14.484397888184 38.775001525879 88 88 88
20.486696243286 14.434526443481 37.119998931885 51 51 51
20.543251037598 14.461132049561 37.188999176025 114 114 114
20.543251037598 14.461132049561 37.261001586914 113 113 113
20.486696243286 14.434526443481 37.338001251221 110 110 110
20.260478973389 14.328102111816 37.430999755859 110 110 110
20.543251037598 14.461132049561 37.913002014160 80 80 80
20.543251037598 14.461132049561 37.987998962402 162 162 162
20.543251037598 14.461132049561 38.061000823975 174 174 174
20.543251037598 14.461132049561 38.135002136230 178 178 178
20.543251037598 14.461132049561 38.209999084473 174 174 174
20.543251037598 14.461132049561 38.279998779297 63 63 63
20.543251037598 14.461132049561 38.354999542236 79 79 79
20.656358718872 14.514343261719 38.413002014160 99 99 99
20.656358718872 14.514343261719 38.493000030518 78 78 78
20.712913513184 14.540950775146 38.553001403809 126 126 126
20.656358718872 14.514343261719 38.645999908447 115 115 115
20.656358718872 14.514343261719 38.708000183105 103 103 103
20.460090637207 14.491081237793 36.827999114990 19 19 19
20.403535842896 14.464475631714 37.196998596191 119 119 119
20.516645431519 14.517686843872 37.261001586914 114 114 114
20.403535842896 14.464475631714 37.345001220703 112 112 112
20.403535842896 14.464475631714 37.418998718262 112 112 112
20.516645431519 14.517686843872 37.909999847412 162 162 162
20.516645431519 14.517686843872 37.981998443604 159 159 159
20.516645431519 14.517686843872 38.055000305176 167 167 167
20.516645431519 14.517686843872 38.128002166748 161 161 161
20.573198318481 14.544292449951 38.200000762939 164 164 164
20.573198318481 14.544292449951 38.274002075195 162 162 162
20.516645431519 14.517686843872 38.580001831055 47 47 47
20.460090637207 14.491081237793 38.694999694824 121 121 121
20.629753112793 14.570899963379 38.709999084473 81 81 81
20.376930236816 14.521030426025 36.974998474121 14 14 14
20.433485031128 14.547634124756 37.048000335693 75 75 75
20.490039825439 14.574241638184 37.119998931885 86 86 86
20.433485031128 14.547634124756 37.194999694824 112 112 112
20.546592712402 14.600847244263 37.258998870850 112 112 112
20.433485031128 14.547634124756 37.340000152588 98 98 98
20.433485031128 14.547634124756 37.417999267578 113 113 113
20.376930236816 14.521030426025 37.492000579834 116 116 116
20.546592712402 14.600847244263 37.827999114990 94 94 94
20.546592712402 14.600847244263 37.902000427246 151 151 151
20.546592712402 14.600847244263 37.974998474121 155 155 155
20.546592712402 14.600847244263 38.047000885010 154 154 154
20.603147506714 14.627452850342 38.117000579834 165 165 165
20.603147506714 14.627452850342 38.191001892090 167 167 167
20.546592712402 14.600847244263 38.265998840332 166 166 166
20.603147506714 14.627452850342 38.335998535156 89 89 89
20.490039825439 14.574241638184 38.675998687744 36 36 36
20.406879425049 14.604188919067 36.901000976563 126 126 126
20.406879425049 14.604188919067 36.974998474121 127 127 127
20.463434219360 14.630794525146 37.047000885010 111 111 111
20.493381500244 14.713954925537 37.116001129150 128 128 128
20.493381500244 14.713954925537 37.187000274658 134 134 134
20.549934387207 14.740562438965 37.256000518799 116 116 116
20.493381500244 14.713954925537 37.331001281738 105 105 105
20.406879425049 14.604188919067 37.415000915527 122 122 122
20.406879425049 14.604188919067 37.488998413086 117 117 117
20.549934387207 14.740562438965 37.823001861572 154 154 154
20.549934387207 14.740562438965 37.894001007080 154 154 154
20.549934387207 14.740562438965 37.967998504639 158 158 158
20.576541900635 14.684005737305 38.182998657227 166 166 166
20.576541900635 14.684005737305 38.256999969482 170 170 170
20.576541900635 14.684005737305 38.331001281738 172 172 172
20.380271911621 14.660743713379 36.828998565674 115 115 115
20.380271911621 14.660743713379 36.902000427246 127 127 127
20.380271911621 14.660743713379 36.973999023438 116 116 116
20.380271911621 14.660743713379 37.046001434326 117 117 117
20.549934387207 14.740562438965 37.112998962402 122 122 122
20.549934387207 14.740562438965 37.185001373291 121 121 121
20.549934387207 14.740562438965 37.256000518799 118 118 118
20.549934387207 14.740562438965 37.327999114990 111 111 111
20.380271911621 14.660743713379 37.411998748779 118 118 118
20.380271911621 14.660743713379 37.485000610352 115 115 115
20.606491088867 14.767168045044 37.746002197266 142 142 142
20.606491088867 14.767168045044 37.819000244141 153 153 153
20.606491088867 14.767168045044 37.889999389648 153 153 153
20.606491088867 14.767168045044 37.960998535156 139 139 139
20.606491088867 14.767168045044 38.179000854492 86 86 86
20.606491088867 14.767168045044 38.250999450684 160 160 160
20.606491088867 14.767168045044 38.321998596191 169 169 169
20.606491088867 14.767168045044 38.394001007080 169 169 169
20.327060699463 14.773851394653 36.828998565674 128 128 128
20.327060699463 14.773851394653 36.901000976563 130 130 130
20.383615493774 14.800457000732 36.972999572754 111 111 111
20.383615493774 14.800457000732 37.043998718262 109 109 109
20.327060699463 14.773851394653 37.117000579834 132 132 132
20.440168380737 14.827064514160 37.185001373291 121 121 121
20.440168380737 14.827064514160 37.256000518799 113 113 113
20.327060699463 14.773851394653 37.334999084473 110 110 110
20.327060699463 14.773851394653 37.407001495361 117 117 117
20.327060699463 14.773851394653 37.479999542236 144 144 144
20.579883575439 14.823722839355 37.668998718262 39 39 39
20.579883575439 14.823722839355 37.741001129150 149 149 149
20.579883575439 14.823722839355 37.812000274658 157 157 157
20.579883575439 14.823722839355 37.881000518799 154 154 154
20.579883575439 14.823722839355 38.241001129150 159 159 159
20.579883575439 14.823722839355 38.311000823975 161 161 161
20.579883575439 14.823722839355 38.386001586914 163 163 163
20.579883575439 14.823722839355 38.456001281738 138 138 138
20.357009887695 14.857011795044 36.830001831055 101 101 101
20.357009887695 14.857011795044 36.901000976563 105 105 105
20.357009887695 14.857011795044 36.972999572754 111 111 111
20.357009887695 14.857011795044 37.045001983643 113 113 113
20.383615493774 14.800457000732 37.116001129150 121 121 121
20.383615493774 14.800457000732 37.187000274658 144 144 144
20.413562774658 14.883617401123 37.257999420166 147 147 147
20.413562774658 14.883617401123 37.327999114990 117 117 117
20.383615493774 14.800457000732 37.402999877930 124 124 124
20.383615493774 14.800457000732 37.476001739502 107 107 107
20.609830856323 14.906881332397 37.666000366211 104 104 104
20.609830856323 14.906881332397 37.735000610352 170 170 170
20.609830856323 14.906881332397 37.805999755859 154 154 154
20.609830856323 14.906881332397 37.875999450684 100 100 100
20.609830856323 14.906881332397 38.304000854492 169 169 169
20.609830856323 14.906881332397 38.375000000000 177 177 177
20.609830856323 14.906881332397 38.446998596191 158 158 158
20.386957168579 14.940172195435 36.902000427246 83 83 83
20.386957168579 14.940172195435 36.972999572754 107 107 107
20.386957168579 14.940172195435 37.043998718262 105 105 105
20.386957168579 14.940172195435 37.115001678467 113 113 113
20.386957168579 14.940172195435 37.185001373291 133 133 133
20.443511962891 14.966777801514 37.254001617432 97 97 97
20.443511962891 14.966777801514 37.323001861572 95 95 95
20.386957168579 14.940172195435 37.399002075195 101 101 101
20.386957168579 14.940172195435 37.470001220703 110 110 110
20.556619644165 15.019989013672 37.799999237061 111 111 111
20.613174438477 15.046596527100 38.366001129150 104 104 104
20.303798675537 14.970119476318 37.043998718262 98 98 98
20.416904449463 15.023330688477 37.112998962402 113 113 113
20.416904449463 15.023330688477 37.184001922607 109 109 109
20.416904449463 15.023330688477 37.254001617432 106 106 106
20.416904449463 15.023330688477 37.325000762939 102 102 102
20.473461151123 15.049938201904 37.395000457764 102 102 102
20.473461151123 15.049938201904 37.465000152588 101 101 101
20.390298843384 15.079885482788 37.181999206543 65 65 65
20.446853637695 15.106491088867 37.251998901367 101 101 101
20.446853637695 15.106491088867 37.321998596191 107 107 107
20.390298843384 15.079885482788 37.392002105713 98 98 98
20.413433074951 13.709348678589 37.250999450684 72 72 72
20.413433074951 13.709348678589 37.340000152588 93 93 93
20.413433074951 13.709348678589 37.429000854492 56 56 56
20.529882431030 13.902275085449 37.681999206543 51 51 51
20.529882431030 13.902275085449 37.770000457764 114 114 114
20.529882431030 13.902275085449 37.858001708984 108 108 108
20.529882431030 13.902275085449 38.296001434326 28 28 28
20.529882431030 13.902275085449 38.387001037598 98 98 98
20.586437225342 13.928882598877 38.470001220703 59 59 59
20.416774749756 13.849063873291 37.160999298096 39 39 39
20.360219955444 13.822456359863 37.250000000000 97 97 97
20.416774749756 13.849063873291 37.337001800537 84 84 84
20.360219955444 13.822456359863 37.427001953125 87 87 87
20.533226013184 14.041990280151 37.763999938965 112 112 112
20.589778900146 14.068595886230 37.848999023438 108 108 108
20.589778900146 14.068595886230 37.936000823975 98 98 98
20.559831619263 13.985435485840 38.288002014160 94 94 94
20.559831619263 13.985435485840 38.375000000000 92 92 92
20.559831619263 13.985435485840 38.465999603271 73 73 73
20.649675369263 14.234916687012 38.673999786377 58 58 58
20.766126632690 14.427843093872 38.706001281738 31 31 31
20.390169143677 13.905616760254 36.985000610352 89 89 89
20.446722030640 13.932224273682 37.075000762939 69 69 69
20.476671218872 14.015384674072 37.161998748779 109 109 109
20.533226013184 14.041990280151 37.248001098633 110 110 110
20.476671218872 14.015384674072 37.334999084473 100 100 100
20.416774749756 13.849063873291 37.428001403809 88 88 88
20.416774749756 13.849063873291 37.517002105713 73 73 73
20.563171386719 14.125150680542 37.845001220703 98 98 98
20.563171386719 14.125150680542 37.930999755859 109 109 109
20.563171386719 14.125150680542 38.013999938965 80 80 80
20.506618499756 14.098545074463 38.192001342773 102 102 102
20.563171386719 14.125150680542 38.278999328613 105 105 105
20.563171386719 14.125150680542 38.365001678467 95 95 95
20.766126632690 14.427843093872 38.553001403809 100 100 100
20.679622650146 14.318077087402 38.672000885010 95 95 95
20.796073913574 14.511001586914 38.698001861572 72 72 72
20.653017044067 14.374629974365 35.129001617432 125 125 125
20.653017044067 14.374629974365 35.219001770020 146 146 146
20.653017044067 14.374629974365 35.307998657227 139 139 139
20.653017044067 14.374629974365 35.835998535156 114 114 114
20.653017044067 14.374629974365 35.922000885010 112 112 112
20.653017044067 14.374629974365 36.006999969482 113 113 113
20.653017044067 14.374629974365 36.090999603271 119 119 119
20.653017044067 14.374629974365 36.174999237061 119 119 119
20.653017044067 14.374629974365 36.256999969482 123 123 123
20.653017044067 14.374629974365 36.340999603271 121 121 121
20.626411437988 14.431184768677 36.424999237061 124 124 124
20.653017044067 14.374629974365 36.506000518799 132 132 132
20.653017044067 14.374629974365 36.589000701904 134 134 134
20.682964324951 14.457790374756 36.672000885010 141 141 141
20.682964324951 14.457790374756 36.754001617432 147 147 147
20.682964324951 14.457790374756 36.835998535156 152 152 152
20.682964324951 14.457790374756 36.917999267578 153 153 153
20.682964324951 14.457790374756 36.999000549316 159 159 159
20.682964324951 14.457790374756 37.081001281738 175 175 175
20.682964324951 14.457790374756 37.161998748779 190 190 190
20.682964324951 14.457790374756 37.243000030518 194 194 194
20.682964324951 14.457790374756 37.325000762939 206 206 206
20.682964324951 14.457790374756 37.406002044678 198 198 198
20.682964324951 14.457790374756 37.487998962402 194 194 194
20.682964324951 14.457790374756 37.569000244141 190 190 190
20.682964324951 14.457790374756 37.651000976563 189 189 189
20.682964324951 14.457790374756 37.731998443604 186 186 186
20.682964324951 14.457790374756 37.814998626709 190 190 190
20.682964324951 14.457790374756 37.895000457764 182 182 182
20.682964324951 14.457790374756 37.978000640869 177 177 177
20.682964324951 14.457790374756 38.061000823975 185 185 185
20.682964324951 14.457790374756 38.144001007080 180 180 180
20.682964324951 14.457790374756 38.223999023438 164 164 164
20.682964324951 14.457790374756 38.306999206543 172 172 172
20.682964324951 14.457790374756 38.389999389648 179 179 179
20.682964324951 14.457790374756 38.472999572754 163 163 163
20.712913513184 14.540950775146 38.548999786377 124 124 124
20.739521026611 14.484397888184 38.638000488281 86 86 86
20.769466400146 14.567556381226 38.700000762939 78 78 78
20.599803924561 14.487739562988 35.135002136230 132 132 132
20.599803924561 14.487739562988 35.224998474121 144 144 144
20.599803924561 14.487739562988 35.312999725342 144 144 144
20.599803924561 14.487739562988 35.833000183105 151 151 151
20.599803924561 14.487739562988 35.921001434326 142 142 142
20.599803924561 14.487739562988 36.005001068115 144 144 144
20.599803924561 14.487739562988 36.088001251221 151 151 151
20.599803924561 14.487739562988 36.172000885010 156 156 156
20.599803924561 14.487739562988 36.256000518799 150 150 150
20.599803924561 14.487739562988 36.340000152588 156 156 156
20.599803924561 14.487739562988 36.423000335693 156 156 156
20.599803924561 14.487739562988 36.506000518799 174 174 174
20.599803924561 14.487739562988 36.589000701904 172 172 172
20.543251037598 14.461132049561 36.672000885010 179 179 179
20.599803924561 14.487739562988 36.754001617432 189 189 189
20.599803924561 14.487739562988 36.835998535156 195 195 195
20.599803924561 14.487739562988 36.917999267578 187 187 187
20.599803924561 14.487739562988 37.000000000000 193 193 193
20.599803924561 14.487739562988 37.082000732422 194 194 194
20.656358718872 14.514343261719 37.164001464844 195 195 195
20.656358718872 14.514343261719 37.246002197266 198 198 198
20.656358718872 14.514343261719 37.326999664307 206 206 206
20.599803924561 14.487739562988 37.409000396729 196 196 196
20.656358718872 14.514343261719 37.491001129150 155 155 155
20.656358718872 14.514343261719 37.573001861572 177 177 177
20.656358718872 14.514343261719 37.654998779297 159 159 159
20.656358718872 14.514343261719 37.736999511719 159 159 159
20.656358718872 14.514343261719 37.819000244141 141 141 141
20.656358718872 14.514343261719 37.901000976563 154 154 154
20.656358718872 14.514343261719 37.985000610352 159 159 159
20.656358718872 14.514343261719 38.068000793457 154 154 154
20.656358718872 14.514343261719 38.151000976563 150 150 150
20.656358718872 14.514343261719 38.231998443604 140 140 140
20.656358718872 14.514343261719 38.316001892090 134 134 134
20.656358718872 14.514343261719 38.395000457764 140 140 140
20.656358718872 14.514343261719 38.476001739502 147 147 147
20.656358718872 14.514343261719 38.554000854492 129 129 129
20.656358718872 14.514343261719 38.645999908447 101 101 101
20.686307907104 14.597505569458 38.710998535156 78 78 78
20.543251037598 14.461132049561 35.105998992920 134 134 134
20.543251037598 14.461132049561 35.195999145508 136 136 136
20.543251037598 14.461132049561 35.290000915527 134 134 134
20.543251037598 14.461132049561 35.817001342773 149 149 149
20.543251037598 14.461132049561 35.902000427246 139 139 139
20.543251037598 14.461132049561 35.987998962402 146 146 146
20.543251037598 14.461132049561 36.073001861572 149 149 149
20.543251037598 14.461132049561 36.159999847412 148 148 148
20.543251037598 14.461132049561 36.243999481201 152 152 152
20.543251037598 14.461132049561 36.327999114990 157 157 157
20.543251037598 14.461132049561 36.411998748779 155 155 155
20.543251037598 14.461132049561 36.497001647949 159 159 159
20.543251037598 14.461132049561 36.581001281738 160 160 160
20.543251037598 14.461132049561 36.664001464844 155 155 155
20.543251037598 14.461132049561 36.748001098633 164 164 164
20.543251037598 14.461132049561 36.831001281738 166 166 166
20.543251037598 14.461132049561 36.914001464844 181 181 181
20.543251037598 14.461132049561 36.997001647949 189 189 189
20.543251037598 14.461132049561 37.081001281738 184 184 184
20.543251037598 14.461132049561 37.164001464844 105 105 105
20.543251037598 14.461132049561 37.247001647949 191 191 191
20.543251037598 14.461132049561 37.330001831055 193 193 193
20.543251037598 14.461132049561 37.413002014160 197 197 197
20.543251037598 14.461132049561 37.496002197266 180 180 180
20.543251037598 14.461132049561 37.578998565674 161 161 161
20.543251037598 14.461132049561 37.660999298096 142 142 142
20.543251037598 14.461132049561 37.743999481201 134 134 134
20.543251037598 14.461132049561 37.827999114990 129 129 129
20.543251037598 14.461132049561 37.911998748779 132 132 132
20.543251037598 14.461132049561 37.993000030518 151 151 151
20.543251037598 14.461132049561 38.076999664307 166 166 166
20.543251037598 14.461132049561 38.161998748779 173 173 173
20.543251037598 14.461132049561 38.244998931885 125 125 125
20.543251037598 14.461132049561 38.330001831055 108 108 108
20.543251037598 14.461132049561 38.414001464844 106 106 106
20.543251037598 14.461132049561 38.500000000000 71 71 71
20.573198318481 14.544292449951 38.567001342773 110 110 110
20.543251037598 14.461132049561 38.666999816895 108 108 108
20.603147506714 14.627452850342 38.723999023438 63 63 63
20.313692092896 14.214994430542 36.901000976563 95 95 95
20.313692092896 14.214994430542 36.988998413086 99 99 99
20.313692092896 14.214994430542 37.076999664307 96 96 96
20.313692092896 14.214994430542 37.165000915527 104 104 104
20.490039825439 14.574241638184 37.248001098633 92 92 92
20.370246887207 14.241600036621 37.339000701904 68 68 68
20.313692092896 14.214994430542 37.429000854492 87 87 87
20.313692092896 14.214994430542 37.517002105713 87 87 87
20.546592712402 14.600847244263 37.907001495361 108 108 108
20.490039825439 14.574241638184 37.991001129150 115 115 115
20.546592712402 14.600847244263 38.069999694824 120 120 120
20.546592712402 14.600847244263 38.153999328613 107 107 107
20.546592712402 14.600847244263 38.238998413086 109 109 109
20.490039825439 14.574241638184 38.588001251221 72 72 72
20.486696243286 14.434526443481 38.708000183105 108 108 108
20.230533599854 14.244941711426 36.992000579834 91 91 91
20.230533599854 14.244941711426 37.080001831055 99 99 99
20.287086486816 14.271549224854 37.167999267578 97 97 97
20.549934387207 14.740562438965 37.250000000000 98 98 98
20.373588562012 14.381313323975 37.340000152588 91 91 91
20.287086486816 14.271549224854 37.430999755859 74 74 74
20.230533599854 14.244941711426 37.519001007080 75 75 75
20.549934387207 14.740562438965 37.819000244141 79 79 79
20.549934387207 14.740562438965 37.902000427246 103 103 103
20.549934387207 14.740562438965 37.985000610352 102 102 102
20.549934387207 14.740562438965 38.149002075195 102 102 102
20.549934387207 14.740562438965 38.229999542236 109 109 109
20.549934387207 14.740562438965 38.311000823975 108 108 108
20.433485031128 14.547634124756 38.702999114990 100 100 100
20.493381500244 14.713954925537 37.087001800537 102 102 102
20.493381500244 14.713954925537 37.168998718262 113 113 113
20.549934387207 14.740562438965 37.250999450684 109 109 109
20.436828613281 14.687349319458 37.333999633789 93 93 93
20.376930236816 14.521030426025 37.423999786377 89 89 89
20.523328781128 14.797115325928 37.731998443604 61 61 61
20.523328781128 14.797115325928 37.813999176025 98 98 98
20.523328781128 14.797115325928 37.895999908447 106 106 106
20.523328781128 14.797115325928 37.979999542236 64 64 64
20.523328781128 14.797115325928 38.222000122070 113 113 113
20.579883575439 14.823722839355 38.302001953125 116 116 116
20.579883575439 14.823722839355 38.383998870850 111 111 111
20.406879425049 14.604188919067 36.917999267578 60 60 60
20.406879425049 14.604188919067 37.003002166748 109 109 109
20.436828613281 14.687349319458 37.088001251221 113 113 113
20.440168380737 14.827064514160 37.172000885010 120 120 120
20.496723175049 14.853668212891 37.253002166748 111 111 111
20.380271911621 14.660743713379 37.338001251221 73 73 73
20.406879425049 14.604188919067 37.425998687744 96 96 96
20.406879425049 14.604188919067 37.510002136230 102 102 102
20.583225250244 14.963436126709 37.730998992920 121 121 121
20.583225250244 14.963436126709 37.811000823975 100 100 100
20.553277969360 14.880275726318 37.892002105713 86 86 86
20.583225250244 14.963436126709 38.292999267578 106 106 106
20.583225250244 14.963436126709 38.371002197266 128 128 128
20.583225250244 14.963436126709 38.458000183105 111 111 111
20.353666305542 14.717296600342 36.835998535156 81 81 81
20.353666305542 14.717296600342 36.920001983643 114 114 114
20.383615493774 14.800457000732 37.006000518799 103 103 103
20.353666305542 14.717296600342 37.088001251221 99 99 99
20.440168380737 14.827064514160 37.171001434326 125 125 125
20.383615493774 14.800457000732 37.254001617432 109 109 109
20.353666305542 14.717296600342 37.338001251221 141 141 141
20.353666305542 14.717296600342 37.422000885010 131 131 131
20.353666305542 14.717296600342 37.506000518799 100 100 100
20.556619644165 15.019989013672 37.806999206543 71 71 71
20.357009887695 14.857011795044 36.840999603271 110 110 110
20.357009887695 14.857011795044 36.923000335693 101 101 101
20.357009887695 14.857011795044 37.006999969482 100 100 100
20.357009887695 14.857011795044 37.090000152588 115 115 115
20.386957168579 14.940172195435 37.173000335693 147 147 147
20.443511962891 14.966777801514 37.254001617432 83 83 83
20.443511962891 14.966777801514 37.334999084473 69 69 69
20.357009887695 14.857011795044 37.421001434326 125 125 125
20.357009887695 14.857011795044 37.504001617432 93 93 93
20.386957168579 14.940172195435 36.924999237061 66 66 66
20.386957168579 14.940172195435 37.007999420166 97 97 97
20.416904449463 15.023330688477 37.090000152588 91 91 91
20.416904449463 15.023330688477 37.172000885010 96 96 96
20.416904449463 15.023330688477 37.253002166748 107 107 107
20.416904449463 15.023330688477 37.333999633789 98 98 98
20.416904449463 15.023330688477 37.416000366211 79 79 79
20.416904449463 15.023330688477 37.498001098633 76 76 76
20.303798675537 14.970119476318 37.004001617432 40 40 40
20.273849487305 14.886959075928 37.087001800537 99 99 99
20.390298843384 15.079885482788 37.171001434326 40 40 40
20.190689086914 14.916908264160 37.085998535156 107 107 107
20.164081573486 14.973461151123 37.084999084473 85 85 85
20.413433074951 13.709348678589 37.434001922607 80 80 80
20.413433074951 13.709348678589 37.344001770020 98 98 98
20.413433074951 13.709348678589 37.255001068115 104 104 104
20.386825561523 13.765903472900 37.432998657227 97 97 97
20.386825561523 13.765903472900 37.344001770020 102 102 102
20.386825561523 13.765903472900 37.255001068115 105 105 105
20.386825561523 13.765903472900 37.165000915527 112 112 112
20.386825561523 13.765903472900 37.076000213623 45 45 45
20.499933242798 13.819114685059 38.395000457764 108 108 108
20.499933242798 13.819114685059 37.865001678467 159 159 159
20.499933242798 13.819114685059 37.777000427246 24 24 24
20.416774749756 13.849063873291 37.520999908447 79 79 79
20.416774749756 13.849063873291 37.431999206543 99 99 99
20.416774749756 13.849063873291 37.341999053955 103 103 103
20.416774749756 13.849063873291 37.254001617432 126 126 126
20.416774749756 13.849063873291 37.165000915527 44 44 44
20.416774749756 13.849063873291 37.076000213623 84 84 84
20.360219955444 13.822456359863 36.986999511719 83 83 83
20.529882431030 13.902275085449 38.483001708984 143 143 143
20.529882431030 13.902275085449 38.393001556396 201 201 201
20.529882431030 13.902275085449 38.306999206543 51 51 51
20.529882431030 13.902275085449 37.862998962402 255 255 255
20.529882431030 13.902275085449 37.775001525879 246 246 246
20.529882431030 13.902275085449 37.687000274658 130 130 130
20.390169143677 13.905616760254 37.520999908447 93 93 93
20.390169143677 13.905616760254 37.431999206543 103 103 103
20.446722030640 13.932224273682 37.341999053955 86 86 86
20.390169143677 13.905616760254 37.254001617432 104 104 104
20.390169143677 13.905616760254 37.165000915527 115 115 115
20.390169143677 13.905616760254 37.076999664307 55 55 55
20.390169143677 13.905616760254 36.987998962402 126 126 126
20.390169143677 13.905616760254 36.897998809814 82 82 82
20.586437225342 13.928882598877 38.473999023438 208 208 208
20.586437225342 13.928882598877 38.386001586914 211 211 211
20.559831619263 13.985435485840 38.298000335693 196 196 196
20.586437225342 13.928882598877 37.944999694824 92 92 92
20.586437225342 13.928882598877 37.856998443604 211 211 211
20.559831619263 13.985435485840 37.770999908447 229 229 229
20.559831619263 13.985435485840 37.684001922607 176 176 176
20.363563537598 13.962173461914 37.520000457764 98 98 98
20.307008743286 13.935565948486 37.430999755859 99 99 99
20.363563537598 13.962173461914 37.341999053955 96 96 96
20.307008743286 13.935565948486 37.254001617432 97 97 97
20.363563537598 13.962173461914 37.165000915527 104 104 104
20.363563537598 13.962173461914 37.076000213623 140 140 140
20.363563537598 13.962173461914 36.987998962402 128 128 128
20.307008743286 13.935565948486 36.899002075195 124 124 124
20.559831619263 13.985435485840 38.469001770020 230 230 230
20.559831619263 13.985435485840 38.380001068115 229 229 229
20.559831619263 13.985435485840 38.291999816895 216 216 216
20.533226013184 14.041990280151 37.942001342773 246 246 246
20.533226013184 14.041990280151 37.854999542236 251 251 251
20.559831619263 13.985435485840 37.768001556396 243 243 243
20.336956024170 14.018726348877 37.519001007080 96 96 96
20.336956024170 14.018726348877 37.430000305176 97 97 97
20.476671218872 14.015384674072 37.337001800537 116 116 116
20.420116424561 13.988777160645 37.250999450684 103 103 103
20.476671218872 14.015384674072 37.164001464844 134 134 134
20.336956024170 14.018726348877 37.076000213623 92 92 92
20.336956024170 14.018726348877 36.987998962402 106 106 106
20.336956024170 14.018726348877 36.900001525879 124 124 124
20.589778900146 14.068595886230 38.460998535156 118 118 118
20.589778900146 14.068595886230 38.375999450684 214 214 214
20.589778900146 14.068595886230 38.286998748779 201 201 201
20.533226013184 14.041990280151 38.201000213623 106 106 106
20.589778900146 14.068595886230 37.937000274658 219 219 219
20.533226013184 14.041990280151 37.854000091553 253 253 253
20.533226013184 14.041990280151 37.765998840332 229 229 229
20.310350418091 14.075279235840 37.519001007080 99 99 99
20.310350418091 14.075279235840 37.430000305176 95 95 95
20.450065612793 14.071937561035 37.338001251221 121 121 121
20.450065612793 14.071937561035 37.250999450684 108 108 108
20.366903305054 14.101886749268 37.165000915527 118 118 118
20.366903305054 14.101886749268 37.076999664307 92 92 92
20.366903305054 14.101886749268 36.988998413086 90 90 90
20.310350418091 14.075279235840 36.900001525879 112 112 112
20.563171386719 14.125150680542 38.369998931885 233 233 233
20.563171386719 14.125150680542 38.284000396729 226 226 226
20.563171386719 14.125150680542 38.195999145508 224 224 224
20.563171386719 14.125150680542 38.020999908447 231 231 231
20.563171386719 14.125150680542 37.936000823975 234 234 234
20.563171386719 14.125150680542 37.848999023438 234 234 234
20.340297698975 14.158439636230 37.519001007080 92 92 92
20.340297698975 14.158439636230 37.430999755859 103 103 103
20.423458099365 14.128492355347 37.339000701904 121 121 121
20.506618499756 14.098545074463 37.250999450684 118 118 118
20.480012893677 14.155097961426 37.166000366211 124 124 124
20.340297698975 14.158439636230 37.077999114990 101 101 101
20.313692092896 14.214994430542 36.990001678467 101 101 101
20.313692092896 14.214994430542 36.901000976563 105 105 105
20.536565780640 14.181705474854 38.365001678467 228 228 228
20.536565780640 14.181705474854 38.277999877930 233 233 233
20.536565780640 14.181705474854 38.192001342773 221 221 221
20.536565780640 14.181705474854 38.019001007080 241 241 241
20.536565780640 14.181705474854 37.932998657227 255 255 255
20.536565780640 14.181705474854 37.847999572754 253 253 253
20.257139205933 14.188388824463 37.519001007080 93 93 93
20.257139205933 14.188388824463 37.430999755859 85 85 85
20.396852493286 14.185047149658 37.340000152588 99 99 99
20.536565780640 14.181705474854 37.250999450684 119 119 119
20.370246887207 14.241600036621 37.166999816895 112 112 112
20.257139205933 14.188388824463 37.078998565674 104 104 104
20.257139205933 14.188388824463 36.991001129150 106 106 106
20.257139205933 14.188388824463 36.902999877930 18 18 18
20.593120574951 14.208309173584 38.702999114990 93 93 93
20.566514968872 14.264863967896 38.363998413086 11 11 11
20.566514968872 14.264863967896 38.274002075195 233 233 233
20.566514968872 14.264863967896 38.187000274658 215 215 215
20.566514968872 14.264863967896 38.099998474121 227 227 227
20.566514968872 14.264863967896 38.013999938965 228 228 228
20.566514968872 14.264863967896 37.930999755859 246 246 246
20.566514968872 14.264863967896 37.846000671387 46 46 46
20.260478973389 14.328102111816 37.519001007080 89 89 89
20.260478973389 14.328102111816 37.430999755859 84 84 84
20.287086486816 14.271549224854 37.341999053955 85 85 85
20.566514968872 14.264863967896 37.250999450684 126 126 126
20.203926086426 14.301496505737 37.167999267578 100 100 100
20.260478973389 14.328102111816 37.080001831055 100 100 100
20.509960174561 14.238258361816 36.910999298096 26 26 26
20.539909362793 14.321418762207 38.715000152588 104 104 104
20.679622650146 14.318077087402 38.591999053955 78 78 78
20.596464157104 14.348024368286 38.270000457764 246 246 246
20.539909362793 14.321418762207 38.186000823975 245 245 245
20.539909362793 14.321418762207 38.098999023438 255 255 255
20.539909362793 14.321418762207 38.013999938965 255 255 255
20.596464157104 14.348024368286 37.928001403809 255 255 255
20.260478973389 14.328102111816 37.432998657227 93 93 93
20.539909362793 14.321418762207 37.337001800537 102 102 102
20.596464157104 14.348024368286 37.251998901367 124 124 124
20.539909362793 14.321418762207 37.167999267578 120 120 120
20.596464157104 14.348024368286 36.916000366211 87 87 87
20.596464157104 14.348024368286 35.892002105713 25 25 25
20.596464157104 14.348024368286 35.469001770020 70 70 70
20.596464157104 14.348024368286 35.378002166748 99 99 99
20.596464157104 14.348024368286 35.278999328613 156 156 156
20.596464157104 14.348024368286 35.187999725342 144 144 144
20.736177444458 14.344680786133 38.734001159668 75 75 75
20.653017044067 14.374629974365 38.678001403809 123 123 123
20.679622650146 14.318077087402 38.574001312256 129 129 129
20.596464157104 14.348024368286 38.263000488281 204 204 204
20.596464157104 14.348024368286 38.178001403809 225 225 225
20.596464157104 14.348024368286 38.091999053955 215 215 215
20.596464157104 14.348024368286 38.006999969482 228 228 228
20.653017044067 14.374629974365 37.920001983643 131 131 131
20.653017044067 14.374629974365 37.827999114990 63 63 63
20.653017044067 14.374629974365 37.746002197266 71 71 71
20.653017044067 14.374629974365 37.661998748779 81 81 81
20.653017044067 14.374629974365 37.578998565674 91 91 91
20.653017044067 14.374629974365 37.497001647949 90 90 90
20.653017044067 14.374629974365 37.416000366211 118 118 118
20.653017044067 14.374629974365 37.332000732422 118 118 118
20.653017044067 14.374629974365 37.250000000000 130 130 130
20.653017044067 14.374629974365 37.166999816895 123 123 123
20.653017044067 14.374629974365 37.084999084473 112 112 112
20.653017044067 14.374629974365 37.001998901367 117 117 117
20.653017044067 14.374629974365 36.920001983643 129 129 129
20.653017044067 14.374629974365 36.837001800537 121 121 121
20.653017044067 14.374629974365 36.755001068115 119 119 119
20.653017044067 14.374629974365 36.672000885010 126 126 126
20.653017044067 14.374629974365 36.589000701904 125 125 125
20.653017044067 14.374629974365 36.506000518799 126 126 126
20.653017044067 14.374629974365 36.423999786377 130 130 130
20.653017044067 14.374629974365 36.340000152588 131 131 131
20.653017044067 14.374629974365 36.256999969482 134 134 134
20.653017044067 14.374629974365 36.172000885010 139 139 139
20.653017044067 14.374629974365 36.089000701904 138 138 138
20.653017044067 14.374629974365 36.003002166748 142 142 142
20.653017044067 14.374629974365 35.918998718262 146 146 146
20.653017044067 14.374629974365 35.488998413086 142 142 142
20.653017044067 14.374629974365 35.400001525879 142 142 142
20.653017044067 14.374629974365 35.312999725342 139 139 139
20.653017044067 14.374629974365 35.221000671387 140 140 140
20.653017044067 14.374629974365 35.136001586914 140 140 140
20.792732238770 14.371288299561 38.715000152588 83 83 83
20.709571838379 14.401237487793 38.653999328613 112 112 112
20.709571838379 14.401237487793 38.563999176025 137 137 137
20.709571838379 14.401237487793 38.488998413086 175 175 175
20.709571838379 14.401237487793 38.402999877930 174 174 174
20.709571838379 14.401237487793 38.319000244141 172 172 172
20.709571838379 14.401237487793 38.235000610352 175 175 175
20.709571838379 14.401237487793 38.152000427246 177 177 177
20.709571838379 14.401237487793 38.069000244141 184 184 184
20.709571838379 14.401237487793 37.986000061035 183 183 183
20.709571838379 14.401237487793 37.903999328613 189 189 189
20.653017044067 14.374629974365 37.821998596191 185 185 185
20.709571838379 14.401237487793 37.738998413086 189 189 189
20.709571838379 14.401237487793 37.657001495361 194 194 194
20.709571838379 14.401237487793 37.575000762939 198 198 198
20.653017044067 14.374629974365 37.493999481201 204 204 204
20.709571838379 14.401237487793 37.411998748779 208 208 208
20.653017044067 14.374629974365 37.330001831055 223 223 223
20.653017044067 14.374629974365 37.248001098633 232 232 232
20.653017044067 14.374629974365 37.166999816895 213 213 213
20.653017044067 14.374629974365 37.084999084473 204 204 204
20.653017044067 14.374629974365 37.003002166748 196 196 196
20.653017044067 14.374629974365 36.921001434326 186 186 186
20.653017044067 14.374629974365 36.839000701904 182 182 182
20.626411437988 14.431184768677 36.756000518799 177 177 177
20.626411437988 14.431184768677 36.673999786377 175 175 175
20.626411437988 14.431184768677 36.590999603271 164 164 164
20.653017044067 14.374629974365 36.510002136230 155 155 155
20.626411437988 14.431184768677 36.425998687744 150 150 150
20.626411437988 14.431184768677 36.344001770020 145 145 145
20.626411437988 14.431184768677 36.260002136230 138 138 138
20.626411437988 14.431184768677 36.175998687744 130 130 130
20.626411437988 14.431184768677 36.090999603271 125 125 125
20.626411437988 14.431184768677 36.005001068115 124 124 124
20.626411437988 14.431184768677 35.923000335693 114 114 114
20.626411437988 14.431184768677 35.491001129150 88 88 88
20.626411437988 14.431184768677 35.395000457764 115 115 115
20.543251037598 14.461132049561 35.298999786377 161 161 161
20.543251037598 14.461132049561 35.209999084473 148 148 148
20.486696243286 14.434526443481 35.101001739502 144 144 144
20.682964324951 14.457790374756 38.819999694824 16 16 16
20.766126632690 14.427843093872 38.708999633789 90 90 90
20.682964324951 14.457790374756 38.644001007080 99 99 99
20.739521026611 14.484397888184 38.555999755859 128 128 128
20.682964324951 14.457790374756 38.483001708984 149 149 149
20.682964324951 14.457790374756 38.397998809814 144 144 144
20.682964324951 14.457790374756 38.313999176025 138 138 138
20.599803924561 14.487739562988 38.238998413086 174 174 174
20.543251037598 14.461132049561 38.161998748779 223 223 223
20.543251037598 14.461132049561 38.077999114990 227 227 227
20.543251037598 14.461132049561 37.998001098633 236 236 236
20.656358718872 14.514343261719 37.902999877930 100 100 100
20.656358718872 14.514343261719 37.819999694824 93 93 93
20.656358718872 14.514343261719 37.738998413086 89 89 89
20.656358718872 14.514343261719 37.657001495361 90 90 90
20.656358718872 14.514343261719 37.575000762939 87 87 87
20.543251037598 14.461132049561 37.494998931885 110 110 110
20.543251037598 14.461132049561 37.415000915527 127 127 127
20.543251037598 14.461132049561 37.330001831055 112 112 112
20.543251037598 14.461132049561 37.248001098633 140 140 140
20.543251037598 14.461132049561 37.166000366211 111 111 111
20.543251037598 14.461132049561 37.083000183105 102 102 102
20.543251037598 14.461132049561 37.000000000000 83 83 83
20.543251037598 14.461132049561 36.916999816895 31 31 31
20.516645431519 14.517686843872 36.832000732422 61 61 61
20.796073913574 14.511001586914 38.705001831055 84 84 84
20.573198318481 14.544292449951 38.661998748779 107 107 107
20.712913513184 14.540950775146 38.560001373291 104 104 104
20.656358718872 14.514343261719 38.477001190186 145 145 145
20.656358718872 14.514343261719 38.395000457764 85 85 85
20.516645431519 14.517686843872 38.246002197266 255 255 255
20.516645431519 14.517686843872 38.164001464844 255 255 255
20.516645431519 14.517686843872 38.080001831055 255 255 255
20.516645431519 14.517686843872 37.997001647949 255 255 255
20.490039825439 14.574241638184 37.914001464844 243 243 243
20.406879425049 14.604188919067 37.506999969482 110 110 110
20.406879425049 14.604188919067 37.422000885010 110 110 110
20.433485031128 14.547634124756 37.335998535156 105 105 105
20.516645431519 14.517686843872 37.249000549316 116 116 116
20.433485031128 14.547634124756 37.166999816895 87 87 87
20.433485031128 14.547634124756 37.083000183105 96 96 96
20.406879425049 14.604188919067 36.998001098633 97 97 97
20.490039825439 14.574241638184 36.830001831055 21 21 21
20.686307907104 14.597505569458 38.715999603271 64 64 64
20.463434219360 14.630794525146 38.684001922607 33 33 33
20.546592712402 14.600847244263 38.323001861572 171 171 171
20.546592712402 14.600847244263 38.241001129150 255 255 255
20.546592712402 14.600847244263 38.158000946045 255 255 255
20.546592712402 14.600847244263 38.075000762939 255 255 255
20.546592712402 14.600847244263 37.992000579834 255 255 255
20.546592712402 14.600847244263 37.908000946045 255 255 255
20.323719024658 14.634138107300 37.505001068115 122 122 122
20.323719024658 14.634138107300 37.420001983643 120 120 120
20.463434219360 14.630794525146 37.333999633789 99 99 99
20.546592712402 14.600847244263 37.247001647949 118 118 118
20.406879425049 14.604188919067 37.166000366211 144 144 144
20.436828613281 14.687349319458 37.082000732422 103 103 103
20.323719024658 14.634138107300 36.997001647949 125 125 125
20.323719024658 14.634138107300 36.911998748779 113 113 113
20.519987106323 14.657402038574 38.319000244141 255 255 255
20.519987106323 14.657402038574 38.234001159668 251 251 251
20.519987106323 14.657402038574 38.152000427246 255 255 255
20.519987106323 14.657402038574 38.068000793457 236 236 236
20.519987106323 14.657402038574 37.986999511719 255 255 255
20.519987106323 14.657402038574 37.902999877930 255 255 255
20.519987106323 14.657402038574 37.819999694824 168 168 168
20.380271911621 14.660743713379 37.501998901367 114 114 114
20.380271911621 14.660743713379 37.417999267578 114 114 114
20.493381500244 14.713954925537 37.330001831055 121 121 121
20.519987106323 14.657402038574 37.246002197266 120 120 120
20.493381500244 14.713954925537 37.165000915527 138 138 138
20.380271911621 14.660743713379 37.081001281738 126 126 126
20.380271911621 14.660743713379 36.997001647949 123 123 123
20.380271911621 14.660743713379 36.911998748779 121 121 121
20.380271911621 14.660743713379 36.827999114990 34 34 34
20.549934387207 14.740562438965 38.390998840332 98 98 98
20.549934387207 14.740562438965 38.314998626709 255 255 255
20.549934387207 14.740562438965 38.228000640869 255 255 255
20.549934387207 14.740562438965 38.145999908447 228 228 228
20.549934387207 14.740562438965 38.066001892090 16 16 16
20.549934387207 14.740562438965 37.983001708984 255 255 255
20.549934387207 14.740562438965 37.901000976563 255 255 255
20.549934387207 14.740562438965 37.818000793457 255 255 255
20.327060699463 14.773851394653 37.500999450684 118 118 118
20.327060699463 14.773851394653 37.416999816895 139 139 139
20.436828613281 14.687349319458 37.330001831055 114 114 114
20.549934387207 14.740562438965 37.246002197266 115 115 115
20.327060699463 14.773851394653 37.165000915527 113 113 113
20.410221099854 14.743904113770 37.082000732422 116 116 116
20.353666305542 14.717296600342 36.998001098633 126 126 126
20.327060699463 14.773851394653 36.914001464844 137 137 137
20.327060699463 14.773851394653 36.830001831055 118 118 118
20.606491088867 14.767168045044 38.393001556396 250 250 250
20.606491088867 14.767168045044 38.307998657227 244 244 244
20.606491088867 14.767168045044 38.226001739502 255 255 255
20.523328781128 14.797115325928 37.979999542236 255 255 255
20.523328781128 14.797115325928 37.897998809814 255 255 255
20.523328781128 14.797115325928 37.817001342773 255 255 255
20.327060699463 14.773851394653 37.500000000000 147 147 147
20.327060699463 14.773851394653 37.416999816895 116 116 116
20.466773986816 14.770509719849 37.328998565674 120 120 120
20.466773986816 14.770509719849 37.248001098633 122 122 122
20.466773986816 14.770509719849 37.166000366211 124 124 124
20.383615493774 14.800457000732 37.083999633789 116 116 116
20.383615493774 14.800457000732 37.000999450684 118 118 118
20.327060699463 14.773851394653 36.916999816895 119 119 119
20.327060699463 14.773851394653 36.833999633789 114 114 114
20.579883575439 14.823722839355 38.465000152588 101 101 101
20.523328781128 14.797115325928 38.386001586914 243 243 243
20.523328781128 14.797115325928 38.303001403809 245 245 245
20.523328781128 14.797115325928 38.220001220703 227 227 227
20.523328781128 14.797115325928 37.976001739502 176 176 176
20.496723175049 14.853668212891 37.895000457764 255 255 255
20.496723175049 14.853668212891 37.814998626709 255 255 255
20.496723175049 14.853668212891 37.731998443604 249 249 249
20.357009887695 14.857011795044 37.499000549316 113 113 113
20.357009887695 14.857011795044 37.416000366211 135 135 135
20.413562774658 14.883617401123 37.332000732422 133 133 133
20.440168380737 14.827064514160 37.249000549316 149 149 149
20.357009887695 14.857011795044 37.166999816895 134 134 134
20.357009887695 14.857011795044 37.084999084473 119 119 119
20.357009887695 14.857011795044 37.001998901367 111 111 111
20.357009887695 14.857011795044 36.918998718262 102 102 102
20.330404281616 14.913566589355 36.834999084473 44 44 44
20.553277969360 14.880275726318 38.462001800537 241 241 241
20.553277969360 14.880275726318 38.380001068115 239 239 239
20.553277969360 14.880275726318 38.298000335693 244 244 244
20.553277969360 14.880275726318 37.893001556396 255 255 255
20.553277969360 14.880275726318 37.812000274658 255 255 255
20.553277969360 14.880275726318 37.730998992920 255 255 255
20.386957168579 14.940172195435 37.498001098633 110 110 110
20.386957168579 14.940172195435 37.416000366211 105 105 105
20.443511962891 14.966777801514 37.332000732422 99 99 99
20.386957168579 14.940172195435 37.250000000000 114 114 114
20.386957168579 14.940172195435 37.168998718262 133 133 133
20.386957168579 14.940172195435 37.085998535156 110 110 110
20.386957168579 14.940172195435 37.004001617432 107 107 107
20.386957168579 14.940172195435 36.922000885010 103 103 103
20.583225250244 14.963436126709 38.458000183105 240 240 240
20.583225250244 14.963436126709 38.375000000000 238 238 238
20.583225250244 14.963436126709 38.291999816895 226 226 226
20.583225250244 14.963436126709 37.888000488281 220 220 220
20.583225250244 14.963436126709 37.809001922607 255 255 255
20.583225250244 14.963436126709 37.728000640869 255 255 255
20.443511962891 14.966777801514 37.496002197266 104 104 104
20.416904449463 15.023330688477 37.414001464844 101 101 101
20.443511962891 14.966777801514 37.331001281738 104 104 104
20.443511962891 14.966777801514 37.250999450684 114 114 114
20.416904449463 15.023330688477 37.168998718262 112 112 112
20.416904449463 15.023330688477 37.087001800537 101 101 101
20.360351562500 14.996726989746 37.005001068115 96 96 96
20.613174438477 15.046596527100 38.448001861572 133 133 133
20.556619644165 15.019989013672 38.368999481201 234 234 234
20.556619644165 15.019989013672 37.805000305176 235 235 235
20.416904449463 15.023330688477 37.493999481201 88 88 88
20.416904449463 15.023330688477 37.413002014160 103 103 103
20.416904449463 15.023330688477 37.332000732422 103 103 103
20.333744049072 15.053279876709 37.250999450684 109 109 109
20.333744049072 15.053279876709 37.168998718262 106 106 106
20.333744049072 15.053279876709 37.088001251221 73 73 73
20.390298843384 15.079885482788 37.410999298096 111 111 111
20.390298843384 15.079885482788 37.331001281738 103 103 103
20.390298843384 15.079885482788 37.250000000000 101 101 101
20.390298843384 15.079885482788 37.168998718262 64 64 64
