10.312500000000 19.343750000000 4.532997131348 224 224 224
10.312500000000 19.343750000000 4.475997924805 230 230 230
10.312500000000 19.343750000000 4.419998168945 233 233 233
10.312500000000 19.343750000000 4.363998413086 235 235 235
10.312500000000 19.359375000000 4.308998107910 173 173 173
10.265625000000 19.343750000000 4.031997680664 151 151 151
10.281250000000 19.343750000000 3.973999023438 227 227 227
10.281250000000 19.359375000000 3.918998718262 222 222 222
10.281250000000 19.359375000000 3.863998413086 228 228 228
10.265625000000 19.359375000000 3.808998107910 205 205 205
10.265625000000 19.359375000000 3.642997741699 131 131 131
10.265625000000 19.359375000000 3.586997985840 227 227 227
10.250000000000 19.343750000000 3.531997680664 221 221 221
10.265625000000 19.359375000000 3.475997924805 133 133 133
10.281250000000 19.640625000000 4.347999572754 218 218 218
10.281250000000 19.640625000000 4.291000366211 233 233 233
10.281250000000 19.640625000000 4.236000061035 232 232 232
10.281250000000 19.640625000000 4.179000854492 227 227 227
10.281250000000 19.640625000000 4.124000549316 220 220 220
10.250000000000 19.640625000000 4.069999694824 216 216 216
10.250000000000 19.640625000000 4.013999938965 220 220 220
10.250000000000 19.640625000000 3.957000732422 193 193 193
10.234375000000 19.640625000000 3.791999816895 179 179 179
10.250000000000 19.640625000000 3.735000610352 223 223 223
10.234375000000 19.640625000000 3.680000305176 221 221 221
10.234375000000 19.640625000000 3.624000549316 231 231 231
10.234375000000 19.640625000000 3.569000244141 205 205 205
10.093750000000 19.640625000000 3.297996520996 96 96 96
10.093750000000 19.640625000000 3.241996765137 169 169 169
10.093750000000 19.640625000000 3.184997558594 149 149 149
10.093750000000 19.640625000000 3.128997802734 143 143 143
10.187500000000 19.640625000000 3.069999694824 136 136 136
10.171875000000 19.640625000000 3.015998840332 148 148 148
10.171875000000 19.640625000000 2.959999084473 145 145 145
10.171875000000 19.640625000000 2.903999328613 152 152 152
10.093750000000 19.640625000000 2.848999023438 162 162 162
10.109375000000 19.640625000000 2.791999816895 161 161 161
10.109375000000 19.640625000000 2.736000061035 144 144 144
10.109375000000 19.640625000000 2.680000305176 152 152 152
10.109375000000 19.640625000000 2.624000549316 90 90 90
10.218750000000 19.640625000000 2.403999328613 24 24 24
10.234375000000 19.640625000000 2.348999023438 64 64 64
10.218750000000 19.640625000000 2.292999267578 89 89 89
10.218750000000 19.640625000000 2.237998962402 86 86 86
10.187500000000 19.640625000000 2.180000305176 95 95 95
10.218750000000 19.640625000000 2.126998901367 94 94 94
10.234375000000 19.640625000000 2.071998596191 98 98 98
10.218750000000 19.640625000000 2.013999938965 98 98 98
10.218750000000 19.640625000000 1.958999633789 101 101 101
10.187500000000 19.640625000000 1.902000427246 97 97 97
10.218750000000 19.640625000000 1.846000671387 101 101 101
10.312500000000 19.640625000000 1.465995788574 148 148 148
10.328125000000 19.640625000000 1.415000915527 149 149 149
10.250000000000 19.953125000000 4.333000183105 205 205 205
10.250000000000 19.953125000000 4.276000976563 222 222 222
10.250000000000 19.953125000000 4.217994689941 217 217 217
10.250000000000 19.953125000000 4.161994934082 221 221 221
10.250000000000 19.953125000000 4.104995727539 236 236 236
10.250000000000 19.953125000000 4.048995971680 229 229 229
10.250000000000 19.953125000000 3.992996215820 237 237 237
10.218750000000 19.953125000000 3.937995910645 196 196 196
10.218750000000 19.953125000000 3.769996643066 208 208 208
10.218750000000 19.953125000000 3.713996887207 244 244 244
10.234375000000 19.953125000000 3.657997131348 244 244 244
10.218750000000 19.953125000000 3.602996826172 248 248 248
10.218750000000 19.953125000000 3.546997070313 232 232 232
10.031250000000 19.953125000000 3.277000427246 136 136 136
10.046875000000 19.953125000000 3.221000671387 156 156 156
10.062500000000 19.953125000000 3.164001464844 138 138 138
10.093750000000 19.953125000000 3.105995178223 73 73 73
10.093750000000 19.953125000000 3.049995422363 110 110 110
10.046875000000 19.953125000000 2.994995117188 150 150 150
10.031250000000 19.953125000000 2.937995910645 165 165 165
10.046875000000 19.953125000000 2.881996154785 159 159 159
10.046875000000 19.953125000000 2.824996948242 144 144 144
10.046875000000 19.953125000000 2.768997192383 82 82 82
10.203125000000 20.265625000000 4.531997680664 63 63 63
10.203125000000 20.265625000000 4.472999572754 199 199 199
10.203125000000 20.265625000000 4.416000366211 221 221 221
10.203125000000 20.265625000000 4.361000061035 216 216 216
10.203125000000 20.265625000000 4.305000305176 212 212 212
10.156250000000 20.250000000000 4.251998901367 22 22 22
10.203125000000 20.265625000000 3.963996887207 212 212 212
10.203125000000 20.265625000000 3.908996582031 235 235 235
10.203125000000 20.265625000000 3.851997375488 225 225 225
10.203125000000 20.265625000000 3.795997619629 234 234 234
10.156250000000 20.250000000000 3.741996765137 184 184 184
10.203125000000 20.265625000000 3.571998596191 192 192 192
10.281250000000 19.203125000000 4.497001647949 78 78 78
10.281250000000 19.203125000000 4.430999755859 132 132 132
10.281250000000 19.203125000000 4.366996765137 13 13 13
10.281250000000 19.234375000000 3.983001708984 10 10 10
10.265625000000 19.234375000000 3.918998718262 135 135 135
10.250000000000 19.218750000000 3.854995727539 127 127 127
10.250000000000 19.218750000000 3.791000366211 83 83 83
10.234375000000 19.531250000000 4.397994995117 125 125 125
10.234375000000 19.531250000000 4.333000183105 135 135 135
10.234375000000 19.546875000000 4.269996643066 148 148 148
10.234375000000 19.546875000000 4.203994750977 129 129 129
10.218750000000 19.546875000000 4.141998291016 64 64 64
10.218750000000 19.546875000000 4.076995849609 130 130 130
10.234375000000 19.546875000000 4.012001037598 132 132 132
10.218750000000 19.562500000000 3.949996948242 130 130 130
10.218750000000 19.578125000000 3.756996154785 28 28 28
10.218750000000 19.562500000000 3.692001342773 70 70 70
10.218750000000 19.546875000000 3.626998901367 74 74 74
10.187500000000 19.562500000000 3.563995361328 75 75 75
10.046875000000 19.656250000000 3.310997009277 13 13 13
10.046875000000 19.656250000000 3.245994567871 96 96 96
10.046875000000 19.656250000000 3.180999755859 88 88 88
10.078125000000 19.640625000000 3.115997314453 72 72 72
10.062500000000 19.640625000000 3.050994873047 78 78 78
10.062500000000 19.640625000000 2.986000061035 93 93 93
10.062500000000 19.640625000000 2.920997619629 136 136 136
10.046875000000 19.640625000000 2.854995727539 95 95 95
10.062500000000 19.640625000000 2.790000915527 100 100 100
10.062500000000 19.640625000000 2.724998474121 86 86 86
10.062500000000 19.640625000000 2.659996032715 97 97 97
10.312500000000 19.828125000000 4.474998474121 39 39 39
10.328125000000 19.812500000000 4.409996032715 84 84 84
10.343750000000 19.812500000000 4.344001770020 80 80 80
10.281250000000 19.828125000000 4.284996032715 123 123 123
10.312500000000 19.828125000000 4.219001770020 141 141 141
10.250000000000 19.859375000000 4.159996032715 126 126 126
10.281250000000 19.843750000000 4.094001770020 141 141 141
10.296875000000 19.828125000000 4.027999877930 145 145 145
10.250000000000 19.859375000000 3.965995788574 109 109 109
10.312500000000 19.828125000000 3.896995544434 61 61 61
10.328125000000 19.796875000000 3.832000732422 85 85 85
10.218750000000 19.859375000000 3.776000976563 83 83 83
10.234375000000 19.859375000000 3.710998535156 84 84 84
10.250000000000 19.859375000000 3.645996093750 100 100 100
10.171875000000 19.890625000000 3.585998535156 77 77 77
10.000000000000 19.984375000000 3.267997741699 60 60 60
10.015625000000 19.984375000000 3.201995849609 94 94 94
10.031250000000 19.984375000000 3.137001037598 68 68 68
10.031250000000 19.984375000000 3.070999145508 83 83 83
10.000000000000 19.984375000000 3.005996704102 90 90 90
10.000000000000 19.984375000000 2.941001892090 96 96 96
10.031250000000 19.984375000000 2.875000000000 63 63 63
10.156250000000 20.218750000000 4.458999633789 110 110 110
10.187500000000 20.234375000000 4.392997741699 124 124 124
10.156250000000 20.234375000000 4.330001831055 136 136 136
10.187500000000 20.218750000000 4.262001037598 59 59 59
10.187500000000 20.218750000000 4.001998901367 63 63 63
10.156250000000 20.234375000000 3.937995910645 142 142 142
10.156250000000 20.234375000000 3.874000549316 143 143 143
10.156250000000 20.234375000000 3.808998107910 149 149 149
10.140625000000 20.234375000000 3.744995117188 38 38 38
10.187500000000 20.218750000000 3.547996520996 47 47 47
10.312500000000 19.171875000000 3.855995178223 120 120 120
10.312500000000 19.187500000000 3.918998718262 139 139 139
10.328125000000 19.203125000000 4.423995971680 158 158 158
10.343750000000 19.203125000000 4.486999511719 34 34 34
10.140625000000 19.375000000000 3.016998291016 73 73 73
10.156250000000 19.390625000000 3.081001281738 107 107 107
10.140625000000 19.375000000000 3.144996643066 95 95 95
10.140625000000 19.375000000000 3.208999633789 10 10 10
10.265625000000 19.453125000000 3.459999084473 85 85 85
10.281250000000 19.453125000000 3.522994995117 119 119 119
10.281250000000 19.453125000000 3.585998535156 120 120 120
10.281250000000 19.453125000000 3.650001525879 127 127 127
10.281250000000 19.453125000000 3.712997436523 5 5 5
10.281250000000 19.453125000000 3.839996337891 39 39 39
10.281250000000 19.468750000000 3.902000427246 184 184 184
10.296875000000 19.484375000000 3.964996337891 180 180 180
10.296875000000 19.484375000000 4.027999877930 185 185 185
10.296875000000 19.484375000000 4.091995239258 123 123 123
10.312500000000 19.484375000000 4.215995788574 113 113 113
10.312500000000 19.484375000000 4.280998229980 184 184 184
10.312500000000 19.484375000000 4.345001220703 176 176 176
10.328125000000 19.500000000000 4.406997680664 174 174 174
10.328125000000 19.500000000000 4.471000671387 65 65 65
10.218750000000 19.703125000000 1.574996948242 32 32 32
10.234375000000 19.703125000000 1.899002075195 103 103 103
10.265625000000 19.734375000000 1.965995788574 107 107 107
10.234375000000 19.703125000000 2.027000427246 109 109 109
10.265625000000 19.734375000000 2.092994689941 102 102 102
10.250000000000 19.718750000000 2.155998229980 104 104 104
10.265625000000 19.734375000000 2.221000671387 104 104 104
10.265625000000 19.734375000000 2.285995483398 112 112 112
10.265625000000 19.734375000000 2.348999023438 105 105 105
10.265625000000 19.734375000000 2.413002014160 104 104 104
10.265625000000 19.734375000000 2.475997924805 105 105 105
10.265625000000 19.734375000000 2.540000915527 103 103 103
10.281250000000 19.750000000000 2.602996826172 101 101 101
10.281250000000 19.750000000000 2.666999816895 106 106 106
10.281250000000 19.750000000000 2.729995727539 101 101 101
10.281250000000 19.750000000000 2.792999267578 108 108 108
10.281250000000 19.750000000000 2.855995178223 101 101 101
10.296875000000 19.765625000000 2.919998168945 96 96 96
10.296875000000 19.765625000000 2.983001708984 95 95 95
10.312500000000 19.765625000000 3.045997619629 97 97 97
10.328125000000 19.765625000000 3.109001159668 90 90 90
10.328125000000 19.765625000000 3.170997619629 87 87 87
10.312500000000 19.781250000000 3.234001159668 92 92 92
10.312500000000 19.781250000000 3.296997070313 94 94 94
10.312500000000 19.781250000000 3.360000610352 96 96 96
10.343750000000 19.796875000000 3.421997070313 99 99 99
10.343750000000 19.796875000000 3.485000610352 91 91 91
10.343750000000 19.796875000000 3.547996520996 99 99 99
10.343750000000 19.796875000000 3.611000061035 96 96 96
10.375000000000 19.812500000000 3.671997070313 139 139 139
10.343750000000 19.796875000000 3.736000061035 91 91 91
10.343750000000 19.796875000000 3.798995971680 92 92 92
10.343750000000 19.796875000000 3.861000061035 120 120 120
10.343750000000 19.796875000000 3.924995422363 90 90 90
10.343750000000 19.812500000000 3.987998962402 90 90 90
10.375000000000 19.828125000000 4.046997070313 154 154 154
10.343750000000 19.812500000000 4.112998962402 92 92 92
10.343750000000 19.812500000000 4.177001953125 97 97 97
10.375000000000 19.828125000000 4.236999511719 166 166 166
10.359375000000 19.828125000000 4.302001953125 96 96 96
10.359375000000 19.828125000000 4.364997863770 99 99 99
10.359375000000 19.828125000000 4.429000854492 99 99 99
10.281250000000 19.734375000000 1.388999938965 24 24 24
10.234375000000 19.703125000000 1.446998596191 83 83 83
10.218750000000 19.703125000000 1.506996154785 75 75 75
10.250000000000 19.718750000000 1.833999633789 75 75 75
10.078125000000 19.953125000000 2.805000305176 96 96 96
10.078125000000 19.953125000000 2.868995666504 137 137 137
10.093750000000 19.953125000000 2.933998107910 135 135 135
10.093750000000 19.953125000000 2.998001098633 128 128 128
10.109375000000 19.953125000000 3.061996459961 101 101 101
10.093750000000 19.953125000000 3.126998901367 99 99 99
10.062500000000 19.953125000000 3.191001892090 128 128 128
10.062500000000 19.953125000000 3.255996704102 134 134 134
10.234375000000 20.046875000000 3.505996704102 121 121 121
10.234375000000 20.046875000000 3.569999694824 127 127 127
10.234375000000 20.046875000000 3.633995056152 124 124 124
10.218750000000 20.046875000000 3.696998596191 109 109 109
10.250000000000 20.046875000000 3.887001037598 162 162 162
10.218750000000 20.046875000000 3.951995849609 184 184 184
10.250000000000 20.046875000000 4.014999389648 188 188 188
10.250000000000 20.062500000000 4.077995300293 166 166 166
10.218750000000 20.046875000000 4.208000183105 174 174 174
10.250000000000 20.046875000000 4.270996093750 174 174 174
10.250000000000 20.046875000000 4.334999084473 182 182 182
10.250000000000 20.062500000000 4.397994995117 142 142 142
10.203125000000 20.343750000000 3.727996826172 70 70 70
10.203125000000 20.343750000000 3.791999816895 164 164 164
10.203125000000 20.343750000000 3.855995178223 187 187 187
10.218750000000 20.359375000000 3.918998718262 132 132 132
10.187500000000 20.328125000000 4.306999206543 32 32 32
10.218750000000 20.359375000000 4.367996215820 183 183 183
10.218750000000 20.359375000000 4.432998657227 177 177 177
10.218750000000 20.359375000000 4.495994567871 141 141 141
10.218750000000 20.359375000000 4.560997009277 22 22 22
10.171875000000 20.234375000000 3.456001281738 98 98 98
10.187500000000 20.250000000000 3.495994567871 167 167 167
10.187500000000 20.250000000000 3.536994934082 176 176 176
10.187500000000 20.250000000000 3.578994750977 168 168 168
10.187500000000 20.250000000000 3.743995666504 59 59 59
10.203125000000 20.265625000000 3.784996032715 204 204 204
10.203125000000 20.265625000000 3.825996398926 212 212 212
10.203125000000 20.265625000000 3.867996215820 199 199 199
10.203125000000 20.265625000000 3.908996582031 210 210 210
10.203125000000 20.265625000000 3.949996948242 203 203 203
10.203125000000 20.265625000000 3.991996765137 164 164 164
10.187500000000 20.250000000000 4.244995117188 181 181 181
10.203125000000 20.265625000000 4.283996582031 211 211 211
10.203125000000 20.265625000000 4.326995849609 210 210 210
10.203125000000 20.265625000000 4.368995666504 213 213 213
10.203125000000 20.265625000000 4.409996032715 200 200 200
10.203125000000 20.265625000000 4.452995300293 195 195 195
10.062500000000 19.921875000000 2.642997741699 16 16 16
10.062500000000 19.921875000000 2.684997558594 141 141 141
10.062500000000 19.921875000000 2.725997924805 160 160 160
10.046875000000 19.921875000000 2.767997741699 168 168 168
10.062500000000 19.921875000000 2.809997558594 168 168 168
10.062500000000 19.921875000000 2.850997924805 169 169 169
10.062500000000 19.921875000000 2.892997741699 180 180 180
10.062500000000 19.921875000000 2.934997558594 186 186 186
10.062500000000 19.921875000000 2.976997375488 168 168 168
10.093750000000 19.953125000000 3.017997741699 124 124 124
10.109375000000 19.953125000000 3.059997558594 92 92 92
10.093750000000 19.953125000000 3.100997924805 91 91 91
10.078125000000 19.937500000000 3.142997741699 124 124 124
10.046875000000 19.921875000000 3.184997558594 172 172 172
10.062500000000 19.921875000000 3.226997375488 164 164 164
10.046875000000 19.921875000000 3.267997741699 137 137 137
10.218750000000 20.000000000000 3.507995605469 118 118 118
10.218750000000 20.015625000000 3.548995971680 177 177 177
10.218750000000 20.015625000000 3.588996887207 172 172 172
10.218750000000 20.015625000000 3.629997253418 175 175 175
10.218750000000 20.000000000000 3.671997070313 172 172 172
10.218750000000 20.015625000000 3.710998535156 172 172 172
10.218750000000 20.000000000000 3.753997802734 92 92 92
10.218750000000 20.015625000000 3.916999816895 181 181 181
10.218750000000 20.015625000000 3.957000732422 201 201 201
10.218750000000 20.015625000000 3.998001098633 202 202 202
10.218750000000 20.015625000000 4.040000915527 198 198 198
10.218750000000 20.015625000000 4.082000732422 205 205 205
10.218750000000 20.015625000000 4.120994567871 194 194 194
10.218750000000 20.015625000000 4.165000915527 211 211 211
10.218750000000 20.015625000000 4.206001281738 200 200 200
10.218750000000 20.015625000000 4.247001647949 214 214 214
10.218750000000 20.015625000000 4.289001464844 209 209 209
10.218750000000 20.015625000000 4.330001831055 192 192 192
10.218750000000 19.734375000000 1.432998657227 101 101 101
10.281250000000 19.750000000000 1.740997314453 112 112 112
10.265625000000 19.734375000000 1.781997680664 105 105 105
10.281250000000 19.750000000000 1.825996398926 105 105 105
10.281250000000 19.750000000000 1.865997314453 113 113 113
10.281250000000 19.765625000000 1.906997680664 113 113 113
10.281250000000 19.765625000000 1.949996948242 114 114 114
10.281250000000 19.765625000000 1.990997314453 117 117 117
10.296875000000 19.765625000000 2.032997131348 108 108 108
10.281250000000 19.765625000000 2.073997497559 118 118 118
10.312500000000 19.765625000000 2.115997314453 112 112 112
10.296875000000 19.765625000000 2.156997680664 109 109 109
10.312500000000 19.765625000000 2.197998046875 117 117 117
10.312500000000 19.765625000000 2.238998413086 124 124 124
10.312500000000 19.765625000000 2.278999328613 129 129 129
10.312500000000 19.765625000000 2.320999145508 134 134 134
10.312500000000 19.765625000000 2.360000610352 144 144 144
10.312500000000 19.765625000000 2.401000976563 143 143 143
10.281250000000 19.765625000000 2.439994812012 137 137 137
10.312500000000 19.765625000000 2.480995178223 129 129 129
10.281250000000 19.765625000000 2.519996643066 134 134 134
10.281250000000 19.765625000000 2.560997009277 130 130 130
10.281250000000 19.765625000000 2.600997924805 138 138 138
10.281250000000 19.765625000000 2.640998840332 138 138 138
10.281250000000 19.765625000000 2.680999755859 129 129 129
10.281250000000 19.765625000000 2.720001220703 137 137 137
10.281250000000 19.765625000000 2.761001586914 138 138 138
10.281250000000 19.765625000000 2.800994873047 142 142 142
10.281250000000 19.765625000000 2.840995788574 133 133 133
10.250000000000 19.750000000000 2.880996704102 132 132 132
10.281250000000 19.765625000000 2.920997619629 130 130 130
10.281250000000 19.765625000000 2.960998535156 136 136 136
10.281250000000 19.765625000000 3.001998901367 132 132 132
10.281250000000 19.765625000000 3.041999816895 128 128 128
10.281250000000 19.765625000000 3.082000732422 132 132 132
10.265625000000 19.765625000000 3.122001647949 148 148 148
10.250000000000 19.765625000000 3.161994934082 155 155 155
10.265625000000 19.765625000000 3.201995849609 148 148 148
10.250000000000 19.765625000000 3.242996215820 160 160 160
10.312500000000 19.781250000000 3.280998229980 128 128 128
10.312500000000 19.781250000000 3.320999145508 117 117 117
10.312500000000 19.781250000000 3.361000061035 123 123 123
10.312500000000 19.781250000000 3.400001525879 119 119 119
10.312500000000 19.765625000000 3.442001342773 117 117 117
10.312500000000 19.765625000000 3.480995178223 113 113 113
10.312500000000 19.765625000000 3.521995544434 114 114 114
10.281250000000 19.765625000000 3.562995910645 123 123 123
10.250000000000 19.765625000000 3.604995727539 167 167 167
10.312500000000 19.781250000000 3.639999389648 195 195 195
10.281250000000 19.765625000000 3.682998657227 189 189 189
10.250000000000 19.750000000000 3.727996826172 169 169 169
10.250000000000 19.750000000000 3.767997741699 170 170 170
10.281250000000 19.765625000000 3.805000305176 155 155 155
10.343750000000 19.796875000000 3.836997985840 140 140 140
10.265625000000 19.765625000000 3.888000488281 95 95 95
10.250000000000 19.765625000000 3.929000854492 87 87 87
10.250000000000 19.765625000000 3.973999023438 170 170 170
10.250000000000 19.765625000000 4.013999938965 189 189 189
10.250000000000 19.765625000000 4.054000854492 199 199 199
10.250000000000 19.765625000000 4.094001770020 186 186 186
10.250000000000 19.765625000000 4.136001586914 195 195 195
10.250000000000 19.765625000000 4.175994873047 187 187 187
10.250000000000 19.765625000000 4.217994689941 201 201 201
10.250000000000 19.765625000000 4.257995605469 186 186 186
10.250000000000 19.765625000000 4.299995422363 141 141 141
10.109375000000 19.421875000000 2.986999511719 25 25 25
10.125000000000 19.421875000000 3.027999877930 116 116 116
10.109375000000 19.421875000000 3.069000244141 134 134 134
10.109375000000 19.421875000000 3.109001159668 133 133 133
10.109375000000 19.421875000000 3.150001525879 101 101 101
10.250000000000 19.484375000000 3.430000305176 108 108 108
10.250000000000 19.484375000000 3.470001220703 168 168 168
10.250000000000 19.484375000000 3.510002136230 168 168 168
10.250000000000 19.484375000000 3.549995422363 172 172 172
10.250000000000 19.484375000000 3.589996337891 168 168 168
10.265625000000 19.484375000000 3.629997253418 173 173 173
10.250000000000 19.484375000000 3.670997619629 98 98 98
10.265625000000 19.484375000000 3.831001281738 147 147 147
10.265625000000 19.484375000000 3.870994567871 209 209 209
10.265625000000 19.484375000000 3.910995483398 212 212 212
10.265625000000 19.484375000000 3.952995300293 208 208 208
10.265625000000 19.484375000000 3.991996765137 214 214 214
10.265625000000 19.484375000000 4.032997131348 202 202 202
10.281250000000 19.500000000000 4.070999145508 92 92 92
10.296875000000 19.515625000000 4.231994628906 189 189 189
10.296875000000 19.515625000000 4.272994995117 206 206 206
10.281250000000 19.500000000000 4.317001342773 203 203 203
10.281250000000 19.500000000000 4.356994628906 203 203 203
10.296875000000 19.515625000000 4.395996093750 200 200 200
10.296875000000 19.515625000000 4.437995910645 191 191 191
10.281250000000 19.234375000000 3.808998107910 45 45 45
10.281250000000 19.234375000000 3.847999572754 180 180 180
10.281250000000 19.234375000000 3.887001037598 205 205 205
10.281250000000 19.234375000000 3.928001403809 192 192 192
10.312500000000 19.250000000000 4.370994567871 54 54 54
10.312500000000 19.265625000000 4.406997680664 197 197 197
10.312500000000 19.250000000000 4.450996398926 179 179 179
10.343750000000 19.265625000000 4.487998962402 39 39 39
10.203125000000 20.390625000000 4.532997131348 150 150 150
10.203125000000 20.390625000000 4.494995117188 184 184 184
10.203125000000 20.375000000000 4.455001831055 201 201 201
10.203125000000 20.375000000000 4.417999267578 191 191 191
10.187500000000 20.375000000000 4.382995605469 206 206 206
10.203125000000 20.375000000000 4.340995788574 205 205 205
10.203125000000 20.390625000000 4.305999755859 180 180 180
10.187500000000 20.375000000000 3.938995361328 81 81 81
10.187500000000 20.359375000000 3.901000976563 222 222 222
10.187500000000 20.375000000000 3.864997863770 224 224 224
10.187500000000 20.375000000000 3.828994750977 223 223 223
10.187500000000 20.375000000000 3.792999267578 217 217 217
10.187500000000 20.375000000000 3.756996154785 220 220 220
10.171875000000 20.359375000000 3.722000122070 179 179 179
10.187500000000 20.375000000000 3.684997558594 47 47 47
10.218750000000 20.078125000000 4.387001037598 142 142 142
10.218750000000 20.078125000000 4.349998474121 203 203 203
10.218750000000 20.078125000000 4.311996459961 210 210 210
10.218750000000 20.078125000000 4.275001525879 203 203 203
10.218750000000 20.078125000000 4.238998413086 201 201 201
10.218750000000 20.078125000000 4.203994750977 207 207 207
10.218750000000 20.078125000000 4.166999816895 188 188 188
10.218750000000 20.078125000000 4.090995788574 198 198 198
10.218750000000 20.078125000000 4.056999206543 224 224 224
10.203125000000 20.078125000000 4.020996093750 225 225 225
10.218750000000 20.078125000000 3.985000610352 223 223 223
10.203125000000 20.078125000000 3.949996948242 230 230 230
10.218750000000 20.078125000000 3.911994934082 226 226 226
10.218750000000 20.078125000000 3.875000000000 215 215 215
10.187500000000 20.078125000000 3.844001770020 37 37 37
10.203125000000 20.078125000000 3.696998596191 185 185 185
10.218750000000 20.078125000000 3.660995483398 221 221 221
10.203125000000 20.078125000000 3.625999450684 221 221 221
10.203125000000 20.078125000000 3.589996337891 219 219 219
10.203125000000 20.078125000000 3.555000305176 222 222 222
10.203125000000 20.078125000000 3.518997192383 218 218 218
10.203125000000 20.078125000000 3.484001159668 215 215 215
10.203125000000 20.078125000000 3.447998046875 131 131 131
10.046875000000 20.093750000000 3.211997985840 127 127 127
10.046875000000 20.093750000000 3.175994873047 173 173 173
10.046875000000 20.093750000000 3.139999389648 172 172 172
10.046875000000 20.109375000000 3.103996276855 172 172 172
10.046875000000 20.093750000000 3.067001342773 173 173 173
10.046875000000 20.093750000000 3.030998229980 171 171 171
10.046875000000 20.109375000000 2.994995117188 176 176 176
10.046875000000 20.093750000000 2.958999633789 153 153 153
10.046875000000 20.093750000000 2.922996520996 110 110 110
10.281250000000 19.796875000000 4.458999633789 106 106 106
10.281250000000 19.796875000000 4.423995971680 156 156 156
10.281250000000 19.812500000000 4.388000488281 168 168 168
10.281250000000 19.812500000000 4.350997924805 169 169 169
10.281250000000 19.796875000000 4.313995361328 164 164 164
10.265625000000 19.796875000000 4.277999877930 167 167 167
10.265625000000 19.796875000000 4.241996765137 167 167 167
10.281250000000 19.796875000000 4.203994750977 163 163 163
10.265625000000 19.796875000000 4.168998718262 165 165 165
10.265625000000 19.796875000000 4.132995605469 153 153 153
10.281250000000 19.796875000000 4.095001220703 163 163 163
10.281250000000 19.796875000000 4.055999755859 161 161 161
10.281250000000 19.796875000000 4.022994995117 154 154 154
10.281250000000 19.796875000000 3.986000061035 161 161 161
10.281250000000 19.796875000000 3.949996948242 157 157 157
10.281250000000 19.796875000000 3.915000915527 159 159 159
10.328125000000 19.796875000000 3.874000549316 168 168 168
10.343750000000 19.796875000000 3.832000732422 203 203 203
10.312500000000 19.796875000000 3.805000305176 173 173 173
10.312500000000 19.796875000000 3.769996643066 160 160 160
10.312500000000 19.796875000000 3.734001159668 159 159 159
10.312500000000 19.796875000000 3.698997497559 163 163 163
10.343750000000 19.796875000000 3.657997131348 216 216 216
10.343750000000 19.796875000000 3.624000549316 188 188 188
10.296875000000 19.796875000000 3.595001220703 154 154 154
10.312500000000 19.796875000000 3.557998657227 147 147 147
10.312500000000 19.796875000000 3.524002075195 141 141 141
10.312500000000 19.796875000000 3.489997863770 133 133 133
10.312500000000 19.796875000000 3.455001831055 132 132 132
10.296875000000 19.796875000000 3.420997619629 134 134 134
10.281250000000 19.796875000000 3.387001037598 129 129 129
10.312500000000 19.796875000000 3.350997924805 131 131 131
10.296875000000 19.796875000000 3.317001342773 131 131 131
10.296875000000 19.796875000000 3.281997680664 132 132 132
10.281250000000 19.796875000000 3.249000549316 143 143 143
10.281250000000 19.796875000000 3.213996887207 138 138 138
10.281250000000 19.796875000000 3.179000854492 138 138 138
10.296875000000 19.796875000000 3.143997192383 138 138 138
10.296875000000 19.796875000000 3.110000610352 135 135 135
10.312500000000 19.796875000000 3.074996948242 140 140 140
10.296875000000 19.796875000000 3.041000366211 138 138 138
10.312500000000 19.796875000000 3.005996704102 142 142 142
10.296875000000 19.796875000000 2.972000122070 148 148 148
10.312500000000 19.796875000000 2.936996459961 149 149 149
10.296875000000 19.796875000000 2.902999877930 157 157 157
10.312500000000 19.796875000000 2.867996215820 140 140 140
10.296875000000 19.796875000000 2.833999633789 137 137 137
10.296875000000 19.796875000000 2.799995422363 143 143 143
10.281250000000 19.796875000000 2.764999389648 132 132 132
10.250000000000 19.796875000000 2.729995727539 139 139 139
10.250000000000 19.796875000000 2.695999145508 135 135 135
10.250000000000 19.796875000000 2.660995483398 135 135 135
10.250000000000 19.796875000000 2.625999450684 133 133 133
10.250000000000 19.796875000000 2.591995239258 128 128 128
10.250000000000 19.796875000000 2.556999206543 130 130 130
10.250000000000 19.796875000000 2.521995544434 140 140 140
10.234375000000 19.796875000000 2.486999511719 139 139 139
10.250000000000 19.796875000000 2.452995300293 140 140 140
10.250000000000 19.796875000000 2.417999267578 141 141 141
10.250000000000 19.796875000000 2.382995605469 140 140 140
10.250000000000 19.796875000000 2.347999572754 144 144 144
10.250000000000 19.796875000000 2.313995361328 148 148 148
10.250000000000 19.796875000000 2.278999328613 147 147 147
10.250000000000 19.796875000000 2.243995666504 149 149 149
10.250000000000 19.796875000000 2.208999633789 152 152 152
10.250000000000 19.796875000000 2.174995422363 155 155 155
10.250000000000 19.796875000000 2.138000488281 155 155 155
10.250000000000 19.796875000000 2.102996826172 150 150 150
10.234375000000 19.796875000000 2.066001892090 143 143 143
10.234375000000 19.796875000000 2.028999328613 136 136 136
10.234375000000 19.796875000000 1.993995666504 127 127 127
10.218750000000 19.796875000000 1.956001281738 130 130 130
10.218750000000 19.796875000000 1.920997619629 122 122 122
10.218750000000 19.796875000000 1.883995056152 117 117 117
10.203125000000 19.796875000000 1.846000671387 117 117 117
10.218750000000 19.796875000000 1.811996459961 108 108 108
10.187500000000 19.796875000000 1.774002075195 119 119 119
10.218750000000 19.796875000000 1.739997863770 115 115 115
10.296875000000 19.546875000000 4.428001403809 209 209 209
10.281250000000 19.546875000000 4.392997741699 224 224 224
10.296875000000 19.546875000000 4.355995178223 224 224 224
10.281250000000 19.546875000000 4.319999694824 222 222 222
10.281250000000 19.546875000000 4.285995483398 228 228 228
10.296875000000 19.546875000000 4.245994567871 223 223 223
10.296875000000 19.546875000000 4.209999084473 205 205 205
10.281250000000 19.546875000000 4.103996276855 130 130 130
10.281250000000 19.546875000000 4.069999694824 206 206 206
10.250000000000 19.546875000000 4.033996582031 218 218 218
10.250000000000 19.546875000000 3.999000549316 214 214 214
10.250000000000 19.546875000000 3.962997436523 209 209 209
10.250000000000 19.546875000000 3.928001403809 216 216 216
10.250000000000 19.546875000000 3.891998291016 208 208 208
10.281250000000 19.546875000000 3.855995178223 107 107 107
10.234375000000 19.531250000000 3.717994689941 87 87 87
10.250000000000 19.546875000000 3.680999755859 192 192 192
10.250000000000 19.546875000000 3.646995544434 198 198 198
10.234375000000 19.531250000000 3.611999511719 195 195 195
10.234375000000 19.531250000000 3.576995849609 199 199 199
10.234375000000 19.531250000000 3.542999267578 199 199 199
10.234375000000 19.531250000000 3.507995605469 199 199 199
10.234375000000 19.531250000000 3.472999572754 166 166 166
10.093750000000 19.546875000000 3.275001525879 147 147 147
10.093750000000 19.546875000000 3.238998413086 184 184 184
10.093750000000 19.546875000000 3.202995300293 180 180 180
10.093750000000 19.546875000000 3.167999267578 176 176 176
10.109375000000 19.546875000000 3.131996154785 158 158 158
10.109375000000 19.546875000000 3.096000671387 129 129 129
10.109375000000 19.546875000000 3.059997558594 146 146 146
10.093750000000 19.546875000000 3.026000976563 167 167 167
10.093750000000 19.546875000000 2.989997863770 178 178 178
10.093750000000 19.546875000000 2.955001831055 175 175 175
10.156250000000 19.546875000000 2.918998718262 170 170 170
10.156250000000 19.546875000000 2.883995056152 176 176 176
10.125000000000 19.531250000000 2.848999023438 169 169 169
10.109375000000 19.546875000000 2.812995910645 153 153 153
10.109375000000 19.546875000000 2.777999877930 92 92 92
10.328125000000 19.281250000000 4.538002014160 64 64 64
10.328125000000 19.265625000000 4.500000000000 193 193 193
10.312500000000 19.265625000000 4.465995788574 220 220 220
10.312500000000 19.265625000000 4.430999755859 229 229 229
10.312500000000 19.265625000000 4.390998840332 215 215 215
10.328125000000 19.265625000000 4.352996826172 108 108 108
10.281250000000 19.265625000000 3.965995788574 122 122 122
10.281250000000 19.265625000000 3.930999755859 211 211 211
10.281250000000 19.265625000000 3.896995544434 220 220 220
10.281250000000 19.265625000000 3.861000061035 219 219 219
10.281250000000 19.265625000000 3.824996948242 202 202 202
10.281250000000 19.265625000000 3.791000366211 206 206 206
10.281250000000 19.265625000000 3.755996704102 148 148 148
10.187500000000 20.359375000000 4.525001525879 106 106 106
10.187500000000 20.390625000000 4.486000061035 139 139 139
10.187500000000 20.375000000000 4.442001342773 144 144 144
10.187500000000 20.375000000000 4.401000976563 171 171 171
10.187500000000 20.375000000000 4.358001708984 167 167 167
10.187500000000 20.390625000000 4.318000793457 126 126 126
10.187500000000 20.390625000000 3.903999328613 138 138 138
10.156250000000 20.375000000000 3.863998413086 165 165 165
10.156250000000 20.375000000000 3.822998046875 162 162 162
10.156250000000 20.375000000000 3.781997680664 159 159 159
10.156250000000 20.375000000000 3.740997314453 126 126 126
10.203125000000 20.046875000000 4.372001647949 77 77 77
10.203125000000 20.046875000000 4.331001281738 145 145 145
10.203125000000 20.046875000000 4.289001464844 154 154 154
10.203125000000 20.046875000000 4.248001098633 140 140 140
10.203125000000 20.046875000000 4.206001281738 152 152 152
10.203125000000 20.046875000000 4.166000366211 148 148 148
10.218750000000 20.046875000000 4.123001098633 124 124 124
10.218750000000 20.046875000000 4.082000732422 166 166 166
10.203125000000 20.046875000000 4.042999267578 166 166 166
10.218750000000 20.046875000000 4.000999450684 168 168 168
10.218750000000 20.046875000000 3.959999084473 165 165 165
10.203125000000 20.046875000000 3.920997619629 166 166 166
10.203125000000 20.046875000000 3.879997253418 131 131 131
10.218750000000 20.046875000000 3.717994689941 49 49 49
10.203125000000 20.046875000000 3.679000854492 123 123 123
10.203125000000 20.046875000000 3.638999938965 97 97 97
10.203125000000 20.046875000000 3.598999023438 121 121 121
10.203125000000 20.062500000000 3.557998657227 106 106 106
10.203125000000 20.046875000000 3.517997741699 114 114 114
10.187500000000 20.062500000000 3.477996826172 80 80 80
10.281250000000 19.703125000000 4.336997985840 59 59 59
10.265625000000 19.734375000000 4.300994873047 154 154 154
10.250000000000 19.718750000000 4.261001586914 164 164 164
10.281250000000 19.718750000000 4.217994689941 164 164 164
10.250000000000 19.718750000000 4.179000854492 165 165 165
10.250000000000 19.718750000000 4.138999938965 165 165 165
10.250000000000 19.718750000000 4.098999023438 147 147 147
10.250000000000 19.734375000000 4.060997009277 154 154 154
10.250000000000 19.734375000000 4.019996643066 157 157 157
10.250000000000 19.734375000000 3.980995178223 143 143 143
10.234375000000 19.734375000000 3.820999145508 48 48 48
10.250000000000 19.734375000000 3.779998779297 141 141 141
10.218750000000 19.734375000000 3.741996765137 138 138 138
10.218750000000 19.734375000000 3.701995849609 125 125 125
10.218750000000 19.750000000000 3.661994934082 117 117 117
10.218750000000 19.750000000000 3.622001647949 121 121 121
10.218750000000 19.734375000000 3.581001281738 57 57 57
10.218750000000 19.734375000000 3.541000366211 16 16 16
10.234375000000 19.734375000000 3.500999450684 49 49 49
10.250000000000 19.734375000000 3.460998535156 78 78 78
10.250000000000 19.734375000000 3.420997619629 81 81 81
10.250000000000 19.734375000000 3.380996704102 96 96 96
10.250000000000 19.734375000000 3.341995239258 103 103 103
10.250000000000 19.734375000000 3.302001953125 99 99 99
10.203125000000 19.765625000000 3.263999938965 135 135 135
10.187500000000 19.765625000000 3.223999023438 143 143 143
10.203125000000 19.765625000000 3.183998107910 145 145 145
10.187500000000 19.750000000000 3.143997192383 137 137 137
10.203125000000 19.765625000000 3.103996276855 131 131 131
10.250000000000 19.734375000000 3.063995361328 135 135 135
10.187500000000 19.750000000000 3.024002075195 133 133 133
10.218750000000 19.750000000000 2.985000610352 139 139 139
10.218750000000 19.750000000000 2.944999694824 147 147 147
10.234375000000 19.734375000000 2.904998779297 144 144 144
10.218750000000 19.734375000000 2.865997314453 144 144 144
10.250000000000 19.734375000000 2.825996398926 146 146 146
10.218750000000 19.734375000000 2.785995483398 151 151 151
10.250000000000 19.734375000000 2.747001647949 155 155 155
10.218750000000 19.734375000000 2.707000732422 156 156 156
10.218750000000 19.734375000000 2.666000366211 156 156 156
10.218750000000 19.734375000000 2.626998901367 156 156 156
10.218750000000 19.734375000000 2.586997985840 158 158 158
10.218750000000 19.734375000000 2.546997070313 158 158 158
10.218750000000 19.734375000000 2.506996154785 161 161 161
10.218750000000 19.734375000000 2.466995239258 160 160 160
10.218750000000 19.734375000000 2.427001953125 160 160 160
10.218750000000 19.734375000000 2.387001037598 163 163 163
10.218750000000 19.734375000000 2.347000122070 159 159 159
10.218750000000 19.734375000000 2.305999755859 160 160 160
10.218750000000 19.734375000000 2.265998840332 163 163 163
10.218750000000 19.734375000000 2.225997924805 165 165 165
10.218750000000 19.734375000000 2.185997009277 164 164 164
10.218750000000 19.734375000000 2.145996093750 167 167 167
10.218750000000 19.734375000000 2.105995178223 165 165 165
10.218750000000 19.734375000000 2.064994812012 168 168 168
10.218750000000 19.734375000000 2.025001525879 166 166 166
10.250000000000 19.734375000000 1.986000061035 164 164 164
10.250000000000 19.734375000000 1.944999694824 164 164 164
10.250000000000 19.734375000000 1.903999328613 166 166 166
10.250000000000 19.718750000000 1.864997863770 164 164 164
10.250000000000 19.718750000000 1.823997497559 165 165 165
10.250000000000 19.734375000000 1.781997680664 163 163 163
10.250000000000 19.718750000000 1.742996215820 159 159 159
10.250000000000 19.718750000000 1.701995849609 162 162 162
10.250000000000 19.718750000000 1.660995483398 162 162 162
10.312500000000 19.406250000000 4.511001586914 149 149 149
10.296875000000 19.406250000000 4.472000122070 164 164 164
10.296875000000 19.390625000000 4.430999755859 166 166 166
10.296875000000 19.406250000000 4.390998840332 167 167 167
10.296875000000 19.406250000000 4.349998474121 167 167 167
10.296875000000 19.406250000000 4.310997009277 162 162 162
10.265625000000 19.421875000000 4.276000976563 43 43 43
10.265625000000 19.421875000000 4.034996032715 116 116 116
10.265625000000 19.421875000000 3.993995666504 151 151 151
10.265625000000 19.421875000000 3.955001831055 156 156 156
10.265625000000 19.421875000000 3.914001464844 149 149 149
10.265625000000 19.421875000000 3.875000000000 161 161 161
10.250000000000 19.421875000000 3.835998535156 151 151 151
10.265625000000 19.421875000000 3.795997619629 38 38 38
10.250000000000 19.437500000000 3.638999938965 91 91 91
10.250000000000 19.437500000000 3.599998474121 102 102 102
10.250000000000 19.437500000000 3.559997558594 103 103 103
10.234375000000 19.453125000000 3.521995544434 102 102 102
10.218750000000 19.453125000000 3.481994628906 102 102 102
10.234375000000 19.437500000000 3.442001342773 107 107 107
10.078125000000 19.546875000000 3.291000366211 27 27 27
10.093750000000 19.546875000000 3.250000000000 141 141 141
10.078125000000 19.546875000000 3.208999633789 132 132 132
10.078125000000 19.546875000000 3.168998718262 130 130 130
10.093750000000 19.546875000000 3.127998352051 133 133 133
10.109375000000 19.546875000000 3.087997436523 132 132 132
10.093750000000 19.546875000000 3.046997070313 132 132 132
10.093750000000 19.546875000000 3.006996154785 133 133 133
10.093750000000 19.546875000000 2.965995788574 134 134 134
10.109375000000 19.515625000000 2.925994873047 150 150 150
10.125000000000 19.515625000000 2.887001037598 163 163 163
10.109375000000 19.515625000000 2.846000671387 141 141 141
10.093750000000 19.546875000000 2.804000854492 85 85 85
10.281250000000 19.328125000000 3.610000610352 80 80 80
10.281250000000 19.328125000000 3.798995971680 132 132 132
10.281250000000 19.328125000000 3.861999511719 190 190 190
10.281250000000 19.343750000000 3.924995422363 187 187 187
10.281250000000 19.343750000000 3.987998962402 179 179 179
10.312500000000 19.343750000000 4.366996765137 163 163 163
10.328125000000 19.359375000000 4.430000305176 180 180 180
10.312500000000 19.343750000000 4.494995117188 195 195 195
10.328125000000 19.359375000000 4.557998657227 179 179 179
10.109375000000 19.546875000000 2.756996154785 17 17 17
10.156250000000 19.578125000000 2.821998596191 132 132 132
10.156250000000 19.578125000000 2.885002136230 160 160 160
10.140625000000 19.562500000000 2.948997497559 137 137 137
10.109375000000 19.546875000000 3.013000488281 127 127 127
10.125000000000 19.546875000000 3.076995849609 84 84 84
10.140625000000 19.562500000000 3.140998840332 79 79 79
10.109375000000 19.546875000000 3.205001831055 138 138 138
10.109375000000 19.546875000000 3.268997192383 140 140 140
10.250000000000 19.609375000000 3.583000183105 124 124 124
10.250000000000 19.609375000000 3.645996093750 123 123 123
10.250000000000 19.609375000000 3.709999084473 123 123 123
10.250000000000 19.609375000000 3.772994995117 108 108 108
10.265625000000 19.625000000000 3.962997436523 161 161 161
10.250000000000 19.609375000000 4.027000427246 183 183 183
10.265625000000 19.625000000000 4.089996337891 183 183 183
10.265625000000 19.625000000000 4.152999877930 165 165 165
10.281250000000 19.640625000000 4.215995788574 178 178 178
10.281250000000 19.640625000000 4.278999328613 176 176 176
10.281250000000 19.640625000000 4.342994689941 183 183 183
10.281250000000 19.640625000000 4.405998229980 145 145 145
10.062500000000 19.812500000000 2.645996093750 116 116 116
10.062500000000 19.812500000000 2.709999084473 133 133 133
10.062500000000 19.812500000000 2.775001525879 136 136 136
10.093750000000 19.828125000000 2.838996887207 135 135 135
10.125000000000 19.828125000000 2.903999328613 146 146 146
10.125000000000 19.843750000000 2.969001770020 132 132 132
10.125000000000 19.843750000000 3.032997131348 129 129 129
10.156250000000 19.859375000000 3.097000122070 142 142 142
10.062500000000 19.812500000000 3.160995483398 131 131 131
10.062500000000 19.796875000000 3.225997924805 129 129 129
10.062500000000 19.812500000000 3.290000915527 121 121 121
10.218750000000 19.890625000000 3.603996276855 93 93 93
10.250000000000 19.906250000000 3.666999816895 128 128 128
10.218750000000 19.890625000000 3.730995178223 135 135 135
10.250000000000 19.906250000000 3.793998718262 134 134 134
10.218750000000 19.890625000000 3.858001708984 24 24 24
10.250000000000 19.906250000000 3.985000610352 62 62 62
10.250000000000 19.906250000000 4.048995971680 176 176 176
10.250000000000 19.906250000000 4.111999511719 173 173 173
10.250000000000 19.906250000000 4.175994873047 180 180 180
10.250000000000 19.906250000000 4.240997314453 169 169 169
10.250000000000 19.906250000000 4.305000305176 169 169 169
10.265625000000 19.921875000000 4.366996765137 33 33 33
10.265625000000 19.921875000000 4.430000305176 55 55 55
10.265625000000 19.921875000000 4.493995666504 29 29 29
10.046875000000 20.093750000000 2.986999511719 75 75 75
10.046875000000 20.093750000000 3.052001953125 128 128 128
10.046875000000 20.093750000000 3.116996765137 130 130 130
10.031250000000 20.078125000000 3.180999755859 115 115 115
10.031250000000 20.078125000000 3.245994567871 26 26 26
10.203125000000 20.187500000000 3.433998107910 91 91 91
10.203125000000 20.187500000000 3.498001098633 160 160 160
10.203125000000 20.187500000000 3.561996459961 132 132 132
10.203125000000 20.187500000000 3.625999450684 126 126 126
10.203125000000 20.187500000000 3.817001342773 122 122 122
10.203125000000 20.187500000000 3.880996704102 188 188 188
10.218750000000 20.203125000000 3.944000244141 182 182 182
10.218750000000 20.203125000000 4.007995605469 179 179 179
10.203125000000 20.171875000000 4.072998046875 74 74 74
10.203125000000 20.171875000000 4.264999389648 164 164 164
10.203125000000 20.171875000000 4.328994750977 187 187 187
10.218750000000 20.203125000000 4.392997741699 181 181 181
10.203125000000 20.171875000000 4.458999633789 150 150 150
10.296875000000 19.359375000000 4.553001403809 146 146 146
10.296875000000 19.359375000000 4.487998962402 174 174 174
10.296875000000 19.359375000000 4.423995971680 162 162 162
10.281250000000 19.359375000000 4.360000610352 144 144 144
10.265625000000 19.375000000000 4.041000366211 106 106 106
10.265625000000 19.390625000000 3.976997375488 145 145 145
10.265625000000 19.390625000000 3.913002014160 155 155 155
10.265625000000 19.390625000000 3.847999572754 132 132 132
10.250000000000 19.390625000000 3.656997680664 70 70 70
10.250000000000 19.390625000000 3.592994689941 135 135 135
10.234375000000 19.390625000000 3.528999328613 84 84 84
10.234375000000 19.406250000000 3.465995788574 42 42 42
10.093750000000 19.500000000000 3.277000427246 105 105 105
10.109375000000 19.484375000000 3.211997985840 114 114 114
10.093750000000 19.484375000000 3.146995544434 115 115 115
10.093750000000 19.484375000000 3.082000732422 123 123 123
10.093750000000 19.500000000000 3.016998291016 115 115 115
10.125000000000 19.484375000000 2.951995849609 124 124 124
10.109375000000 19.484375000000 2.887001037598 96 96 96
10.250000000000 19.671875000000 4.381996154785 66 66 66
10.250000000000 19.671875000000 4.319000244141 150 150 150
10.250000000000 19.671875000000 4.253997802734 161 161 161
10.250000000000 19.671875000000 4.188995361328 157 157 157
10.250000000000 19.703125000000 4.126998901367 133 133 133
10.250000000000 19.687500000000 4.060997009277 152 152 152
10.250000000000 19.703125000000 3.998001098633 116 116 116
10.218750000000 19.703125000000 3.805999755859 110 110 110
10.218750000000 19.703125000000 3.741996765137 101 101 101
10.218750000000 19.703125000000 3.678001403809 108 108 108
10.218750000000 19.703125000000 3.613998413086 56 56 56
10.234375000000 19.703125000000 3.419998168945 37 37 37
10.234375000000 19.703125000000 3.356994628906 64 64 64
10.187500000000 19.734375000000 3.293998718262 116 116 116
10.171875000000 19.734375000000 3.228996276855 125 125 125
10.187500000000 19.734375000000 3.165000915527 120 120 120
10.234375000000 19.703125000000 3.099998474121 117 117 117
10.187500000000 19.734375000000 3.035995483398 120 120 120
10.203125000000 19.734375000000 2.972000122070 127 127 127
10.203125000000 19.734375000000 2.907997131348 129 129 129
10.234375000000 19.703125000000 2.844001770020 130 130 130
10.218750000000 19.734375000000 2.778999328613 152 152 152
10.218750000000 19.734375000000 2.714996337891 146 146 146
10.218750000000 19.734375000000 2.651000976563 145 145 145
10.203125000000 19.734375000000 2.586997985840 139 139 139
10.234375000000 19.703125000000 2.522994995117 145 145 145
10.234375000000 19.718750000000 2.458999633789 144 144 144
10.234375000000 19.718750000000 2.394996643066 149 149 149
10.234375000000 19.703125000000 2.331001281738 146 146 146
10.234375000000 19.718750000000 2.265998840332 150 150 150
10.234375000000 19.718750000000 2.201995849609 159 159 159
10.250000000000 19.718750000000 2.138000488281 154 154 154
10.250000000000 19.718750000000 2.072998046875 152 152 152
10.250000000000 19.718750000000 2.010002136230 150 150 150
10.250000000000 19.718750000000 1.944999694824 147 147 147
10.250000000000 19.703125000000 1.880996704102 148 148 148
10.281250000000 19.703125000000 1.429000854492 154 154 154
10.281250000000 19.703125000000 1.363998413086 175 175 175
10.218750000000 19.734375000000 1.812995910645 133 133 133
10.187500000000 19.750000000000 1.480995178223 124 124 124
10.218750000000 20.015625000000 4.342994689941 134 134 134
10.203125000000 20.015625000000 4.278999328613 134 134 134
10.218750000000 20.015625000000 4.213996887207 140 140 140
10.218750000000 20.015625000000 4.149002075195 135 135 135
10.218750000000 20.015625000000 4.084999084473 162 162 162
10.218750000000 20.015625000000 4.019996643066 158 158 158
10.203125000000 20.015625000000 3.956001281738 154 154 154
10.187500000000 20.015625000000 3.892997741699 13 13 13
10.218750000000 20.015625000000 3.763000488281 23 23 23
10.203125000000 20.015625000000 3.698997497559 92 92 92
10.218750000000 20.015625000000 3.633995056152 97 97 97
10.203125000000 20.015625000000 3.569999694824 88 88 88
10.187500000000 20.031250000000 3.506996154785 36 36 36
10.031250000000 20.125000000000 3.186996459961 17 17 17
10.031250000000 20.140625000000 3.120994567871 72 72 72
10.031250000000 20.125000000000 3.055999755859 58 58 58
10.187500000000 20.328125000000 4.513999938965 116 116 116
10.187500000000 20.328125000000 4.449996948242 134 134 134
10.156250000000 20.343750000000 4.387001037598 167 167 167
10.156250000000 20.343750000000 4.320999145508 73 73 73
10.156250000000 20.359375000000 3.930999755859 115 115 115
10.171875000000 20.359375000000 3.866996765137 157 157 157
10.156250000000 20.359375000000 3.802001953125 143 143 143
10.171875000000 20.359375000000 3.736999511719 52 52 52
10.312500000000 19.187500000000 3.901000976563 144 144 144
10.125000000000 19.484375000000 2.876998901367 102 102 102
10.140625000000 19.484375000000 2.932998657227 145 145 145
10.109375000000 19.484375000000 2.988998413086 158 158 158
10.109375000000 19.484375000000 3.043998718262 173 173 173
10.109375000000 19.484375000000 3.099998474121 167 167 167
10.109375000000 19.484375000000 3.156997680664 174 174 174
10.109375000000 19.484375000000 3.212997436523 178 178 178
10.093750000000 19.484375000000 3.268997192383 125 125 125
10.250000000000 19.484375000000 3.483001708984 235 235 235
10.265625000000 19.484375000000 3.538002014160 249 249 249
10.265625000000 19.484375000000 3.592994689941 246 246 246
10.265625000000 19.484375000000 3.647994995117 240 240 240
10.265625000000 19.484375000000 3.703994750977 170 170 170
10.265625000000 19.484375000000 3.868995666504 210 210 210
10.265625000000 19.484375000000 3.923995971680 232 232 232
10.265625000000 19.484375000000 3.978996276855 227 227 227
10.265625000000 19.484375000000 4.035995483398 234 234 234
10.281250000000 19.484375000000 4.090995788574 140 140 140
10.296875000000 19.484375000000 4.255996704102 214 214 214
10.281250000000 19.484375000000 4.312995910645 245 245 245
10.296875000000 19.484375000000 4.367996215820 239 239 239
10.296875000000 19.484375000000 4.423995971680 242 242 242
10.296875000000 19.484375000000 4.480995178223 204 204 204
10.218750000000 19.796875000000 1.847999572754 89 89 89
10.218750000000 19.796875000000 1.903999328613 92 92 92
10.218750000000 19.796875000000 1.958999633789 98 98 98
10.218750000000 19.796875000000 2.015998840332 100 100 100
10.218750000000 19.796875000000 2.070999145508 112 112 112
10.218750000000 19.796875000000 2.126998901367 109 109 109
10.234375000000 19.796875000000 2.182998657227 113 113 113
10.234375000000 19.796875000000 2.238998413086 123 123 123
10.234375000000 19.781250000000 2.294998168945 118 118 118
10.234375000000 19.796875000000 2.350997924805 122 122 122
10.250000000000 19.796875000000 2.405998229980 127 127 127
10.281250000000 19.796875000000 2.461997985840 138 138 138
10.250000000000 19.796875000000 2.516998291016 143 143 143
10.250000000000 19.796875000000 2.571998596191 138 138 138
10.234375000000 19.781250000000 2.626998901367 124 124 124
10.234375000000 19.796875000000 2.681999206543 130 130 130
10.234375000000 19.796875000000 2.736999511719 136 136 136
10.234375000000 19.781250000000 2.791999816895 124 124 124
10.250000000000 19.796875000000 2.847000122070 114 114 114
10.234375000000 19.796875000000 2.902000427246 121 121 121
10.234375000000 19.796875000000 2.958000183105 154 154 154
10.234375000000 19.796875000000 3.013000488281 150 150 150
10.250000000000 19.796875000000 3.067001342773 144 144 144
10.281250000000 19.796875000000 3.122001647949 133 133 133
10.296875000000 19.796875000000 3.175994873047 137 137 137
10.296875000000 19.796875000000 3.230995178223 132 132 132
10.312500000000 19.796875000000 3.284996032715 123 123 123
10.312500000000 19.796875000000 3.339996337891 108 108 108
10.281250000000 19.796875000000 3.396995544434 105 105 105
10.281250000000 19.796875000000 3.451995849609 110 110 110
10.281250000000 19.796875000000 3.506996154785 114 114 114
10.296875000000 19.796875000000 3.561996459961 113 113 113
10.281250000000 19.796875000000 3.617996215820 142 142 142
10.359375000000 19.781250000000 3.666000366211 231 231 231
10.250000000000 19.796875000000 3.729995727539 205 205 205
10.250000000000 19.796875000000 3.784996032715 187 187 187
10.359375000000 19.796875000000 3.832000732422 253 253 253
10.312500000000 19.796875000000 3.890998840332 147 147 147
10.281250000000 19.796875000000 3.949996948242 138 138 138
10.281250000000 19.796875000000 4.005996704102 143 143 143
10.343750000000 19.796875000000 4.055999755859 177 177 177
10.281250000000 19.796875000000 4.117996215820 144 144 144
10.281250000000 19.796875000000 4.174995422363 154 154 154
10.250000000000 19.796875000000 4.231994628906 169 169 169
10.250000000000 19.796875000000 4.288002014160 154 154 154
10.281250000000 19.796875000000 4.342994689941 128 128 128
10.281250000000 19.796875000000 4.397994995117 113 113 113
10.281250000000 19.796875000000 4.456001281738 92 92 92
10.031250000000 20.109375000000 2.995994567871 99 99 99
10.031250000000 20.109375000000 3.053001403809 140 140 140
10.031250000000 20.109375000000 3.109001159668 146 146 146
10.031250000000 20.109375000000 3.166000366211 135 135 135
10.062500000000 20.109375000000 3.221000671387 13 13 13
10.218750000000 20.109375000000 3.436996459961 192 192 192
10.187500000000 20.109375000000 3.492996215820 3 3 3
10.218750000000 20.109375000000 3.547996520996 1 1 1
10.218750000000 20.109375000000 3.603996276855 255 255 255
10.218750000000 20.109375000000 3.658996582031 250 250 250
10.187500000000 20.109375000000 3.715995788574 73 73 73
10.218750000000 20.109375000000 3.827995300293 124 124 124
10.218750000000 20.109375000000 3.882995605469 236 236 236
10.218750000000 20.109375000000 3.938995361328 237 237 237
10.218750000000 20.109375000000 3.994995117188 241 241 241
10.218750000000 20.109375000000 4.050994873047 236 236 236
10.234375000000 20.109375000000 4.104995727539 96 96 96
10.218750000000 20.109375000000 4.165000915527 109 109 109
10.234375000000 20.109375000000 4.217994689941 224 224 224
10.218750000000 20.109375000000 4.276000976563 224 224 224
10.218750000000 20.109375000000 4.332000732422 234 234 234
10.218750000000 20.109375000000 4.388999938965 217 217 217
10.187500000000 20.453125000000 3.814994812012 97 97 97
10.187500000000 20.453125000000 3.872001647949 191 191 191
10.156250000000 20.453125000000 4.325996398926 67 67 67
10.187500000000 20.437500000000 4.378997802734 216 216 216
10.187500000000 20.437500000000 4.435997009277 157 157 157
