22.328125000000 7.773437500000 47.305000305176 83 83 83
22.375000000000 7.796875000000 47.349998474121 111 111 111
22.375000000000 7.804687500000 47.403999328613 140 140 140
22.406250000000 7.804687500000 47.454002380371 104 104 104
22.312500000000 8.078125000000 47.336006164551 49 49 49
22.312500000000 8.078125000000 47.388008117676 49 49 49
22.359375000000 8.109375000000 47.433998107910 5 5 5
22.328125000000 8.398437500000 47.362007141113 149 149 149
22.343750000000 8.421875000000 47.411003112793 5 5 5
22.312500000000 8.718750000000 47.338005065918 49 49 49
22.343750000000 8.734375000000 47.388999938965 49 49 49
22.343750000000 9.046875000000 47.362007141113 145 145 145
22.328125000000 9.039062500000 47.418006896973 8 8 8
22.328125000000 9.375000000000 47.332008361816 49 49 49
22.343750000000 9.382812500000 47.383995056152 49 49 49
22.375000000000 9.398437500000 47.431007385254 14 14 14
22.343750000000 9.687500000000 47.359001159668 143 143 143
22.375000000000 9.703125000000 47.407997131348 25 25 25
22.359375000000 10.023437500000 47.327995300293 70 70 70
22.343750000000 10.015625000000 47.383995056152 137 137 137
22.375000000000 10.335937500000 47.357002258301 146 146 146
22.375000000000 10.351562500000 47.407997131348 23 23 23
22.375000000000 10.671875000000 47.323997497559 94 94 94
22.359375000000 10.664062500000 47.381996154785 137 137 137
22.437500000000 11.015625000000 47.284996032715 78 78 78
22.375000000000 10.984375000000 47.351005554199 50 50 50
22.375000000000 11.000000000000 47.401008605957 50 50 50
22.375000000000 11.312500000000 47.321006774902 93 93 93
22.375000000000 11.320312500000 47.375007629395 149 149 149
22.375000000000 11.640625000000 47.347007751465 155 155 155
22.437500000000 11.656250000000 47.394996643066 47 47 47
22.390625000000 11.953125000000 47.318000793457 105 105 105
22.390625000000 11.960937500000 47.372001647949 134 134 134
22.375000000000 12.281250000000 47.346000671387 149 149 149
22.406250000000 12.289062500000 47.394996643066 20 20 20
22.390625000000 12.601562500000 47.314002990723 50 50 50
22.406250000000 12.601562500000 47.368003845215 50 50 50
22.437500000000 12.632812500000 47.415000915527 2 2 2
22.406250000000 12.914062500000 47.286003112793 12 12 12
22.406250000000 12.929687500000 47.338005065918 165 165 165
22.625000000000 13.359375000000 46.642997741699 195 195 195
22.625000000000 13.359375000000 46.700004577637 211 211 211
22.625000000000 13.367187500000 46.754005432129 237 237 237
22.687500000000 13.414062500000 46.793006896973 54 54 54
22.562500000000 13.335937500000 46.943000793457 49 49 49
22.531250000000 13.328125000000 47.060997009277 24 24 24
22.531250000000 13.328125000000 47.116004943848 36 36 36
22.546875000000 13.335937500000 47.170997619629 30 30 30
22.546875000000 13.335937500000 47.228004455566 19 19 19
22.421875000000 13.250000000000 47.310997009277 137 137 137
22.437500000000 13.257812500000 47.364006042480 112 112 112
22.406250000000 13.578125000000 47.282005310059 69 69 69
22.421875000000 13.585937500000 47.334999084473 160 160 160
22.437500000000 13.906250000000 47.303001403809 121 121 121
22.437500000000 13.921875000000 47.355995178223 75 75 75
22.390625000000 13.882812500000 47.420997619629 108 108 108
22.406250000000 13.890625000000 47.474006652832 119 119 119
22.437500000000 13.914062500000 47.521995544434 75 75 75
22.406250000000 14.218750000000 47.387001037598 41 41 41
22.375000000000 14.210937500000 47.444999694824 83 83 83
22.406250000000 14.218750000000 47.495002746582 51 51 51
22.296875000000 8.031250000000 47.439002990723 29 29 29
22.281250000000 8.039062500000 47.390007019043 50 50 50
22.281250000000 8.039062500000 47.334999084473 50 50 50
22.281250000000 8.351562500000 47.416999816895 13 13 13
22.250000000000 8.367187500000 47.366996765137 150 150 150
22.281250000000 8.671875000000 47.392997741699 233 233 233
22.296875000000 8.656250000000 47.334999084473 215 215 215
22.312500000000 8.976562500000 47.411994934082 64 64 64
22.296875000000 8.976562500000 47.360008239746 140 140 140
22.281250000000 9.320312500000 47.388999938965 244 244 244
22.281250000000 9.304687500000 47.330009460449 118 118 118
22.312500000000 9.609375000000 47.409004211426 37 37 37
22.312500000000 9.625000000000 47.359001159668 145 145 145
22.312500000000 9.929687500000 47.387001037598 145 145 145
22.312500000000 9.937500000000 47.333000183105 35 35 35
22.312500000000 10.250000000000 47.413002014160 248 248 248
22.312500000000 10.257812500000 47.360008239746 51 51 51
22.312500000000 10.562500000000 47.387001037598 145 145 145
22.312500000000 10.570312500000 47.332008361816 42 42 42
22.343750000000 10.882812500000 47.415000915527 52 52 52
22.312500000000 10.882812500000 47.361000061035 163 163 163
22.343750000000 10.859375000000 47.299003601074 34 34 34
22.328125000000 11.203125000000 47.390998840332 137 137 137
22.312500000000 11.210937500000 47.338996887207 121 121 121
22.343750000000 11.515625000000 47.414009094238 31 31 31
22.312500000000 11.531250000000 47.364006042480 163 163 163
22.343750000000 11.828125000000 47.437004089355 19 19 19
22.343750000000 11.835937500000 47.385002136230 51 51 51
22.312500000000 11.851562500000 47.331001281738 51 51 51
22.359375000000 12.148437500000 47.407997131348 11 11 11
22.343750000000 12.148437500000 47.353996276855 163 163 163
22.359375000000 12.453125000000 47.379997253418 117 117 117
22.343750000000 12.468750000000 47.327995300293 136 136 136
22.375000000000 13.078125000000 47.379997253418 91 91 91
22.343750000000 13.093750000000 47.330009460449 160 160 160
22.437500000000 13.375000000000 47.392997741699 68 68 68
22.312500000000 13.453125000000 47.362007141113 143 143 143
22.312500000000 13.437500000000 47.305000305176 140 140 140
22.312500000000 13.437500000000 47.249000549316 138 138 138
22.343750000000 13.429687500000 47.190010070801 133 133 133
22.343750000000 13.414062500000 47.131004333496 138 138 138
22.343750000000 13.429687500000 47.075996398926 129 129 129
22.328125000000 13.437500000000 47.024009704590 149 149 149
22.375000000000 13.406250000000 46.955009460449 132 132 132
22.375000000000 13.406250000000 46.896995544434 135 135 135
22.390625000000 13.398437500000 46.836997985840 130 130 130
22.390625000000 13.398437500000 46.777000427246 139 139 139
22.406250000000 13.390625000000 46.718009948730 140 140 140
22.421875000000 13.382812500000 46.657005310059 133 133 133
22.421875000000 13.382812500000 46.597007751465 140 140 140
22.468750000000 13.351562500000 46.521995544434 133 133 133
22.375000000000 14.046875000000 47.512001037598 110 110 110
22.343750000000 14.078125000000 47.465003967285 114 114 114
22.343750000000 14.062500000000 47.405998229980 117 117 117
22.406250000000 14.046875000000 47.340995788574 123 123 123
22.406250000000 14.046875000000 47.284996032715 55 55 55
22.296875000000 7.960937500000 47.338005065918 94 94 94
22.281250000000 7.953125000000 47.387001037598 156 156 156
22.328125000000 8.585937500000 47.334007263184 100 100 100
22.312500000000 8.593750000000 47.383995056152 155 155 155
22.312500000000 8.914062500000 47.360008239746 155 155 155
22.312500000000 8.914062500000 47.405998229980 83 83 83
22.328125000000 9.226562500000 47.334999084473 81 81 81
22.312500000000 9.242187500000 47.383003234863 160 160 160
22.343750000000 9.554687500000 47.353996276855 142 142 142
22.343750000000 9.546875000000 47.402000427246 110 110 110
22.343750000000 9.882812500000 47.323005676270 19 19 19
22.328125000000 9.875000000000 47.375007629395 166 166 166
22.359375000000 10.195312500000 47.297996520996 96 96 96
22.343750000000 10.195312500000 47.349006652832 38 38 38
22.343750000000 10.203125000000 47.396003723145 38 38 38
22.359375000000 10.203125000000 47.437995910645 21 21 21
22.328125000000 10.523437500000 47.371009826660 170 170 170
22.375000000000 10.515625000000 47.413002014160 20 20 20
22.375000000000 10.843750000000 47.293998718262 14 14 14
22.343750000000 10.843750000000 47.345008850098 145 145 145
22.359375000000 10.828125000000 47.392005920410 147 147 147
22.375000000000 11.156250000000 47.318000793457 73 73 73
22.343750000000 11.156250000000 47.371009826660 175 175 175
22.375000000000 11.156250000000 47.414009094238 19 19 19
22.359375000000 11.476562500000 47.347999572754 156 156 156
22.359375000000 11.476562500000 47.394004821777 115 115 115
22.375000000000 11.796875000000 47.273002624512 52 52 52
22.343750000000 11.796875000000 47.325996398926 38 38 38
22.343750000000 11.796875000000 47.373008728027 38 38 38
22.453125000000 11.796875000000 47.405006408691 149 149 149
22.375000000000 12.117187500000 47.346000671387 168 168 168
22.375000000000 12.125000000000 47.392005920410 81 81 81
22.390625000000 12.445312500000 47.318000793457 115 115 115
22.375000000000 12.445312500000 47.366996765137 159 159 159
22.375000000000 12.765625000000 47.293006896973 15 15 15
22.375000000000 12.765625000000 47.340995788574 172 172 172
22.406250000000 12.757812500000 47.387001037598 66 66 66
22.375000000000 13.078125000000 47.319999694824 158 158 158
22.390625000000 13.078125000000 47.364997863770 135 135 135
22.328125000000 13.398437500000 46.532005310059 158 158 158
22.312500000000 13.390625000000 46.583000183105 159 159 159
22.312500000000 13.390625000000 46.633003234863 162 162 162
22.312500000000 13.390625000000 46.683006286621 157 157 157
22.312500000000 13.390625000000 46.730995178223 169 169 169
22.312500000000 13.390625000000 46.780006408691 165 165 165
22.312500000000 13.406250000000 46.830009460449 160 160 160
22.312500000000 13.390625000000 46.877998352051 167 167 167
22.312500000000 13.406250000000 46.928001403809 164 164 164
22.312500000000 13.390625000000 46.974998474121 161 161 161
22.328125000000 13.398437500000 47.021995544434 154 154 154
22.328125000000 13.398437500000 47.071006774902 152 152 152
22.312500000000 13.406250000000 47.120002746582 159 159 159
22.328125000000 13.398437500000 47.166999816895 158 158 158
22.328125000000 13.398437500000 47.215003967285 159 159 159
22.328125000000 13.398437500000 47.262001037598 161 161 161
22.312500000000 13.406250000000 47.312004089355 154 154 154
22.312500000000 13.414062500000 47.359001159668 166 166 166
22.484375000000 13.406250000000 47.381004333496 95 95 95
22.406250000000 14.039062500000 47.297996520996 109 109 109
22.421875000000 14.054687500000 47.344001770020 126 126 126
22.390625000000 14.039062500000 47.398002624512 118 118 118
22.359375000000 14.054687500000 47.450996398926 126 126 126
22.375000000000 14.046875000000 47.495002746582 114 114 114
22.421875000000 14.054687500000 47.536003112793 9 9 9
22.531250000000 14.296875000000 47.515007019043 7 7 7
22.578125000000 14.273437500000 47.450996398926 71 71 71
22.437500000000 14.046875000000 47.556007385254 41 41 41
22.390625000000 14.085937500000 47.508995056152 111 111 111
22.390625000000 14.085937500000 47.452995300293 132 132 132
22.437500000000 14.046875000000 47.388008117676 79 79 79
22.421875000000 14.062500000000 47.334007263184 110 110 110
22.406250000000 13.476562500000 47.390998840332 130 130 130
22.343750000000 13.515625000000 47.347999572754 140 140 140
22.375000000000 13.515625000000 47.289009094238 145 145 145
22.375000000000 13.507812500000 47.233009338379 144 144 144
22.375000000000 13.500000000000 47.174995422363 134 134 134
22.375000000000 13.500000000000 47.116996765137 136 136 136
22.343750000000 13.515625000000 47.069999694824 139 139 139
22.390625000000 13.492187500000 47.002006530762 146 146 146
22.406250000000 13.476562500000 46.944007873535 140 140 140
22.406250000000 13.468750000000 46.881996154785 139 139 139
22.437500000000 13.460937500000 46.821006774902 129 129 129
22.437500000000 13.460937500000 46.763008117676 138 138 138
22.437500000000 13.460937500000 46.706001281738 136 136 136
22.437500000000 13.445312500000 46.644004821777 132 132 132
22.437500000000 13.445312500000 46.588005065918 135 135 135
22.437500000000 13.460937500000 46.530998229980 149 149 149
22.437500000000 13.171875000000 47.414009094238 21 21 21
22.406250000000 13.187500000000 47.362998962402 168 168 168
22.406250000000 12.585937500000 47.414009094238 92 92 92
22.390625000000 12.593750000000 47.362007141113 156 156 156
22.406250000000 12.296875000000 47.390998840332 153 153 153
22.406250000000 12.296875000000 47.334999084473 82 82 82
22.406250000000 11.992187500000 47.420005798340 88 88 88
22.390625000000 12.000000000000 47.366996765137 156 156 156
22.375000000000 11.718750000000 47.390998840332 166 166 166
22.375000000000 11.718750000000 47.336006164551 10 10 10
22.375000000000 11.414062500000 47.411994934082 139 139 139
22.375000000000 11.421875000000 47.359001159668 121 121 121
22.375000000000 11.109375000000 47.441001892090 226 226 226
22.359375000000 11.132812500000 47.390007019043 51 51 51
22.375000000000 11.117187500000 47.332008361816 38 38 38
22.375000000000 10.820312500000 47.424995422363 123 123 123
22.375000000000 10.820312500000 47.368995666504 127 127 127
22.375000000000 10.531250000000 47.400001525879 160 160 160
22.375000000000 10.234375000000 47.474998474121 16 16 16
22.359375000000 10.234375000000 47.422996520996 51 51 51
22.359375000000 10.234375000000 47.368003845215 51 51 51
22.375000000000 9.945312500000 47.441001892090 15 15 15
22.375000000000 9.937500000000 47.388008117676 153 153 153
22.343750000000 9.656250000000 47.418998718262 116 116 116
22.343750000000 9.648437500000 47.364997863770 91 91 91
22.343750000000 9.351562500000 47.401008605957 165 165 165
22.328125000000 9.343750000000 47.346000671387 5 5 5
22.359375000000 9.039062500000 47.431007385254 77 77 77
22.343750000000 9.046875000000 47.379005432129 133 133 133
22.375000000000 8.726562500000 47.446006774902 112 112 112
22.312500000000 8.765625000000 47.401008605957 50 50 50
22.343750000000 8.750000000000 47.340003967285 176 176 176
22.343750000000 8.468750000000 47.420005798340 122 122 122
22.312500000000 8.468750000000 47.366004943848 94 94 94
22.343750000000 8.156250000000 47.443000793457 143 143 143
22.312500000000 8.179687500000 47.394996643066 50 50 50
22.312500000000 8.179687500000 47.340003967285 186 186 186
22.312500000000 7.875000000000 47.484001159668 88 88 88
22.281250000000 7.890625000000 47.435005187988 135 135 135
22.281250000000 7.906250000000 47.381996154785 123 123 123
22.281250000000 7.890625000000 47.323997497559 145 145 145
22.437500000000 14.078125000000 47.327003479004 123 123 123
22.437500000000 14.078125000000 47.372001647949 108 108 108
22.375000000000 14.078125000000 47.430000305176 124 124 124
22.375000000000 14.078125000000 47.478004455566 131 131 131
22.406250000000 14.078125000000 47.521995544434 109 109 109
22.328125000000 13.492187500000 46.515998840332 139 139 139
22.421875000000 13.492187500000 46.540000915527 143 143 143
22.437500000000 13.484375000000 46.586997985840 196 196 196
22.406250000000 13.484375000000 46.644004821777 202 202 202
22.390625000000 13.492187500000 46.698997497559 216 216 216
22.390625000000 13.492187500000 46.746009826660 223 223 223
22.375000000000 13.492187500000 46.799995422363 227 227 227
22.390625000000 13.492187500000 46.847007751465 233 233 233
22.375000000000 13.492187500000 46.900001525879 214 214 214
22.390625000000 13.492187500000 46.942008972168 242 242 242
22.375000000000 13.484375000000 46.999000549316 167 167 167
22.328125000000 13.492187500000 47.055000305176 159 159 159
22.328125000000 13.492187500000 47.103004455566 154 154 154
22.328125000000 13.492187500000 47.150001525879 161 161 161
22.343750000000 13.484375000000 47.198005676270 165 165 165
22.328125000000 13.492187500000 47.247001647949 170 170 170
22.312500000000 13.484375000000 47.295997619629 171 171 171
22.343750000000 13.484375000000 47.342002868652 156 156 156
22.343750000000 13.492187500000 47.388008117676 159 159 159
22.531250000000 13.484375000000 47.407005310059 38 38 38
22.406250000000 13.187500000000 47.351997375488 169 169 169
22.406250000000 13.195312500000 47.398002624512 102 102 102
22.406250000000 12.890625000000 47.327003479004 103 103 103
22.406250000000 12.890625000000 47.375999450684 166 166 166
22.390625000000 12.593750000000 47.353996276855 161 161 161
22.406250000000 12.585937500000 47.401008605957 114 114 114
22.406250000000 12.296875000000 47.333000183105 103 103 103
22.390625000000 12.289062500000 47.381996154785 169 169 169
22.390625000000 11.992187500000 47.359001159668 161 161 161
22.390625000000 11.992187500000 47.405998229980 118 118 118
22.375000000000 11.703125000000 47.332008361816 46 46 46
22.359375000000 11.695312500000 47.383995056152 177 177 177
22.390625000000 11.695312500000 47.427009582520 31 31 31
22.375000000000 11.406250000000 47.355003356934 126 126 126
22.375000000000 11.406250000000 47.402000427246 160 160 160
22.406250000000 11.109375000000 47.323005676270 254 254 254
22.359375000000 11.093750000000 47.381004333496 38 38 38
22.359375000000 11.101562500000 47.426002502441 38 38 38
22.343750000000 10.804687500000 47.358009338379 122 122 122
22.375000000000 10.804687500000 47.403999328613 151 151 151
22.343750000000 10.500000000000 47.383995056152 163 163 163
22.343750000000 10.500000000000 47.430000305176 71 71 71
22.328125000000 10.210937500000 47.314002990723 15 15 15
22.343750000000 10.203125000000 47.359001159668 38 38 38
22.343750000000 10.203125000000 47.407005310059 38 38 38
22.406250000000 10.203125000000 47.444999694824 45 45 45
22.343750000000 9.906250000000 47.381004333496 153 153 153
22.343750000000 9.914062500000 47.428001403809 86 86 86
22.343750000000 9.609375000000 47.353996276855 83 83 83
22.328125000000 9.609375000000 47.403999328613 164 164 164
22.312500000000 9.312500000000 47.381996154785 162 162 162
22.343750000000 9.320312500000 47.426002502441 68 68 68
22.328125000000 9.007812500000 47.364006042480 113 113 113
22.328125000000 9.007812500000 47.409004211426 132 132 132
22.312500000000 8.710937500000 47.340995788574 13 13 13
22.312500000000 8.710937500000 47.388999938965 179 179 179
22.359375000000 8.710937500000 47.430000305176 20 20 20
22.343750000000 8.125000000000 47.333000183105 0 0 0
22.296875000000 8.117187500000 47.390998840332 38 38 38
22.343750000000 8.117187500000 47.431007385254 25 25 25
22.406250000000 14.218750000000 47.295997619629 37 37 37
22.437500000000 14.218750000000 47.349006652832 118 118 118
22.406250000000 14.210937500000 47.409996032715 107 107 107
22.375000000000 14.187500000000 47.469001770020 114 114 114
22.406250000000 14.218750000000 47.519004821777 107 107 107
22.437500000000 13.921875000000 47.263008117676 16 16 16
22.421875000000 13.914062500000 47.321006774902 141 141 141
22.437500000000 13.921875000000 47.373008728027 101 101 101
22.437500000000 13.929687500000 47.426002502441 88 88 88
22.437500000000 13.929687500000 47.483009338379 92 92 92
22.453125000000 13.945312500000 47.534996032715 66 66 66
22.406250000000 13.617187500000 47.299995422363 77 77 77
22.406250000000 13.617187500000 47.355995178223 159 159 159
22.609375000000 13.429687500000 46.664009094238 201 201 201
22.609375000000 13.429687500000 46.722007751465 217 217 217
22.656250000000 13.453125000000 46.769004821777 244 244 244
22.656250000000 13.468750000000 46.821006774902 251 251 251
22.531250000000 13.382812500000 47.026008605957 11 11 11
22.390625000000 13.312500000000 47.336997985840 151 151 151
22.437500000000 13.335937500000 47.383003234863 94 94 94
22.390625000000 13.000000000000 47.312995910645 45 45 45
22.406250000000 13.007812500000 47.364997863770 160 160 160
22.343750000000 12.671875000000 47.286994934082 6 6 6
22.375000000000 12.695312500000 47.336006164551 50 50 50
22.406250000000 12.703125000000 47.388008117676 50 50 50
22.390625000000 12.398437500000 47.362007141113 156 156 156
22.406250000000 12.429687500000 47.409004211426 27 27 27
22.375000000000 12.109375000000 47.340003967285 119 119 119
22.390625000000 12.117187500000 47.390007019043 119 119 119
22.390625000000 11.820312500000 47.312004089355 10 10 10
22.375000000000 11.804687500000 47.372001647949 175 175 175
22.406250000000 11.828125000000 47.418998718262 23 23 23
22.359375000000 11.507812500000 47.346000671387 112 112 112
22.375000000000 11.492187500000 47.399009704590 134 134 134
22.343750000000 11.179687500000 47.377998352051 179 179 179
22.375000000000 11.203125000000 47.428001403809 41 41 41
22.343750000000 10.875000000000 47.355003356934 131 131 131
22.359375000000 10.882812500000 47.407005310059 129 129 129
22.343750000000 10.585937500000 47.385002136230 150 150 150
22.343750000000 10.289062500000 47.360008239746 50 50 50
22.343750000000 10.304687500000 47.413002014160 50 50 50
22.343750000000 9.679687500000 47.358009338379 111 111 111
22.343750000000 9.695312500000 47.409996032715 100 100 100
22.390625000000 9.406250000000 47.381004333496 223 223 223
22.312500000000 9.062500000000 47.374000549316 137 137 137
22.328125000000 9.078125000000 47.426002502441 53 53 53
22.312500000000 8.781250000000 47.344001770020 49 49 49
22.312500000000 8.781250000000 47.398002624512 49 49 49
22.375000000000 8.820312500000 47.441001892090 51 51 51
22.312500000000 8.492187500000 47.362007141113 120 120 120
22.343750000000 8.484375000000 47.414009094238 102 102 102
22.312500000000 8.164062500000 47.336006164551 250 250 250
22.312500000000 8.164062500000 47.390007019043 49 49 49
22.359375000000 8.203125000000 47.433998107910 53 53 53
22.296875000000 7.875000000000 47.314002990723 143 143 143
22.281250000000 7.867187500000 47.371009826660 121 121 121
22.296875000000 7.867187500000 47.424995422363 126 126 126
22.312500000000 7.875000000000 47.474998474121 71 71 71
22.281250000000 8.054687500000 47.301002502441 12 12 12
22.265625000000 8.070312500000 47.358009338379 49 49 49
22.312500000000 8.078125000000 47.405006408691 27 27 27
22.281250000000 8.453125000000 47.330009460449 25 25 25
22.281250000000 8.453125000000 47.386009216309 137 137 137
22.265625000000 8.820312500000 47.364006042480 49 49 49
22.296875000000 8.820312500000 47.415000915527 49 49 49
22.281250000000 9.570312500000 47.351997375488 46 46 46
22.296875000000 9.578125000000 47.405006408691 134 134 134
22.312500000000 10.343750000000 47.361000061035 69 69 69
22.312500000000 10.343750000000 47.415000915527 130 130 130
22.359375000000 10.750000000000 47.332008361816 27 27 27
22.312500000000 10.718750000000 47.396003723145 128 128 128
22.343750000000 10.742187500000 47.444007873535 59 59 59
22.312500000000 11.101562500000 47.368003845215 50 50 50
22.312500000000 11.101562500000 47.420997619629 50 50 50
22.312500000000 11.476562500000 47.388999938965 151 151 151
22.343750000000 11.492187500000 47.437004089355 11 11 11
22.359375000000 11.882812500000 47.297996520996 28 28 28
22.312500000000 11.851562500000 47.361000061035 50 50 50
22.343750000000 11.867187500000 47.409996032715 50 50 50
22.343750000000 12.234375000000 47.338005065918 115 115 115
22.359375000000 12.257812500000 47.388008117676 113 113 113
22.359375000000 12.632812500000 47.312995910645 51 51 51
22.359375000000 12.632812500000 47.368995666504 50 50 50
22.406250000000 12.664062500000 47.414009094238 30 30 30
22.359375000000 13.015625000000 47.340995788574 148 148 148
22.390625000000 13.039062500000 47.390007019043 36 36 36
22.390625000000 13.421875000000 46.791999816895 110 110 110
22.390625000000 13.421875000000 46.847999572754 112 112 112
22.406250000000 13.414062500000 46.901008605957 113 113 113
22.406250000000 13.406250000000 46.959007263184 113 113 113
22.406250000000 13.421875000000 47.012001037598 122 122 122
22.406250000000 13.421875000000 47.068000793457 124 124 124
22.421875000000 13.421875000000 47.122001647949 120 120 120
22.421875000000 13.429687500000 47.177009582520 115 115 115
22.406250000000 13.421875000000 47.236000061035 114 114 114
22.375000000000 13.398437500000 47.301002502441 127 127 127
22.375000000000 13.406250000000 47.355003356934 140 140 140
22.359375000000 13.765625000000 47.271003723145 19 19 19
22.375000000000 13.765625000000 47.321998596191 157 157 157
22.390625000000 14.148437500000 47.293998718262 104 104 104
22.406250000000 14.164062500000 47.345008850098 63 63 63
22.343750000000 14.125000000000 47.413002014160 110 110 110
22.343750000000 14.125000000000 47.467002868652 100 100 100
22.406250000000 14.164062500000 47.512001037598 40 40 40
22.296875000000 8.093750000000 47.450004577637 17 17 17
22.281250000000 8.093750000000 47.396003723145 50 50 50
22.281250000000 8.101562500000 47.343009948730 50 50 50
22.312500000000 8.445312500000 47.418006896973 64 64 64
22.281250000000 8.468750000000 47.366996765137 125 125 125
22.343750000000 8.804687500000 47.439002990723 68 68 68
22.312500000000 8.828125000000 47.392005920410 51 51 51
22.312500000000 8.828125000000 47.334999084473 202 202 202
22.312500000000 9.203125000000 47.424003601074 85 85 85
22.312500000000 9.210937500000 47.371009826660 103 103 103
22.312500000000 9.578125000000 47.403007507324 140 140 140
22.328125000000 9.562500000000 47.347007751465 11 11 11
22.343750000000 9.937500000000 47.435005187988 53 53 53
22.312500000000 9.960937500000 47.385002136230 123 123 123
22.343750000000 10.320312500000 47.409996032715 166 166 166
22.343750000000 10.320312500000 47.351005554199 22 22 22
22.343750000000 10.703125000000 47.435005187988 122 122 122
22.343750000000 10.695312500000 47.379005432129 74 74 74
22.359375000000 11.062500000000 47.456001281738 255 255 255
22.328125000000 11.070312500000 47.407005310059 51 51 51
22.359375000000 11.062500000000 47.345008850098 237 237 237
22.375000000000 11.421875000000 47.426002502441 103 103 103
22.343750000000 11.445312500000 47.375999450684 133 133 133
22.343750000000 11.828125000000 47.409004211426 51 51 51
22.343750000000 11.828125000000 47.353996276855 51 51 51
22.359375000000 12.187500000000 47.379005432129 154 154 154
22.359375000000 12.187500000000 47.321998596191 6 6 6
22.375000000000 12.554687500000 47.399009704590 108 108 108
22.359375000000 12.570312500000 47.347007751465 132 132 132
22.375000000000 12.929687500000 47.306007385254 30 30 30
22.375000000000 12.929687500000 47.364006042480 134 134 134
22.406250000000 13.289062500000 47.383003234863 82 82 82
22.390625000000 13.289062500000 47.329002380371 139 139 139
22.390625000000 14.054687500000 47.502006530762 102 102 102
22.359375000000 14.070312500000 47.450996398926 109 109 109
22.375000000000 14.070312500000 47.392997741699 96 96 96
22.406250000000 14.039062500000 47.330009460449 110 110 110
22.437500000000 14.023437500000 47.267997741699 40 40 40
22.281250000000 8.171875000000 47.444999694824 29 29 29
22.281250000000 8.171875000000 47.398002624512 38 38 38
22.281250000000 8.164062500000 47.351997375488 38 38 38
22.296875000000 8.539062500000 47.416007995605 107 107 107
22.296875000000 8.539062500000 47.370002746582 144 144 144
22.312500000000 8.914062500000 47.433006286621 28 28 28
22.296875000000 8.914062500000 47.387001037598 160 160 160
22.296875000000 9.296875000000 47.411003112793 153 153 153
22.296875000000 9.289062500000 47.364006042480 80 80 80
22.312500000000 9.664062500000 47.433998107910 75 75 75
22.296875000000 9.671875000000 47.390007019043 151 151 151
22.312500000000 10.039062500000 47.415000915527 158 158 158
22.312500000000 10.054687500000 47.368003845215 56 56 56
22.312500000000 10.414062500000 47.437995910645 104 104 104
22.312500000000 10.414062500000 47.390998840332 141 141 141
22.359375000000 10.796875000000 47.458000183105 59 59 59
22.312500000000 10.789062500000 47.414009094238 159 159 159
22.343750000000 10.796875000000 47.362998962402 24 24 24
22.328125000000 11.164062500000 47.437995910645 116 116 116
22.312500000000 11.171875000000 47.392005920410 162 162 162
22.343750000000 11.554687500000 47.416007995605 145 145 145
22.343750000000 11.546875000000 47.370002746582 126 126 126
22.375000000000 11.921875000000 47.441001892090 77 77 77
22.343750000000 11.929687500000 47.396995544434 39 39 39
22.343750000000 11.929687500000 47.349998474121 39 39 39
22.359375000000 12.296875000000 47.420005798340 51 51 51
22.343750000000 12.296875000000 47.373008728027 166 166 166
22.359375000000 12.296875000000 47.323005676270 22 22 22
22.375000000000 12.671875000000 47.443000793457 17 17 17
22.359375000000 12.679687500000 47.396003723145 39 39 39
22.343750000000 12.664062500000 47.351005554199 39 39 39
22.562500000000 12.664062500000 47.263008117676 36 36 36
22.375000000000 13.046875000000 47.371009826660 151 151 151
22.375000000000 13.046875000000 47.323997497559 117 117 117
22.468750000000 13.421875000000 47.386009216309 112 112 112
22.312500000000 13.421875000000 47.364997863770 152 152 152
22.312500000000 13.421875000000 47.317008972168 139 139 139
22.312500000000 13.421875000000 47.269004821777 144 144 144
22.312500000000 13.421875000000 47.220008850098 145 145 145
22.312500000000 13.429687500000 47.170997619629 142 142 142
22.312500000000 13.437500000000 47.125007629395 144 144 144
22.312500000000 13.421875000000 47.075004577637 139 139 139
22.312500000000 13.421875000000 47.027000427246 142 142 142
22.312500000000 13.437500000000 46.980003356934 150 150 150
22.312500000000 13.437500000000 46.931007385254 151 151 151
22.312500000000 13.437500000000 46.881996154785 158 158 158
22.312500000000 13.429687500000 46.831001281738 158 158 158
22.312500000000 13.437500000000 46.784996032715 159 159 159
22.312500000000 13.437500000000 46.735008239746 157 157 157
22.312500000000 13.437500000000 46.685997009277 149 149 149
22.312500000000 13.437500000000 46.637001037598 146 146 146
22.312500000000 13.429687500000 46.584007263184 148 148 148
22.312500000000 13.445312500000 46.534996032715 148 148 148
22.406250000000 14.179687500000 47.506004333496 95 95 95
22.375000000000 14.187500000000 47.463005065918 117 117 117
22.375000000000 14.187500000000 47.415000915527 122 122 122
22.437500000000 14.187500000000 47.351997375488 112 112 112
22.406250000000 14.179687500000 47.312004089355 130 130 130
22.437500000000 13.414062500000 46.795005798340 118 118 118
22.421875000000 13.406250000000 46.853996276855 107 107 107
22.406250000000 13.398437500000 46.911994934082 110 110 110
22.437500000000 13.414062500000 46.963005065918 113 113 113
22.437500000000 13.414062500000 47.021003723145 115 115 115
22.437500000000 13.414062500000 47.075004577637 122 122 122
22.437500000000 13.406250000000 47.129997253418 121 121 121
22.453125000000 13.414062500000 47.183998107910 121 121 121
22.437500000000 13.406250000000 47.241004943848 117 117 117
22.437500000000 13.406250000000 47.297004699707 115 115 115
22.468750000000 13.421875000000 47.349006652832 116 116 116
22.468750000000 13.421875000000 47.403999328613 79 79 79
22.531250000000 13.460937500000 47.448005676270 130 130 130
22.453125000000 13.414062500000 47.573005676270 21 21 21
22.453125000000 13.414062500000 47.627998352051 11 11 11
22.421875000000 13.406250000000 47.593009948730 9 9 9
22.437500000000 13.398437500000 47.543006896973 17 17 17
22.437500000000 13.414062500000 47.496009826660 29 29 29
22.437500000000 13.414062500000 47.448005676270 36 36 36
22.421875000000 13.406250000000 47.401008605957 73 73 73
22.343750000000 13.398437500000 47.366996765137 106 106 106
22.343750000000 13.398437500000 47.319999694824 103 103 103
22.343750000000 13.398437500000 47.273002624512 108 108 108
22.343750000000 13.398437500000 47.224006652832 92 92 92
22.343750000000 13.406250000000 47.172996520996 118 118 118
22.343750000000 13.398437500000 47.124000549316 116 116 116
22.375000000000 13.406250000000 47.069007873535 148 148 148
22.343750000000 13.406250000000 47.026008605957 142 142 142
22.343750000000 13.398437500000 46.978004455566 141 141 141
22.343750000000 13.398437500000 46.931999206543 141 141 141
22.343750000000 13.398437500000 46.885002136230 149 149 149
22.343750000000 13.398437500000 46.834999084473 156 156 156
22.312500000000 13.414062500000 46.788002014160 155 155 155
22.343750000000 13.398437500000 46.736000061035 151 151 151
22.343750000000 13.398437500000 46.687004089355 144 144 144
22.328125000000 13.398437500000 46.638999938965 153 153 153
22.343750000000 13.406250000000 46.586006164551 159 159 159
22.375000000000 13.406250000000 46.526008605957 132 132 132
22.531250000000 13.523437500000 47.377998352051 22 22 22
22.515625000000 13.546875000000 47.325996398926 7 7 7
9.250000000000 10.414062500000 47.605995178223 86 86 86
9.281250000000 10.414062500000 47.584999084473 129 129 129
9.312500000000 10.406250000000 47.560997009277 142 142 142
9.312500000000 10.406250000000 47.530006408691 151 151 151
9.312500000000 10.406250000000 47.500007629395 132 132 132
9.265625000000 10.406250000000 47.459999084473 121 121 121
9.265625000000 10.406250000000 47.427009582520 140 140 140
9.281250000000 10.414062500000 47.403007507324 147 147 147
9.265625000000 10.414062500000 47.368995666504 39 39 39
9.265625000000 10.726562500000 47.446006774902 87 87 87
9.296875000000 10.726562500000 47.422004699707 180 180 180
9.296875000000 10.726562500000 47.390998840332 178 178 178
9.187500000000 11.046875000000 47.444007873535 129 129 129
9.281250000000 11.046875000000 47.433006286621 155 155 155
9.375000000000 11.046875000000 47.424995422363 168 168 168
9.375000000000 11.039062500000 47.401008605957 143 143 143
9.375000000000 11.046875000000 47.366004943848 170 170 170
9.375000000000 11.046875000000 47.336997985840 160 160 160
9.375000000000 11.046875000000 47.308006286621 163 163 163
9.375000000000 11.046875000000 47.277000427246 162 162 162
9.375000000000 11.046875000000 47.245002746582 163 163 163
9.375000000000 11.046875000000 47.215003967285 165 165 165
9.375000000000 11.046875000000 47.185005187988 165 165 165
9.375000000000 11.046875000000 47.153999328613 168 168 168
9.375000000000 11.046875000000 47.121009826660 168 168 168
9.375000000000 11.046875000000 47.090995788574 167 167 167
9.375000000000 11.046875000000 47.058006286621 168 168 168
9.375000000000 11.046875000000 47.028007507324 167 167 167
9.375000000000 11.046875000000 46.996009826660 167 167 167
9.375000000000 11.046875000000 46.965003967285 164 164 164
9.375000000000 11.046875000000 46.935005187988 168 168 168
9.375000000000 11.046875000000 46.901008605957 168 168 168
9.375000000000 11.046875000000 46.870002746582 165 165 165
9.375000000000 11.046875000000 46.838996887207 168 168 168
9.375000000000 11.054687500000 46.810005187988 173 173 173
9.406250000000 11.054687500000 46.784996032715 175 175 175
9.375000000000 11.054687500000 46.745002746582 178 178 178
9.375000000000 11.046875000000 46.706001281738 176 176 176
9.375000000000 11.046875000000 46.674995422363 174 174 174
9.406250000000 11.054687500000 46.653999328613 179 179 179
9.312500000000 11.359375000000 47.424003601074 161 161 161
9.312500000000 11.367187500000 47.398002624512 192 192 192
9.218750000000 11.375000000000 47.342002868652 238 238 238
9.312500000000 11.687500000000 47.413002014160 174 174 174
9.343750000000 11.679687500000 47.385002136230 180 180 180
9.312500000000 12.015625000000 47.426002502441 89 89 89
9.343750000000 12.000000000000 47.402000427246 183 183 183
9.343750000000 12.007812500000 47.371009826660 162 162 162
9.312500000000 12.328125000000 47.413002014160 141 141 141
9.359375000000 12.320312500000 47.392997741699 186 186 186
9.343750000000 12.328125000000 47.359001159668 141 141 141
9.312500000000 12.648437500000 47.429008483887 71 71 71
9.343750000000 12.648437500000 47.409996032715 11 11 11
9.375000000000 12.648437500000 47.383003234863 11 11 11
9.375000000000 12.648437500000 47.353996276855 11 11 11
9.343750000000 12.648437500000 47.319999694824 90 90 90
9.359375000000 12.960937500000 47.398002624512 169 169 169
9.375000000000 12.960937500000 47.373008728027 185 185 185
9.375000000000 12.960937500000 47.342002868652 107 107 107
9.343750000000 13.289062500000 47.411003112793 68 68 68
9.375000000000 13.281250000000 47.388999938965 182 182 182
9.375000000000 13.273437500000 47.359001159668 172 172 172
9.375000000000 13.273437500000 47.327995300293 61 61 61
9.375000000000 13.601562500000 47.402000427246 122 122 122
9.406250000000 13.601562500000 47.377998352051 181 181 181
9.375000000000 13.609375000000 47.344001770020 167 167 167
9.359375000000 13.609375000000 47.308998107910 93 93 93
9.375000000000 13.929687500000 47.388999938965 109 109 109
9.390625000000 13.929687500000 47.364006042480 187 187 187
9.375000000000 13.921875000000 47.332008361816 137 137 137
9.406250000000 14.234375000000 47.386009216309 162 162 162
9.406250000000 14.234375000000 47.357002258301 180 180 180
9.406250000000 14.250000000000 47.325996398926 40 40 40
9.375000000000 14.562500000000 47.400001525879 85 85 85
9.406250000000 14.562500000000 47.377006530762 177 177 177
9.406250000000 14.562500000000 47.346000671387 148 148 148
9.406250000000 14.875000000000 47.392997741699 161 161 161
9.437500000000 14.882812500000 47.368003845215 164 164 164
9.437500000000 14.875000000000 47.336006164551 43 43 43
9.406250000000 15.203125000000 47.407997131348 157 157 157
9.437500000000 15.195312500000 47.387001037598 221 221 221
9.468750000000 15.195312500000 47.361000061035 208 208 208
9.406250000000 15.523437500000 47.424003601074 28 28 28
9.453125000000 15.515625000000 47.405006408691 172 172 172
9.437500000000 15.515625000000 47.373008728027 164 164 164
9.468750000000 15.835937500000 47.420997619629 10 10 10
9.468750000000 15.843750000000 47.394004821777 10 10 10
9.468750000000 15.843750000000 47.364006042480 6 6 6
9.437500000000 16.156250000000 47.431999206543 89 89 89
9.468750000000 16.156250000000 47.409004211426 177 177 177
9.453125000000 16.156250000000 47.375007629395 150 150 150
9.437500000000 16.492187500000 47.442008972168 154 154 154
9.468750000000 16.484375000000 47.422996520996 10 10 10
9.484375000000 16.476562500000 47.398002624512 9 9 9
9.484375000000 16.476562500000 47.370002746582 9 9 9
9.437500000000 16.804687500000 47.435997009277 134 134 134
9.484375000000 16.812500000000 47.414009094238 182 182 182
9.468750000000 16.804687500000 47.383995056152 125 125 125
9.468750000000 17.117187500000 47.459007263184 9 9 9
9.500000000000 17.117187500000 47.433998107910 9 9 9
9.500000000000 17.125000000000 47.407997131348 9 9 9
9.500000000000 17.117187500000 47.375007629395 9 9 9
9.484375000000 17.437500000000 47.446998596191 138 138 138
9.500000000000 17.445312500000 47.422004699707 178 178 178
9.500000000000 17.445312500000 47.394004821777 70 70 70
9.250000000000 10.250000000000 47.383003234863 107 107 107
9.250000000000 10.250000000000 47.414009094238 136 136 136
9.234375000000 10.242187500000 47.446006774902 119 119 119
9.281250000000 10.265625000000 47.497001647949 129 129 129
9.281250000000 10.273437500000 47.532005310059 131 131 131
9.281250000000 10.265625000000 47.565010070801 128 128 128
9.250000000000 10.250000000000 47.588005065918 117 117 117
9.265625000000 10.585937500000 47.370002746582 120 120 120
9.250000000000 10.578125000000 47.402000427246 168 168 168
9.250000000000 10.562500000000 47.431999206543 131 131 131
9.234375000000 10.554687500000 47.463996887207 110 110 110
9.218750000000 10.570312500000 47.497001647949 121 121 121
9.218750000000 10.570312500000 47.532997131348 115 115 115
9.250000000000 10.562500000000 47.571006774902 112 112 112
9.218750000000 10.562500000000 47.597999572754 75 75 75
9.437500000000 10.984375000000 46.624000549316 193 193 193
9.437500000000 10.976562500000 46.657005310059 192 192 192
9.406250000000 10.976562500000 46.691001892090 190 190 190
9.406250000000 10.968750000000 46.720008850098 185 185 185
9.312500000000 10.937500000000 47.090003967285 85 85 85
9.375000000000 10.953125000000 47.140007019043 59 59 59
9.281250000000 10.906250000000 47.353996276855 69 69 69
9.281250000000 10.914062500000 47.392005920410 177 177 177
9.265625000000 10.890625000000 47.418998718262 163 163 163
9.281250000000 11.234375000000 47.379997253418 164 164 164
9.281250000000 11.226562500000 47.411003112793 170 170 170
9.312500000000 11.562500000000 47.368003845215 155 155 155
9.312500000000 11.562500000000 47.403007507324 173 173 173
9.265625000000 11.851562500000 47.340003967285 225 225 225
9.312500000000 11.875000000000 47.390998840332 181 181 181
9.234375000000 11.835937500000 47.400001525879 206 206 206
9.312500000000 12.210937500000 47.336997985840 65 65 65
9.343750000000 12.210937500000 47.381004333496 164 164 164
9.312500000000 12.203125000000 47.405006408691 177 177 177
9.343750000000 12.546875000000 47.366004943848 198 198 198
9.328125000000 12.531250000000 47.396003723145 185 185 185
9.343750000000 12.859375000000 47.346000671387 171 171 171
9.343750000000 12.867187500000 47.383995056152 173 173 173
9.312500000000 13.164062500000 47.323005676270 218 218 218
9.375000000000 13.203125000000 47.375007629395 174 174 174
9.328125000000 13.179687500000 47.398002624512 125 125 125
9.359375000000 13.523437500000 47.325004577637 106 106 106
9.375000000000 13.515625000000 47.362007141113 174 174 174
9.343750000000 13.515625000000 47.388999938965 158 158 158
9.375000000000 13.843750000000 47.344001770020 157 157 157
9.359375000000 13.835937500000 47.375999450684 146 146 146
9.375000000000 14.156250000000 47.327995300293 228 228 228
9.375000000000 14.156250000000 47.362007141113 253 253 253
9.359375000000 14.164062500000 47.392997741699 226 226 226
9.406250000000 14.500000000000 47.353996276855 150 150 150
9.375000000000 14.492187500000 47.381996154785 153 153 153
9.406250000000 14.820312500000 47.338005065918 99 99 99
9.406250000000 14.820312500000 47.373008728027 169 169 169
9.390625000000 14.812500000000 47.403007507324 92 92 92
9.421875000000 15.148437500000 47.362007141113 165 165 165
9.406250000000 15.140625000000 47.392005920410 158 158 158
9.421875000000 15.468750000000 47.346000671387 96 96 96
9.437500000000 15.476562500000 47.385002136230 164 164 164
9.406250000000 15.460937500000 47.411003112793 87 87 87
9.437500000000 15.804687500000 47.368995666504 151 151 151
9.437500000000 15.804687500000 47.403999328613 161 161 161
9.437500000000 16.125000000000 47.357002258301 94 94 94
9.437500000000 16.132812500000 47.396003723145 165 165 165
9.421875000000 16.109375000000 47.420005798340 104 104 104
9.453125000000 16.445312500000 47.381996154785 166 166 166
9.437500000000 16.437500000000 47.415000915527 165 165 165
9.453125000000 16.757812500000 47.366996765137 77 77 77
9.468750000000 16.773437500000 47.405006408691 176 176 176
9.437500000000 16.773437500000 47.433998107910 118 118 118
9.468750000000 17.093750000000 47.358009338379 57 57 57
9.484375000000 17.109375000000 47.394996643066 15 15 15
9.484375000000 17.101562500000 47.427009582520 15 15 15
9.453125000000 17.093750000000 47.452003479004 6 6 6
9.484375000000 17.429687500000 47.411994934082 162 162 162
9.468750000000 17.414062500000 47.437995910645 145 145 145
9.281250000000 10.312500000000 47.599998474121 121 121 121
9.312500000000 10.281250000000 47.573997497559 126 126 126
9.312500000000 10.281250000000 47.541007995605 138 138 138
9.312500000000 10.281250000000 47.504997253418 132 132 132
9.250000000000 10.328125000000 47.448005676270 158 158 158
9.281250000000 10.312500000000 47.424003601074 135 135 135
9.281250000000 10.304687500000 47.390007019043 137 137 137
9.281250000000 10.625000000000 47.446006774902 99 99 99
9.312500000000 10.609375000000 47.418006896973 166 166 166
9.265625000000 10.632812500000 47.370002746582 196 196 196
9.187500000000 11.000000000000 47.433998107910 111 111 111
9.312500000000 10.929687500000 47.431999206543 158 158 158
9.312500000000 10.921875000000 47.401008605957 170 170 170
9.281250000000 10.953125000000 47.351997375488 116 116 116
9.187500000000 11.000000000000 47.290000915527 98 98 98
9.187500000000 11.015625000000 47.138999938965 143 143 143
9.250000000000 10.968750000000 46.715003967285 163 163 163
9.312500000000 11.250000000000 47.448005676270 21 21 21
9.328125000000 11.242187500000 47.418006896973 164 164 164
9.328125000000 11.242187500000 47.385002136230 160 160 160
9.312500000000 11.570312500000 47.433006286621 95 95 95
9.343750000000 11.546875000000 47.407005310059 166 166 166
9.328125000000 11.554687500000 47.366996765137 141 141 141
9.343750000000 11.875000000000 47.429008483887 186 186 186
9.343750000000 11.875000000000 47.394996643066 18 18 18
9.343750000000 11.875000000000 47.359001159668 9 9 9
9.343750000000 12.171875000000 47.411003112793 153 153 153
9.375000000000 12.171875000000 47.383003234863 162 162 162
9.343750000000 12.179687500000 47.343009948730 32 32 32
9.328125000000 12.515625000000 47.424995422363 19 19 19
9.375000000000 12.492187500000 47.399009704590 163 163 163
9.375000000000 12.492187500000 47.366004943848 156 156 156
9.343750000000 12.820312500000 47.411003112793 87 87 87
9.375000000000 12.796875000000 47.387001037598 169 169 169
9.375000000000 12.796875000000 47.349998474121 135 135 135
9.375000000000 13.132812500000 47.403007507324 133 133 133
9.406250000000 13.109375000000 47.377006530762 169 169 169
9.375000000000 13.117187500000 47.334999084473 110 110 110
9.359375000000 13.453125000000 47.416999816895 71 71 71
9.390625000000 13.414062500000 47.396003723145 17 17 17
9.406250000000 13.414062500000 47.368003845215 17 17 17
9.406250000000 13.414062500000 47.333000183105 17 17 17
9.359375000000 13.757812500000 47.403007507324 20 20 20
9.406250000000 13.742187500000 47.379005432129 155 155 155
9.406250000000 13.742187500000 47.347007751465 148 148 148
9.390625000000 13.750000000000 47.304008483887 110 110 110
9.406250000000 14.054687500000 47.394996643066 17 17 17
9.421875000000 14.046875000000 47.366004943848 17 17 17
9.437500000000 14.054687500000 47.333000183105 17 17 17
9.437500000000 14.359375000000 47.383003234863 158 158 158
9.406250000000 14.382812500000 47.343009948730 179 179 179
9.437500000000 14.679687500000 47.407005310059 17 17 17
9.437500000000 14.671875000000 47.375007629395 17 17 17
9.437500000000 14.671875000000 47.342002868652 17 17 17
9.437500000000 15.000000000000 47.394004821777 160 160 160
9.437500000000 14.984375000000 47.364006042480 162 162 162
9.437500000000 15.304687500000 47.415000915527 17 17 17
9.468750000000 15.296875000000 47.383995056152 16 16 16
9.468750000000 15.289062500000 47.351997375488 16 16 16
9.437500000000 15.640625000000 47.429008483887 25 25 25
9.437500000000 15.625000000000 47.399009704590 161 161 161
9.468750000000 15.617187500000 47.366004943848 131 131 131
9.437500000000 15.945312500000 47.448997497559 33 33 33
9.468750000000 15.937500000000 47.424003601074 16 16 16
9.484375000000 15.929687500000 47.392005920410 16 16 16
9.453125000000 15.945312500000 47.349998474121 255 255 255
9.468750000000 16.250000000000 47.411994934082 161 161 161
9.468750000000 16.250000000000 47.379997253418 138 138 138
9.468750000000 16.562500000000 47.437004089355 16 16 16
9.500000000000 16.554687500000 47.405006408691 16 16 16
9.500000000000 16.554687500000 47.371009826660 16 16 16
9.500000000000 16.867187500000 47.424995422363 165 165 165
9.468750000000 16.882812500000 47.388008117676 193 193 193
9.484375000000 17.195312500000 47.444007873535 169 169 169
9.515625000000 17.179687500000 47.418998718262 218 218 218
9.421875000000 17.546875000000 47.474006652832 17 17 17
9.531250000000 17.492187500000 47.472999572754 151 151 151
9.515625000000 17.492187500000 47.437995910645 145 145 145
9.500000000000 17.507812500000 47.401008605957 132 132 132
9.500000000000 17.507812500000 47.364997863770 150 150 150
9.500000000000 17.398437500000 47.420997619629 139 139 139
9.500000000000 17.406250000000 47.456001281738 168 168 168
9.515625000000 17.109375000000 47.407997131348 15 15 15
9.515625000000 17.101562500000 47.441001892090 15 15 15
9.500000000000 17.093750000000 47.468009948730 15 15 15
9.500000000000 16.796875000000 47.415000915527 146 146 146
9.484375000000 16.789062500000 47.446006774902 172 172 172
9.484375000000 16.507812500000 47.388999938965 16 16 16
9.500000000000 16.500000000000 47.427009582520 15 15 15
9.468750000000 16.500000000000 47.455009460449 16 16 16
9.453125000000 16.476562500000 47.478996276855 31 31 31
9.484375000000 16.195312500000 47.396995544434 124 124 124
9.484375000000 16.195312500000 47.431007385254 171 171 171
9.453125000000 16.179687500000 47.455009460449 51 51 51
9.468750000000 15.898437500000 47.377998352051 16 16 16
9.484375000000 15.906250000000 47.415000915527 16 16 16
9.468750000000 15.890625000000 47.444007873535 16 16 16
9.437500000000 15.875000000000 47.467002868652 26 26 26
9.468750000000 15.578125000000 47.394004821777 146 146 146
9.437500000000 15.578125000000 47.424003601074 161 161 161
9.468750000000 15.281250000000 47.375007629395 16 16 16
9.468750000000 15.289062500000 47.409996032715 16 16 16
9.437500000000 15.273437500000 47.437995910645 16 16 16
9.437500000000 14.968750000000 47.375999450684 135 135 135
9.437500000000 14.968750000000 47.411003112793 170 170 170
9.437500000000 14.960937500000 47.441001892090 61 61 61
9.437500000000 14.671875000000 47.349998474121 218 218 218
9.437500000000 14.687500000000 47.390998840332 16 16 16
9.437500000000 14.679687500000 47.422996520996 16 16 16
9.375000000000 14.656250000000 47.442008972168 63 63 63
9.437500000000 14.359375000000 47.368003845215 143 143 143
9.437500000000 14.359375000000 47.403007507324 160 160 160
9.406250000000 14.070312500000 47.353004455566 16 16 16
9.421875000000 14.070312500000 47.390007019043 16 16 16
9.406250000000 14.054687500000 47.418006896973 16 16 16
9.406250000000 13.750000000000 47.366004943848 137 137 137
9.406250000000 13.750000000000 47.401008605957 154 154 154
9.375000000000 13.742187500000 47.426002502441 76 76 76
9.390625000000 13.445312500000 47.338005065918 151 151 151
9.406250000000 13.460937500000 47.379005432129 17 17 17
9.406250000000 13.445312500000 47.409996032715 17 17 17
9.375000000000 13.437500000000 47.437004089355 203 203 203
9.390625000000 13.156250000000 47.353996276855 68 68 68
9.406250000000 13.156250000000 47.390007019043 170 170 170
9.375000000000 13.132812500000 47.416999816895 166 166 166
9.312500000000 12.812500000000 47.349998474121 226 226 226
9.406250000000 12.843750000000 47.407005310059 172 172 172
9.250000000000 12.781250000000 47.401008605957 18 18 18
9.187500000000 12.421875000000 47.284996032715 19 19 19
9.375000000000 12.546875000000 47.392005920410 17 17 17
9.375000000000 12.546875000000 47.426002502441 17 17 17
9.187500000000 12.437500000000 47.401008605957 19 19 19
9.359375000000 12.234375000000 47.399009704590 162 162 162
9.359375000000 12.226562500000 47.431999206543 164 164 164
9.187500000000 11.835937500000 47.319999694824 19 19 19
9.343750000000 11.937500000000 47.411994934082 168 168 168
9.312500000000 11.906250000000 47.430000305176 207 207 207
9.250000000000 11.578125000000 47.361000061035 18 18 18
9.343750000000 11.617187500000 47.424003601074 171 171 171
9.312500000000 11.601562500000 47.448997497559 130 130 130
9.328125000000 11.320312500000 47.407005310059 164 164 164
9.312500000000 11.304687500000 47.435997009277 167 167 167
9.421875000000 11.078125000000 46.741996765137 173 173 173
9.406250000000 11.070312500000 46.774009704590 166 166 166
9.406250000000 11.054687500000 46.802009582520 165 165 165
9.406250000000 11.070312500000 46.846000671387 160 160 160
9.406250000000 11.062500000000 46.879005432129 147 147 147
9.375000000000 11.054687500000 46.909996032715 141 141 141
9.375000000000 11.062500000000 46.948005676270 138 138 138
9.375000000000 11.054687500000 46.983009338379 146 146 146
9.375000000000 11.062500000000 47.019996643066 142 142 142
9.375000000000 11.062500000000 47.055000305176 141 141 141
9.375000000000 11.062500000000 47.090995788574 138 138 138
9.375000000000 11.062500000000 47.127998352051 131 131 131
9.375000000000 11.062500000000 47.163002014160 141 141 141
9.375000000000 11.062500000000 47.198997497559 142 142 142
9.406250000000 11.062500000000 47.236000061035 130 130 130
9.406250000000 11.062500000000 47.271003723145 131 131 131
9.375000000000 11.054687500000 47.303001403809 129 129 129
9.406250000000 11.062500000000 47.342002868652 137 137 137
9.375000000000 11.054687500000 47.373008728027 139 139 139
9.375000000000 11.054687500000 47.407005310059 136 136 136
9.406250000000 11.054687500000 47.444007873535 142 142 142
9.312500000000 11.015625000000 47.456001281738 141 141 141
9.218750000000 10.968750000000 47.465003967285 30 30 30
9.296875000000 10.710937500000 47.398002624512 134 134 134
9.296875000000 10.710937500000 47.431999206543 177 177 177
9.281250000000 10.695312500000 47.459999084473 122 122 122
9.281250000000 10.414062500000 47.407997131348 121 121 121
9.281250000000 10.414062500000 47.444007873535 137 137 137
9.281250000000 10.406250000000 47.478004455566 110 110 110
9.328125000000 10.429687500000 47.526008605957 123 123 123
9.343750000000 10.437500000000 47.562995910645 132 132 132
9.312500000000 10.414062500000 47.592002868652 124 124 124
9.312500000000 10.398437500000 47.620002746582 118 118 118
9.500000000000 17.406250000000 47.465995788574 160 160 160
9.500000000000 17.414062500000 47.437995910645 165 165 165
9.468750000000 17.117187500000 47.502998352051 37 37 37
9.500000000000 17.109375000000 47.478004455566 9 9 9
9.500000000000 17.125000000000 47.452003479004 9 9 9
9.515625000000 17.109375000000 47.424995422363 9 9 9
9.500000000000 17.109375000000 47.388999938965 125 125 125
9.484375000000 16.812500000000 47.459999084473 152 152 152
9.500000000000 16.820312500000 47.435997009277 174 174 174
9.500000000000 16.820312500000 47.405006408691 92 92 92
9.468750000000 16.523437500000 47.472007751465 244 244 244
9.468750000000 16.515625000000 47.446998596191 9 9 9
9.500000000000 16.515625000000 47.420997619629 9 9 9
9.500000000000 16.515625000000 47.392997741699 9 9 9
9.468750000000 16.218750000000 47.456001281738 129 129 129
9.468750000000 16.218750000000 47.429008483887 184 184 184
9.468750000000 16.218750000000 47.398002624512 120 120 120
9.437500000000 15.929687500000 47.461997985840 232 232 232
9.468750000000 15.914062500000 47.441001892090 10 10 10
9.468750000000 15.914062500000 47.411994934082 10 10 10
9.468750000000 15.921875000000 47.385002136230 219 219 219
9.437500000000 15.617187500000 47.446998596191 112 112 112
9.468750000000 15.617187500000 47.422996520996 181 181 181
9.437500000000 15.625000000000 47.390998840332 143 143 143
9.437500000000 15.328125000000 47.433998107910 156 156 156
9.468750000000 15.320312500000 47.409996032715 181 181 181
9.468750000000 15.320312500000 47.379997253418 93 93 93
9.437500000000 15.031250000000 47.418998718262 166 166 166
9.453125000000 15.023437500000 47.394004821777 171 171 171
9.437500000000 15.023437500000 47.361000061035 30 30 30
9.421875000000 14.726562500000 47.431007385254 175 175 175
9.437500000000 14.726562500000 47.403999328613 216 216 216
9.421875000000 14.726562500000 47.371009826660 169 169 169
9.390625000000 14.437500000000 47.433006286621 40 40 40
9.406250000000 14.437500000000 47.411003112793 168 168 168
9.421875000000 14.429687500000 47.386009216309 161 161 161
9.390625000000 14.132812500000 47.446006774902 36 36 36
9.406250000000 14.125000000000 47.422004699707 10 10 10
9.421875000000 14.132812500000 47.396003723145 10 10 10
9.437500000000 14.132812500000 47.368003845215 10 10 10
9.390625000000 13.835937500000 47.405006408691 166 166 166
9.406250000000 13.835937500000 47.379005432129 175 175 175
9.406250000000 13.835937500000 47.349006652832 36 36 36
9.375000000000 13.539062500000 47.422004699707 153 153 153
9.406250000000 13.539062500000 47.398002624512 187 187 187
9.406250000000 13.531250000000 47.362998962402 154 154 154
9.375000000000 13.250000000000 47.433998107910 125 125 125
9.390625000000 13.242187500000 47.409004211426 193 193 193
9.406250000000 13.234375000000 47.381004333496 155 155 155
9.343750000000 12.937500000000 47.442008972168 104 104 104
9.375000000000 12.937500000000 47.416999816895 184 184 184
9.390625000000 12.929687500000 47.390007019043 169 169 169
9.343750000000 12.648437500000 47.452003479004 8 8 8
9.375000000000 12.648437500000 47.427009582520 10 10 10
9.375000000000 12.648437500000 47.398002624512 11 11 11
9.390625000000 12.632812500000 47.370002746582 209 209 209
9.359375000000 12.343750000000 47.435997009277 169 169 169
9.375000000000 12.343750000000 47.409004211426 179 179 179
9.375000000000 12.343750000000 47.379005432129 103 103 103
9.343750000000 12.046875000000 47.444007873535 159 159 159
9.359375000000 12.054687500000 47.420997619629 186 186 186
9.343750000000 12.054687500000 47.388999938965 126 126 126
9.343750000000 11.750000000000 47.457008361816 11 11 11
9.343750000000 11.757812500000 47.429008483887 11 11 11
9.359375000000 11.742187500000 47.402000427246 11 11 11
9.359375000000 11.742187500000 47.371009826660 210 210 210
9.312500000000 11.453125000000 47.459999084473 97 97 97
9.343750000000 11.445312500000 47.441001892090 174 174 174
9.343750000000 11.453125000000 47.409996032715 174 174 174
9.312500000000 11.453125000000 47.372001647949 25 25 25
9.312500000000 11.148437500000 47.448005676270 172 172 172
9.312500000000 11.156250000000 47.420005798340 182 182 182
9.312500000000 11.148437500000 47.388008117676 105 105 105
9.281250000000 10.859375000000 47.456001281738 163 163 163
9.312500000000 10.859375000000 47.429008483887 187 187 187
9.281250000000 10.859375000000 47.394004821777 155 155 155
9.250000000000 10.554687500000 47.456001281738 190 190 190
9.312500000000 10.554687500000 47.441001892090 181 181 181
9.296875000000 10.554687500000 47.405006408691 159 159 159
9.250000000000 10.554687500000 47.366996765137 102 102 102
9.281250000000 10.265625000000 47.625999450684 115 115 115
9.312500000000 10.257812500000 47.603996276855 135 135 135
9.312500000000 10.265625000000 47.575996398926 148 148 148
9.328125000000 10.257812500000 47.547004699707 146 146 146
9.312500000000 10.265625000000 47.515998840332 127 127 127
9.265625000000 10.257812500000 47.471000671387 80 80 80
9.281250000000 10.257812500000 47.444999694824 146 146 146
9.281250000000 10.257812500000 47.415000915527 125 125 125
9.515625000000 17.562500000000 47.452995300293 164 164 164
9.437500000000 17.304687500000 47.455009460449 203 203 203
9.500000000000 17.273437500000 47.439002990723 160 160 160
9.468750000000 16.992187500000 47.476005554199 63 63 63
9.500000000000 16.976562500000 47.452003479004 167 167 167
9.421875000000 17.015625000000 47.396003723145 238 238 238
9.468750000000 16.703125000000 47.454002380371 163 163 163
9.484375000000 16.687500000000 47.428001403809 162 162 162
9.468750000000 16.414062500000 47.459999084473 76 76 76
9.468750000000 16.398437500000 47.435005187988 167 167 167
9.468750000000 16.398437500000 47.396003723145 110 110 110
9.453125000000 16.117187500000 47.446998596191 125 125 125
9.468750000000 16.093750000000 47.422004699707 155 155 155
9.453125000000 16.117187500000 47.379005432129 54 54 54
9.468750000000 15.812500000000 47.440010070801 227 227 227
9.468750000000 15.804687500000 47.409004211426 173 173 173
9.437500000000 15.531250000000 47.450004577637 69 69 69
9.437500000000 15.515625000000 47.422996520996 163 163 163
9.437500000000 15.515625000000 47.386009216309 123 123 123
9.406250000000 15.242187500000 47.448997497559 145 145 145
9.453125000000 15.203125000000 47.433006286621 16 16 16
9.453125000000 15.203125000000 47.400001525879 16 16 16
9.421875000000 15.226562500000 47.355995178223 82 82 82
9.421875000000 14.937500000000 47.435997009277 100 100 100
9.437500000000 14.929687500000 47.405998229980 162 162 162
9.437500000000 14.929687500000 47.370002746582 92 92 92
9.375000000000 14.671875000000 47.441001892090 104 104 104
9.437500000000 14.632812500000 47.422004699707 17 17 17
9.437500000000 14.632812500000 47.388999938965 17 17 17
9.406250000000 14.640625000000 47.349006652832 174 174 174
9.406250000000 14.359375000000 47.429008483887 77 77 77
9.406250000000 14.343750000000 47.400001525879 163 163 163
9.406250000000 14.343750000000 47.364997863770 113 113 113
9.343750000000 14.093750000000 47.428001403809 123 123 123
9.406250000000 14.054687500000 47.411003112793 17 17 17
9.421875000000 14.046875000000 47.381996154785 17 17 17
9.375000000000 14.070312500000 47.331001281738 118 118 118
9.375000000000 13.765625000000 47.416007995605 139 139 139
9.406250000000 13.757812500000 47.387001037598 157 157 157
9.406250000000 13.757812500000 47.351005554199 101 101 101
9.375000000000 13.468750000000 47.431007385254 173 173 173
9.406250000000 13.453125000000 47.405006408691 17 17 17
9.421875000000 13.445312500000 47.373008728027 17 17 17
9.375000000000 13.187500000000 47.442008972168 44 44 44
9.375000000000 13.171875000000 47.413002014160 165 165 165
9.375000000000 13.171875000000 47.379997253418 156 156 156
9.375000000000 12.882812500000 47.426002502441 158 158 158
9.375000000000 12.882812500000 47.394004821777 158 158 158
9.328125000000 12.617187500000 47.457008361816 87 87 87
9.375000000000 12.578125000000 47.435997009277 17 17 17
9.375000000000 12.585937500000 47.403007507324 17 17 17
9.375000000000 12.578125000000 47.366996765137 17 17 17
9.343750000000 12.312500000000 47.437004089355 145 145 145
9.375000000000 12.289062500000 47.413002014160 161 161 161
9.343750000000 12.304687500000 47.372001647949 70 70 70
9.328125000000 12.000000000000 47.457008361816 73 73 73
9.359375000000 11.992187500000 47.431007385254 163 163 163
9.343750000000 12.000000000000 47.390998840332 136 136 136
9.281250000000 11.750000000000 47.463005065918 41 41 41
9.343750000000 11.718750000000 47.444007873535 18 18 18
9.343750000000 11.710937500000 47.413002014160 207 207 207
9.343750000000 11.718750000000 47.373008728027 125 125 125
9.062500000000 11.867187500000 47.249000549316 22 22 22
9.296875000000 11.445312500000 47.450996398926 146 146 146
9.328125000000 11.429687500000 47.424003601074 165 165 165
9.328125000000 11.429687500000 47.385002136230 82 82 82
9.296875000000 11.148437500000 47.458000183105 133 133 133
9.328125000000 11.132812500000 47.430000305176 169 169 169
9.312500000000 11.140625000000 47.392005920410 124 124 124
9.437500000000 11.062500000000 46.790000915527 176 176 176
9.437500000000 11.062500000000 46.715003967285 180 180 180
9.437500000000 11.054687500000 46.644996643066 184 184 184
9.312500000000 10.835937500000 47.444007873535 170 170 170
9.312500000000 10.851562500000 47.407005310059 159 159 159
9.281250000000 10.562500000000 47.564002990723 220 220 220
9.312500000000 10.546875000000 47.536003112793 150 150 150
9.250000000000 10.570312500000 47.448997497559 201 201 201
9.296875000000 10.554687500000 47.429008483887 162 162 162
9.234375000000 10.578125000000 47.375007629395 202 202 202
9.250000000000 10.562500000000 47.347999572754 22 22 22
9.281250000000 10.265625000000 47.622001647949 113 113 113
9.312500000000 10.242187500000 47.596000671387 127 127 127
9.312500000000 10.234375000000 47.564002990723 135 135 135
9.312500000000 10.242187500000 47.526008605957 133 133 133
9.156250000000 10.335937500000 47.444007873535 19 19 19
9.281250000000 10.265625000000 47.446006774902 140 140 140
9.250000000000 10.273437500000 47.403007507324 197 197 197
9.250000000000 10.273437500000 47.383995056152 127 127 127
9.250000000000 10.273437500000 47.418998718262 138 138 138
9.281250000000 10.289062500000 47.461006164551 89 89 89
9.312500000000 10.296875000000 47.504005432129 125 125 125
9.296875000000 10.312500000000 47.536994934082 134 134 134
9.281250000000 10.304687500000 47.568000793457 127 127 127
9.265625000000 10.281250000000 47.593009948730 122 122 122
9.281250000000 10.664062500000 47.375999450684 151 151 151
9.281250000000 10.664062500000 47.411994934082 170 170 170
9.250000000000 10.648437500000 47.437995910645 92 92 92
9.343750000000 11.078125000000 46.782005310059 184 184 184
9.343750000000 11.078125000000 46.821006774902 172 172 172
9.281250000000 11.039062500000 46.821998596191 168 168 168
9.203125000000 10.992187500000 46.830009460449 158 158 158
9.218750000000 11.000000000000 46.868995666504 155 155 155
9.203125000000 10.992187500000 46.903999328613 155 155 155
9.187500000000 11.000000000000 46.937995910645 151 151 151
9.187500000000 11.000000000000 46.976997375488 154 154 154
9.187500000000 11.000000000000 47.011009216309 151 151 151
9.187500000000 11.000000000000 47.049003601074 152 152 152
9.187500000000 11.000000000000 47.084007263184 147 147 147
9.218750000000 11.000000000000 47.125007629395 147 147 147
9.187500000000 11.000000000000 47.157997131348 146 146 146
9.187500000000 11.000000000000 47.194007873535 142 142 142
9.187500000000 11.000000000000 47.232002258301 139 139 139
9.187500000000 11.000000000000 47.269004821777 144 144 144
9.281250000000 11.039062500000 47.325004577637 137 137 137
9.281250000000 11.046875000000 47.364006042480 149 149 149
9.296875000000 11.054687500000 47.403999328613 177 177 177
9.250000000000 11.039062500000 47.427009582520 149 149 149
9.187500000000 10.992187500000 47.441001892090 126 126 126
9.312500000000 11.429687500000 47.392997741699 168 168 168
9.281250000000 11.429687500000 47.420005798340 157 157 157
9.312500000000 11.812500000000 47.343009948730 118 118 118
9.312500000000 11.820312500000 47.381996154785 219 219 219
9.312500000000 11.796875000000 47.409004211426 17 17 17
9.250000000000 11.781250000000 47.429008483887 114 114 114
9.328125000000 12.195312500000 47.368003845215 153 153 153
9.312500000000 12.195312500000 47.401008605957 167 167 167
9.312500000000 12.179687500000 47.431007385254 38 38 38
9.359375000000 12.593750000000 47.364997863770 17 17 17
9.343750000000 12.593750000000 47.394996643066 17 17 17
9.343750000000 12.578125000000 47.424995422363 17 17 17
9.328125000000 12.953125000000 47.342002868652 197 197 197
9.343750000000 12.976562500000 47.387001037598 170 170 170
9.187500000000 12.875000000000 47.364997863770 18 18 18
9.375000000000 13.359375000000 47.306007385254 27 27 27
9.390625000000 13.375000000000 47.347007751465 16 16 16
9.375000000000 13.367187500000 47.381004333496 16 16 16
9.359375000000 13.367187500000 47.407997131348 16 16 16
9.375000000000 13.734375000000 47.325996398926 90 90 90
9.375000000000 13.742187500000 47.362998962402 162 162 162
9.343750000000 13.734375000000 47.388999938965 143 143 143
9.375000000000 14.117187500000 47.347007751465 14 14 14
9.375000000000 14.117187500000 47.377998352051 16 16 16
9.343750000000 14.101562500000 47.403999328613 143 143 143
9.390625000000 14.507812500000 47.334007263184 71 71 71
9.390625000000 14.515625000000 47.371009826660 161 161 161
9.375000000000 14.492187500000 47.398002624512 116 116 116
9.437500000000 14.898437500000 47.364006042480 154 154 154
9.406250000000 14.898437500000 47.394996643066 160 160 160
9.421875000000 15.281250000000 47.351005554199 210 210 210
9.406250000000 15.273437500000 47.381996154785 5 5 5
9.406250000000 15.273437500000 47.415000915527 16 16 16
9.437500000000 15.664062500000 47.373008728027 148 148 148
9.421875000000 15.664062500000 47.403999328613 166 166 166
9.437500000000 16.039062500000 47.353004455566 25 25 25
9.437500000000 16.046875000000 47.390007019043 156 156 156
9.437500000000 16.039062500000 47.418998718262 139 139 139
9.468750000000 16.437500000000 47.377006530762 15 15 15
9.468750000000 16.437500000000 47.411994934082 15 15 15
9.437500000000 16.421875000000 47.437995910645 146 146 146
9.468750000000 16.820312500000 47.396995544434 159 159 159
9.468750000000 16.820312500000 47.430000305176 158 158 158
9.468750000000 17.203125000000 47.387001037598 100 100 100
9.468750000000 17.203125000000 47.420997619629 169 169 169
9.468750000000 17.187500000000 47.446998596191 113 113 113
9.484375000000 17.585937500000 47.403999328613 153 153 153
9.468750000000 17.578125000000 47.435005187988 160 160 160
9.250000000000 10.343750000000 47.368003845215 43 43 43
9.265625000000 10.343750000000 47.402000427246 149 149 149
9.250000000000 10.343750000000 47.427009582520 148 148 148
9.250000000000 10.351562500000 47.461997985840 124 124 124
9.281250000000 10.351562500000 47.499000549316 140 140 140
9.312500000000 10.343750000000 47.534004211426 150 150 150
9.296875000000 10.359375000000 47.560997009277 145 145 145
9.281250000000 10.351562500000 47.586997985840 132 132 132
9.250000000000 10.351562500000 47.610008239746 97 97 97
9.281250000000 10.726562500000 47.396003723145 175 175 175
9.265625000000 10.726562500000 47.422004699707 179 179 179
9.250000000000 10.726562500000 47.448997497559 49 49 49
9.406250000000 11.093750000000 46.797004699707 179 179 179
9.343750000000 11.093750000000 46.845008850098 182 182 182
9.359375000000 11.101562500000 46.881004333496 115 115 115
9.296875000000 11.101562500000 47.388008117676 175 175 175
9.296875000000 11.101562500000 47.418006896973 189 189 189
9.250000000000 11.109375000000 47.437995910645 117 117 117
9.312500000000 11.484375000000 47.375007629395 159 159 159
9.312500000000 11.476562500000 47.405998229980 186 186 186
9.265625000000 11.476562500000 47.424003601074 183 183 183
9.156250000000 11.859375000000 47.319999694824 12 12 12
9.328125000000 11.851562500000 47.396003723145 190 190 190
9.312500000000 11.851562500000 47.420997619629 165 165 165
9.312500000000 12.234375000000 47.351997375488 86 86 86
9.343750000000 12.234375000000 47.385002136230 190 190 190
9.328125000000 12.226562500000 47.413002014160 176 176 176
9.343750000000 12.617187500000 47.347007751465 10 10 10
9.359375000000 12.609375000000 47.381004333496 10 10 10
9.343750000000 12.617187500000 47.407005310059 10 10 10
9.296875000000 12.609375000000 47.424003601074 166 166 166
9.343750000000 12.984375000000 47.336006164551 43 43 43
9.359375000000 12.992187500000 47.371009826660 171 171 171
9.343750000000 12.984375000000 47.400001525879 177 177 177
9.328125000000 12.992187500000 47.422004699707 78 78 78
9.359375000000 13.367187500000 47.330009460449 10 10 10
9.375000000000 13.367187500000 47.364997863770 10 10 10
9.359375000000 13.367187500000 47.388999938965 10 10 10
9.343750000000 13.367187500000 47.416007995605 10 10 10
9.375000000000 13.742187500000 47.351997375488 152 152 152
9.375000000000 13.742187500000 47.381004333496 175 175 175
9.359375000000 13.742187500000 47.405998229980 103 103 103
9.375000000000 14.117187500000 47.338005065918 10 10 10
9.406250000000 14.109375000000 47.372001647949 10 10 10
9.375000000000 14.117187500000 47.396995544434 10 10 10
9.343750000000 14.109375000000 47.418006896973 30 30 30
9.406250000000 14.484375000000 47.357002258301 147 147 147
9.406250000000 14.484375000000 47.388008117676 177 177 177
9.375000000000 14.492187500000 47.411994934082 77 77 77
9.406250000000 14.867187500000 47.351005554199 96 96 96
9.406250000000 14.875000000000 47.379997253418 181 181 181
9.406250000000 14.859375000000 47.405006408691 151 151 151
9.406250000000 15.242187500000 47.336006164551 212 212 212
9.437500000000 15.250000000000 47.375007629395 10 10 10
9.421875000000 15.242187500000 47.403007507324 10 10 10
9.406250000000 15.242187500000 47.426002502441 10 10 10
9.437500000000 15.625000000000 47.364006042480 94 94 94
9.437500000000 15.617187500000 47.396995544434 176 176 176
9.421875000000 15.625000000000 47.418998718262 157 157 157
9.437500000000 15.992187500000 47.383003234863 150 150 150
9.437500000000 16.000000000000 47.411994934082 176 176 176
9.437500000000 16.000000000000 47.435997009277 86 86 86
9.437500000000 16.375000000000 47.368003845215 68 68 68
9.468750000000 16.375000000000 47.402000427246 191 191 191
9.437500000000 16.375000000000 47.428001403809 168 168 168
9.468750000000 16.750000000000 47.390998840332 146 146 146
9.468750000000 16.750000000000 47.418998718262 188 188 188
9.437500000000 16.750000000000 47.444999694824 121 121 121
9.468750000000 17.132812500000 47.381004333496 165 165 165
9.500000000000 17.125000000000 47.413002014160 234 234 234
9.468750000000 17.132812500000 47.439002990723 203 203 203
9.500000000000 17.515625000000 47.405998229980 116 116 116
9.500000000000 17.507812500000 47.433006286621 180 180 180
9.468750000000 17.507812500000 47.456001281738 113 113 113
9.187500000000 10.335937500000 47.597007751465 154 154 154
9.265625000000 10.296875000000 47.580009460449 131 131 131
9.281250000000 10.273437500000 47.552009582520 142 142 142
9.281250000000 10.281250000000 47.517997741699 138 138 138
9.265625000000 10.296875000000 47.474006652832 136 136 136
9.250000000000 10.312500000000 47.430000305176 145 145 145
9.250000000000 10.304687500000 47.400001525879 141 141 141
9.218750000000 10.687500000000 47.446006774902 37 37 37
9.250000000000 10.671875000000 47.422004699707 176 176 176
9.281250000000 10.664062500000 47.388999938965 172 172 172
9.281250000000 11.039062500000 47.441001892090 100 100 100
9.343750000000 11.000000000000 47.429008483887 159 159 159
9.359375000000 10.984375000000 47.399009704590 142 142 142
9.359375000000 10.984375000000 47.362007141113 159 159 159
9.359375000000 10.984375000000 47.329002380371 151 151 151
9.343750000000 11.000000000000 47.291999816895 153 153 153
9.343750000000 11.000000000000 47.256004333496 158 158 158
9.343750000000 11.000000000000 47.219001770020 156 156 156
9.359375000000 10.984375000000 47.187995910645 158 158 158
9.343750000000 11.000000000000 47.151008605957 161 161 161
9.343750000000 11.000000000000 47.112998962402 164 164 164
9.343750000000 11.000000000000 47.077995300293 159 159 159
9.343750000000 11.007812500000 47.043998718262 156 156 156
9.359375000000 10.992187500000 47.008003234863 159 159 159
9.343750000000 11.000000000000 46.967002868652 159 159 159
9.343750000000 11.007812500000 46.931999206543 159 159 159
9.343750000000 11.007812500000 46.894004821777 161 161 161
9.343750000000 11.015625000000 46.855995178223 163 163 163
9.343750000000 11.015625000000 46.819007873535 171 171 171
9.375000000000 11.000000000000 46.790000915527 176 176 176
9.375000000000 11.000000000000 46.756004333496 180 180 180
9.375000000000 11.000000000000 46.717002868652 184 184 184
9.375000000000 11.000000000000 46.690010070801 183 183 183
9.406250000000 10.984375000000 46.653999328613 187 187 187
9.406250000000 10.976562500000 46.623008728027 193 193 193
9.437500000000 10.960937500000 46.605003356934 201 201 201
9.265625000000 11.414062500000 47.428001403809 149 149 149
9.296875000000 11.398437500000 47.400001525879 180 180 180
9.296875000000 11.398437500000 47.366004943848 101 101 101
9.281250000000 11.781250000000 47.448997497559 95 95 95
9.296875000000 11.773437500000 47.422996520996 18 18 18
9.312500000000 11.765625000000 47.392005920410 17 17 17
9.312500000000 11.765625000000 47.355995178223 18 18 18
9.312500000000 12.140625000000 47.411994934082 169 169 169
9.312500000000 12.140625000000 47.377998352051 167 167 167
9.312500000000 12.515625000000 47.431007385254 213 213 213
9.328125000000 12.515625000000 47.403007507324 17 17 17
9.343750000000 12.500000000000 47.370002746582 17 17 17
9.328125000000 12.515625000000 47.334999084473 179 179 179
9.312500000000 12.890625000000 47.416999816895 118 118 118
9.343750000000 12.867187500000 47.392005920410 180 180 180
9.343750000000 12.875000000000 47.355003356934 141 141 141
9.343750000000 13.250000000000 47.405006408691 158 158 158
9.343750000000 13.250000000000 47.377006530762 181 181 181
9.375000000000 13.242187500000 47.343009948730 106 106 106
9.343750000000 13.617187500000 47.392997741699 174 174 174
9.375000000000 13.617187500000 47.364997863770 181 181 181
9.375000000000 13.617187500000 47.327995300293 72 72 72
9.312500000000 14.015625000000 47.403999328613 127 127 127
9.343750000000 14.000000000000 47.379997253418 17 17 17
9.375000000000 13.992187500000 47.347007751465 252 252 252
9.375000000000 14.367187500000 47.403007507324 131 131 131
9.375000000000 14.359375000000 47.373008728027 176 176 176
9.375000000000 14.359375000000 47.338005065918 77 77 77
9.390625000000 14.734375000000 47.392005920410 174 174 174
9.390625000000 14.734375000000 47.358009338379 160 160 160
9.390625000000 15.109375000000 47.411994934082 129 129 129
9.406250000000 15.093750000000 47.381004333496 173 173 173
9.406250000000 15.093750000000 47.347007751465 77 77 77
9.421875000000 15.468750000000 47.405006408691 173 173 173
9.421875000000 15.468750000000 47.372001647949 158 158 158
9.406250000000 15.843750000000 47.457008361816 47 47 47
9.421875000000 15.843750000000 47.428001403809 16 16 16
9.437500000000 15.835937500000 47.398002624512 16 16 16
9.437500000000 15.835937500000 47.364997863770 16 16 16
9.437500000000 16.210937500000 47.416999816895 169 169 169
9.437500000000 16.210937500000 47.387001037598 162 162 162
9.437500000000 16.585937500000 47.437004089355 141 141 141
9.468750000000 16.562500000000 47.409004211426 186 186 186
9.468750000000 16.562500000000 47.377006530762 77 77 77
9.437500000000 16.960937500000 47.452995300293 51 51 51
9.468750000000 16.945312500000 47.426002502441 187 187 187
9.406250000000 16.968750000000 47.377998352051 216 216 216
9.406250000000 17.351562500000 47.426002502441 211 211 211
9.468750000000 17.312500000000 47.413002014160 182 182 182
9.437500000000 17.335937500000 47.374000549316 39 39 39
9.437500000000 10.960937500000 46.625999450684 187 187 187
9.406250000000 10.960937500000 46.644004821777 186 186 186
9.390625000000 10.960937500000 46.672996520996 188 188 188
9.390625000000 10.953125000000 46.704002380371 186 186 186
9.421875000000 10.968750000000 46.748008728027 182 182 182
9.406250000000 10.953125000000 46.774009704590 181 181 181
9.390625000000 10.953125000000 46.803001403809 178 178 178
9.343750000000 10.960937500000 46.817008972168 170 170 170
9.343750000000 10.953125000000 46.844001770020 160 160 160
9.312500000000 10.953125000000 46.872001647949 164 164 164
9.312500000000 10.953125000000 46.902000427246 166 166 166
9.312500000000 10.953125000000 46.933006286621 157 157 157
9.312500000000 10.960937500000 46.959999084473 174 174 174
9.296875000000 10.953125000000 46.989006042480 164 164 164
9.296875000000 10.953125000000 47.021003723145 157 157 157
9.312500000000 10.960937500000 47.056999206543 171 171 171
9.375000000000 10.953125000000 47.114006042480 171 171 171
9.406250000000 10.945312500000 47.148002624512 167 167 167
9.312500000000 10.953125000000 47.155006408691 189 189 189
9.218750000000 10.953125000000 47.155998229980 216 216 216
9.187500000000 10.953125000000 47.174003601074 248 248 248
9.375000000000 10.945312500000 47.293998718262 41 41 41
9.375000000000 10.945312500000 47.325996398926 41 41 41
9.375000000000 10.945312500000 47.355995178223 34 34 34
9.359375000000 10.945312500000 47.381004333496 22 22 22
8.937500000000 11.734375000000 47.271995544434 20 20 20
9.562500000000 17.437500000000 47.379005432129 116 116 116
9.562500000000 17.437500000000 47.413002014160 121 121 121
9.531250000000 17.437500000000 47.442008972168 65 65 65
9.562500000000 17.437500000000 47.478004455566 44 44 44
9.437500000000 11.046875000000 46.681999206543 182 182 182
9.406250000000 11.023437500000 46.707008361816 170 170 170
9.406250000000 11.023437500000 46.743995666504 176 176 176
9.375000000000 11.007812500000 46.767005920410 170 170 170
9.375000000000 11.007812500000 46.803001403809 168 168 168
9.375000000000 11.007812500000 46.838005065918 163 163 163
9.375000000000 11.007812500000 46.877006530762 153 153 153
9.375000000000 11.007812500000 46.909996032715 157 157 157
9.375000000000 11.007812500000 46.948005676270 152 152 152
9.375000000000 11.007812500000 46.984001159668 152 152 152
9.375000000000 11.007812500000 47.019996643066 154 154 154
9.375000000000 11.007812500000 47.058006286621 155 155 155
9.375000000000 11.007812500000 47.092002868652 153 153 153
9.375000000000 11.000000000000 47.129005432129 156 156 156
9.375000000000 11.007812500000 47.161994934082 153 153 153
9.375000000000 11.000000000000 47.194007873535 152 152 152
9.375000000000 11.007812500000 47.232002258301 148 148 148
9.375000000000 11.000000000000 47.269004821777 148 148 148
9.375000000000 11.000000000000 47.303001403809 151 151 151
9.375000000000 11.000000000000 47.338005065918 152 152 152
9.375000000000 11.000000000000 47.373008728027 155 155 155
9.390625000000 11.007812500000 47.411003112793 137 137 137
9.375000000000 11.000000000000 47.441001892090 156 156 156
9.343750000000 10.968750000000 47.463005065918 35 35 35
