15.411672592163 6.871181964874 1.977000236511 83 83 83
15.396242141724 6.873636245728 2.030999183655 86 86 86
15.411672592163 6.871181964874 2.088999748230 83 83 83
15.411672592163 6.871181964874 2.141999244690 72 72 72
14.209462165833 6.872503280640 1.949000358582 154 154 154
14.224893569946 6.870048999786 2.019000053406 166 166 166
14.224893569946 6.870048999786 2.088000297546 174 174 174
14.224893569946 6.870048999786 2.155999183655 166 166 166
15.400442123413 6.999538898468 1.921999931335 149 149 149
15.400442123413 6.999538898468 1.978999137878 165 165 165
15.400442123413 6.999538898468 2.033999443054 163 163 163
15.400442123413 6.999538898468 2.089999198914 166 166 166
15.415872573853 6.997085571289 2.145998954773 161 161 161
15.261561393738 7.021623134613 2.165999412537 144 144 144
14.269770622253 7.052768707275 2.029000282288 171 171 171
14.285202980042 7.050314903259 2.096999168396 172 172 172
14.238908767700 7.057676315308 2.157999992371 172 172 172
15.373778343201 7.130349159241 1.915999412537 183 183 183
15.404640197754 7.125441551208 1.980999946594 160 160 160
15.435503959656 7.120533943176 2.043999671936 158 158 158
15.420071601868 7.122987747192 2.093998908997 170 170 170
15.404640197754 7.125441551208 2.145998954773 163 163 163
15.250329971313 7.149980068207 2.168000221252 148 148 148
14.273970603943 7.178671360016 2.030999183655 165 165 165
14.273970603943 7.178671360016 2.098999977112 170 170 170
14.227677345276 7.186032772064 2.158999443054 172 172 172
15.100219726563 7.300421714783 1.960999488831 206 206 206
15.131082534790 7.295514106750 2.026999473572 169 169 169
15.131082534790 7.295514106750 2.085000038147 169 169 169
15.131082534790 7.295514106750 2.144999504089 142 142 142
14.278171539307 7.304574489594 2.035000801086 173 173 173
14.262740135193 7.307027816772 2.099999427795 172 172 172
15.135281562805 7.421416759491 1.973999977112 133 133 133
15.135281562805 7.421416759491 2.030999183655 131 131 131
15.119850158691 7.423870563507 2.088000297546 167 167 167
15.135281562805 7.421416759491 2.147000312805 145 145 145
14.282369613647 7.430476665497 2.039999961853 158 158 158
14.282369613647 7.430476665497 2.108000755310 156 156 156
14.908015251160 7.584127426147 1.480999946594 131 131 131
14.908015251160 7.584127426147 1.545000076294 178 178 178
14.908015251160 7.584127426147 1.609000205994 179 179 179
14.908015251160 7.584127426147 1.672999382019 176 176 176
14.908015251160 7.584127426147 1.734000205994 176 176 176
14.908015251160 7.584127426147 1.797999382019 177 177 177
14.908015251160 7.584127426147 1.857999801636 179 179 179
14.938877105713 7.579219818115 1.926999092102 177 177 177
15.062325477600 7.559588432312 2.016999244690 155 155 155
15.062325477600 7.559588432312 2.075999259949 152 152 152
15.062325477600 7.559588432312 2.136000633240 152 152 152
14.923445701599 7.581673622131 2.164000511169 179 179 179
14.861721038818 7.591488838196 2.213999748230 114 114 114
14.543284416199 7.578841686249 2.220999717712 18 18 18
14.804196357727 7.727206707001 1.180999755859 153 153 153
14.804196357727 7.727206707001 1.250000000000 153 153 153
14.804196357727 7.727206707001 1.314000129700 153 153 153
14.804196357727 7.727206707001 1.381999969482 160 160 160
14.819626808167 7.724753379822 1.451000213623 166 166 166
14.896782875061 7.712484359741 1.543999671936 172 172 172
14.896782875061 7.712484359741 1.606999397278 191 191 191
14.912213325500 7.710030078888 1.672999382019 189 189 189
14.896782875061 7.712484359741 1.734999656677 192 192 192
14.912213325500 7.710030078888 1.797999382019 200 200 200
14.912213325500 7.710030078888 1.859999656677 214 214 214
14.896782875061 7.712484359741 1.921000480652 184 184 184
15.035663604736 7.690398693085 2.013998985291 171 171 171
15.035663604736 7.690398693085 2.071999549866 175 175 175
15.035663604736 7.690398693085 2.131999015808 171 171 171
14.912213325500 7.710030078888 2.164999961853 181 181 181
14.865921020508 7.717391490936 2.217000007629 131 131 131
14.900982856750 7.838387012482 1.543999671936 178 178 178
14.885550498962 7.840840339661 1.604999542236 178 178 178
14.900982856750 7.838387012482 1.668999671936 179 179 179
14.900982856750 7.838387012482 1.732999801636 178 178 178
14.900982856750 7.838387012482 1.796999931335 178 178 178
14.900982856750 7.838387012482 1.857999801636 177 177 177
14.900982856750 7.838387012482 1.921999931335 178 178 178
15.024431228638 7.818755149841 2.012000083923 167 167 167
15.039861679077 7.816301822662 2.074000358582 169 169 169
15.039861679077 7.816301822662 2.133000373840 164 164 164
14.900982856750 7.838387012482 2.164999961853 179 179 179
14.885550498962 7.840840339661 2.220999717712 152 152 152
14.592359542847 7.887464046478 2.228999137878 106 106 106
15.038448333740 8.006382942200 2.009999275208 163 163 163
15.038448333740 8.006382942200 2.070000648499 167 167 167
15.038448333740 8.006382942200 2.127999305725 168 168 168
14.401572227478 7.981089115143 2.065999031067 127 127 127
14.386140823364 7.983542919159 2.127999305725 159 159 159
15.027215957642 8.134739875793 2.005000114441 146 146 146
15.027215957642 8.134739875793 2.064999580383 170 170 170
15.042647361755 8.132286071777 2.126999855042 167 167 167
14.374909400940 8.111899375916 2.057999610901 198 198 198
14.390340805054 8.109445571899 2.126999855042 159 159 159
14.374909400940 8.111899375916 2.189000129700 42 42 42
15.015984535217 8.263095855713 2.002999305725 124 124 124
15.031415939331 8.260643005371 2.063000679016 167 167 167
15.015984535217 8.263095855713 2.120999336243 169 169 169
14.373494148254 8.301980972290 2.051999092102 148 148 148
14.388924598694 8.299527168274 2.123000144958 202 202 202
15.004752159119 8.391452789307 1.997000694275 72 72 72
15.004752159119 8.391452789307 2.057999610901 215 215 215
15.004752159119 8.391452789307 2.117999076843 215 215 215
14.896735191345 8.408631324768 2.155999183655 215 215 215
14.423987388611 8.420521736145 2.127999305725 174 174 174
14.993523597717 8.519809722900 2.056000709534 216 216 216
15.008954048157 8.517355918884 2.116999626160 218 218 218
14.366462707520 8.556241035461 2.049000740051 203 203 203
14.397324562073 8.551332473755 2.123000144958 217 217 217
14.997721672058 8.645712852478 2.056000709534 214 214 214
14.997721672058 8.645712852478 2.116000175476 217 217 217
14.920566558838 8.657982826233 2.161000251770 255 255 255
14.401525497437 8.677236557007 2.123999595642 218 218 218
14.370662689209 8.682143211365 2.185000419617 26 26 26
15.011736869812 8.833339691162 2.057999610901 217 217 217
14.996306419373 8.835794448853 2.116999626160 220 220 220
14.374861717224 8.808046340942 2.054999351501 205 205 205
14.390293121338 8.805592536926 2.123999595642 216 216 216
14.985074043274 8.964150428772 2.057000160217 219 219 219
15.000505447388 8.961696624756 2.119000434875 214 214 214
14.388877868652 8.995673179626 2.057000160217 203 203 203
14.404309272766 8.993219375610 2.127999305725 214 214 214
14.989275932312 9.090053558350 2.060000419617 219 219 219
14.989275932312 9.090053558350 2.119999885559 215 215 215
14.377646446228 9.124030113220 2.060000419617 207 207 207
14.408508300781 9.119121551514 2.131999015808 215 215 215
14.978043556213 9.218409538269 2.060000419617 216 216 216
14.993474960327 9.215955734253 2.119999885559 218 218 218
14.900888442993 9.230679512024 2.162999153137 255 255 255
14.397277832031 9.247478485107 2.133000373840 203 203 203
14.966812133789 9.346766471863 2.058999061584 217 217 217
14.982243537903 9.344312667847 2.119999885559 217 217 217
14.966812133789 9.346766471863 2.178999900818 183 183 183
14.416908264160 9.370927810669 2.136000633240 202 202 202
14.980826377869 9.534394264221 2.057999610901 216 216 216
14.971011161804 9.472669601440 2.116999626160 218 218 218
14.909287452698 9.482484817505 2.164999961853 255 255 255
14.421107292175 9.496829986572 2.136000633240 205 205 205
14.969596862793 9.662749290466 2.054999351501 217 217 217
14.985028266907 9.660296440125 2.116000175476 214 214 214
14.923303604126 9.670111656189 2.167000770569 239 239 239
14.419692039490 9.686911582947 2.133999824524 220 220 220
14.958365440369 9.791106224060 2.050999641418 215 215 215
14.958365440369 9.791106224060 2.110999107361 217 217 217
14.973795890808 9.788652420044 2.171999931335 215 215 215
14.423892021179 9.812813758850 2.133000373840 209 209 209
14.962564468384 9.917009353638 2.049000740051 214 214 214
14.962564468384 9.917009353638 2.109999656677 218 218 218
14.962564468384 9.917009353638 2.169999122620 215 215 215
14.428092002869 9.938716888428 2.131999015808 219 219 219
14.951333045959 10.045366287231 2.043999671936 210 210 210
14.951333045959 10.045366287231 2.105999946594 217 217 217
14.951333045959 10.045366287231 2.165999412537 216 216 216
14.432291984558 10.064619064331 2.131999015808 217 217 217
14.416859626770 10.067072868347 2.193999290466 43 43 43
14.940103530884 10.173721313477 2.042000770569 198 198 198
14.940103530884 10.173721313477 2.102999687195 215 215 215
14.940103530884 10.173721313477 2.162999153137 216 216 216
14.451922416687 10.188068389893 2.133000373840 215 215 215
14.405629158020 10.195429801941 2.190999031067 44 44 44
14.928871154785 10.302078247070 2.040999412537 196 196 196
14.944302558899 10.299624443054 2.102999687195 216 216 216
14.928871154785 10.302078247070 2.162999153137 215 215 215
14.456122398376 10.313970565796 2.136000633240 218 218 218
14.927455902100 10.492159843445 2.040999412537 187 187 187
14.927455902100 10.492159843445 2.102000236511 217 217 217
14.927455902100 10.492159843445 2.164000511169 215 215 215
14.470137596130 10.501598358154 2.138998985291 195 195 195
14.916223526001 10.620517730713 2.040999412537 181 181 181
14.916223526001 10.620517730713 2.102000236511 215 215 215
14.931653976440 10.618062973022 2.164000511169 215 215 215
14.458906173706 10.629954338074 2.140000343323 200 200 200
14.904994010925 10.748872756958 2.039000511169 177 177 177
14.904994010925 10.748872756958 2.101000785828 217 217 217
14.904994010925 10.748872756958 2.162999153137 219 219 219
14.478537559509 10.753402709961 2.144999504089 213 213 213
14.893761634827 10.877229690552 2.039000511169 158 158 158
14.893761634827 10.877229690552 2.102000236511 213 213 213
14.909193038940 10.874775886536 2.164000511169 215 215 215
14.467305183411 10.881759643555 2.147000312805 203 203 203
14.897961616516 11.003132820129 2.039999961853 119 119 119
14.897961616516 11.003132820129 2.101000785828 214 214 214
14.897961616516 11.003132820129 2.164000511169 214 214 214
14.471506118774 11.007661819458 2.147000312805 215 215 215
14.871298789978 11.133942604065 2.036000251770 20 20 20
14.871298789978 11.133942604065 2.098000526428 219 219 219
14.886729240417 11.131489753723 2.161000251770 218 218 218
14.485521316528 11.195289611816 2.148999214172 205 205 205
14.885315895081 11.321569442749 2.096999168396 216 216 216
14.885315895081 11.321569442749 2.160000801086 215 215 215
14.489721298218 11.321191787720 2.147999763489 204 204 204
14.874083518982 11.449926376343 2.095000267029 217 217 217
14.874083518982 11.449926376343 2.157000541687 216 216 216
14.509351730347 11.444641113281 2.151999473572 218 218 218
14.862851142883 11.578284263611 2.091000556946 219 219 219
14.862851142883 11.578284263611 2.154999732971 214 214 214
14.513552665710 11.570544242859 2.152998924255 197 197 197
14.851619720459 11.706641197205 2.089999198914 214 214 214
14.851619720459 11.706641197205 2.151999473572 215 215 215
14.517750740051 11.696447372437 2.152998924255 217 217 217
14.824956893921 11.837450981140 2.082999229431 217 217 217
14.824956893921 11.837450981140 2.147000312805 217 217 217
14.531765937805 11.884074211121 2.152998924255 197 197 197
14.813727378845 11.965807914734 2.081999778748 211 211 211
14.813727378845 11.965807914734 2.145998954773 216 216 216
14.535967826843 12.009977340698 2.154000282288 199 199 199
14.802495956421 12.094162940979 2.081999778748 212 212 212
14.802495956421 12.094162940979 2.147000312805 201 201 201
14.524735450745 12.138333320618 2.157000541687 197 197 197
14.816511154175 12.281790733337 2.086998939514 213 213 213
14.816511154175 12.281790733337 2.148999214172 209 209 209
14.528935432434 12.264236450195 2.161000251770 214 214 214
14.805278778076 12.410146713257 2.085999488831 212 212 212
14.805278778076 12.410146713257 2.150000572205 214 214 214
14.533135414124 12.390138626099 2.164000511169 216 216 216
14.778618812561 12.540958404541 2.085000038147 211 211 211
14.794049263000 12.538503646851 2.148999214172 212 212 212
14.547151565552 12.577765464783 2.165999412537 205 205 205
14.767386436462 12.669313430786 2.084000587463 211 211 211
14.782816886902 12.666860580444 2.148999214172 212 212 212
14.551351547241 12.703668594360 2.168000221252 203 203 203
14.756154060364 12.797670364380 2.081999778748 205 205 205
14.756154060364 12.797670364380 2.144000053406 199 199 199
14.540119171143 12.832024574280 2.168999671936 199 199 199
14.744922637939 12.926027297974 2.078999519348 212 212 212
14.744922637939 12.926027297974 2.141999244690 205 205 205
14.590611457825 12.950566291809 2.176999092102 178 178 178
14.544320106506 12.957927703857 2.235999107361 186 186 186
14.559749603271 12.955473899841 2.301999092102 183 183 183
14.743508338928 13.116109848022 2.074999809265 212 212 212
14.743508338928 13.116109848022 2.138998985291 208 208 208
14.533087730408 13.086285591125 2.167000770569 193 193 193
14.732276916504 13.244464874268 2.071000099182 206 206 206
14.732276916504 13.244464874268 2.134999275208 213 213 213
14.552719116211 13.209733963013 2.167000770569 191 191 191
14.721044540405 13.372821807861 2.071000099182 212 212 212
14.721044540405 13.372821807861 2.134999275208 205 205 205
14.566734313965 13.397360801697 2.169999122620 180 180 180
14.709813117981 13.501179695129 2.067000389099 212 212 212
14.709813117981 13.501179695129 2.131999015808 195 195 195
14.555501937866 13.525717735291 2.168000221252 185 185 185
14.698583602905 13.629535675049 2.067000389099 216 216 216
14.698583602905 13.629535675049 2.130999565125 218 218 218
14.559703826904 13.651619911194 2.169999122620 103 103 103
14.687352180481 13.757892608643 2.067000389099 216 216 216
14.687352180481 13.757892608643 2.131999015808 217 217 217
14.533041000366 13.782431602478 2.167000770569 42 42 42
14.685935020447 13.947973251343 2.067999839783 215 215 215
14.685935020447 13.947973251343 2.133000373840 217 217 217
14.659272193909 14.078783035278 2.067000389099 214 214 214
14.659272193909 14.078783035278 2.133000373840 217 217 217
14.663472175598 14.204686164856 2.068999290466 217 217 217
14.663472175598 14.204686164856 2.133999824524 218 218 218
14.652242660522 14.333044052124 2.067000389099 218 218 218
14.652242660522 14.333044052124 2.133000373840 218 218 218
14.641010284424 14.461400032043 2.065999031067 216 216 216
14.625579833984 14.463854789734 2.130000114441 216 216 216
14.645210266113 14.587303161621 2.064999580383 216 216 216
14.629778862000 14.589756011963 2.130999565125 216 216 216
14.633977890015 14.715659141541 2.063000679016 215 215 215
14.633977890015 14.715659141541 2.129000663757 215 215 215
14.632564544678 14.905739784241 2.061999320984 215 215 215
14.632564544678 14.905739784241 2.127999305725 212 212 212
14.590470314026 15.039004325867 1.290999412537 160 160 160
14.590470314026 15.039004325867 1.364000320435 155 155 155
14.559607505798 15.043912887573 1.425999641418 160 160 160
14.544176101685 15.046366691589 1.489999771118 177 177 177
14.590470314026 15.039004325867 1.572999954224 116 116 116
14.605900764465 15.036550521851 1.715999603271 24 24 24
14.636762619019 15.031642913818 2.060999870300 215 215 215
14.636762619019 15.031642913818 2.126000404358 217 217 217
14.640962600708 15.157546043396 2.061999320984 215 215 215
14.625532150269 15.159999847412 2.126999855042 219 219 219
14.629730224609 15.285902023315 2.061999320984 214 214 214
14.629730224609 15.285902023315 2.129000663757 214 214 214
14.603070259094 15.416712760925 2.058999061584 216 216 216
14.587638854980 15.419167518616 2.123000144958 189 189 189
14.591837882996 15.545069694519 2.061999320984 218 218 218
14.576407432556 15.547523498535 2.123999595642 157 157 157
14.605853080750 15.732697486877 2.063000679016 218 218 218
14.574990272522 15.737604141235 2.126000404358 79 79 79
14.594620704651 15.861053466797 2.064000129700 217 217 217
14.563759803772 15.865961074829 2.123999595642 51 51 51
14.583391189575 15.989409446716 2.063000679016 220 220 220
14.552528381348 15.994318008423 2.123000144958 23 23 23
14.587590217590 16.115312576294 2.064000129700 219 219 219
15.365380287170 6.878543853760 1.928999900818 114 114 114
15.365380287170 6.878543853760 1.994999885559 177 177 177
15.390626907349 6.937814712524 2.060000419617 167 167 167
15.390626907349 6.937814712524 2.123999595642 154 154 154
15.379394531250 7.066170692444 1.932000160217 141 141 141
15.379394531250 7.066170692444 1.997000694275 160 160 160
15.394824981689 7.063717365265 2.063000679016 166 166 166
15.379394531250 7.066170692444 2.126000404358 165 165 165
15.292423248291 7.016715526581 2.161999702454 105 105 105
15.383594512939 7.192073822021 1.935000419617 148 148 148
15.399024963379 7.189620018005 2.001999855042 147 147 147
15.399024963379 7.189620018005 2.065999031067 176 176 176
15.383594512939 7.192073822021 2.127999305725 172 172 172
15.296623229980 7.142618656158 2.164999961853 104 104 104
15.254530906677 7.275882720947 1.956999778748 109 109 109
15.254530906677 7.275882720947 2.022999763489 130 130 130
15.254530906677 7.275882720947 2.088000297546 151 151 151
15.254530906677 7.275882720947 2.152998924255 136 136 136
15.115651130676 7.297967910767 1.981999397278 127 127 127
15.100219726563 7.300421714783 2.043999671936 160 160 160
15.100219726563 7.300421714783 2.113999366760 155 155 155
15.104419708252 7.426324367523 1.977000236511 114 114 114
15.104419708252 7.426324367523 2.043999671936 141 141 141
15.104419708252 7.426324367523 2.109999656677 175 175 175
14.229093551636 6.995952129364 1.954998970032 135 135 135
14.259956359863 6.991044521332 2.042000770569 134 134 134
14.244524955750 6.993497848511 2.116000175476 149 149 149
14.157553672791 6.944042682648 2.178000450134 80 80 80
15.046894073486 7.562042236328 2.026000022888 185 185 185
15.046894073486 7.562042236328 2.093998908997 188 188 188
14.161753654480 7.069945335388 1.938000679016 112 112 112
14.248723983765 7.119400501251 2.039000511169 142 142 142
14.248723983765 7.119400501251 2.116999626160 150 150 150
14.161753654480 7.069945335388 2.176999092102 117 117 117
14.877152442932 7.589035034180 1.543999671936 186 186 186
14.877152442932 7.589035034180 1.616000175476 187 187 187
14.877152442932 7.589035034180 1.689000129700 187 187 187
14.877152442932 7.589035034180 1.762999534607 186 186 186
14.877152442932 7.589035034180 1.833999633789 187 187 187
14.877152442932 7.589035034180 1.902998924255 187 187 187
15.035663604736 7.690398693085 2.019000053406 148 148 148
15.010416030884 7.631128311157 2.082999229431 170 170 170
15.035663604736 7.690398693085 2.155999183655 157 157 157
14.877152442932 7.589035034180 2.185000419617 189 189 189
14.252923965454 7.245303630829 2.115000724792 152 152 152
14.191199302673 7.255118370056 2.181000709534 133 133 133
14.881351470947 7.714937686920 1.539999961853 184 184 184
14.881351470947 7.714937686920 1.614000320435 183 183 183
14.865921020508 7.717391490936 1.685999870300 187 187 187
14.881351470947 7.714937686920 1.758999824524 188 188 188
14.881351470947 7.714937686920 1.831999778748 180 180 180
14.881351470947 7.714937686920 1.904000282288 186 186 186
15.008999824524 7.821209430695 2.009999275208 139 139 139
15.024431228638 7.818755149841 2.081000328064 142 142 142
15.024431228638 7.818755149841 2.148999214172 146 146 146
14.881351470947 7.714937686920 2.183999061584 188 188 188
14.707409858704 7.616027355194 2.216000556946 100 100 100
14.021456718445 7.282111644745 2.140000343323 48 48 48
14.767717361450 7.796292781830 1.194000244141 163 163 163
14.767717361450 7.796292781830 1.270999908447 165 165 165
14.767717361450 7.796292781830 1.347000122070 160 160 160
14.767717361450 7.796292781830 1.422999382019 174 174 174
14.870120048523 7.843294620514 1.538999557495 188 188 188
14.885550498962 7.840840339661 1.614999771118 187 187 187
14.870120048523 7.843294620514 1.685999870300 186 186 186
14.885550498962 7.840840339661 1.760999679565 187 187 187
14.885550498962 7.840840339661 1.833999633789 187 187 187
14.870120048523 7.843294620514 1.901999473572 187 187 187
15.013201713562 7.947111606598 2.009999275208 152 152 152
15.013201713562 7.947111606598 2.078999519348 146 146 146
15.013201713562 7.947111606598 2.147999763489 149 149 149
14.885550498962 7.840840339661 2.185000419617 187 187 187
14.736855506897 7.801200389862 2.220000267029 97 97 97
14.858890533447 7.971650600433 1.532999992371 187 187 187
14.858890533447 7.971650600433 1.609000205994 181 181 181
14.858890533447 7.971650600433 1.680999755859 175 175 175
14.843459129333 7.974104881287 1.746999740601 175 175 175
14.843459129333 7.974104881287 1.819000244141 165 165 165
14.828027725220 7.976558208466 1.887000083923 154 154 154
15.001969337463 8.075469017029 2.009999275208 142 142 142
15.001969337463 8.075469017029 2.078999519348 158 158 158
15.017400741577 8.073016166687 2.148999214172 161 161 161
14.771919250488 7.922195434570 2.161000251770 147 147 147
14.725626945496 7.929557323456 2.220999717712 123 123 123
14.611992835999 8.010912895203 1.519999504089 164 164 164
14.611992835999 8.010912895203 1.597999572754 147 147 147
14.586746215820 7.951642513275 1.668999671936 149 149 149
14.571314811707 7.954095840454 1.743000030518 147 147 147
14.571314811707 7.954095840454 1.814999580383 149 149 149
14.990737915039 8.203825950623 2.008999824524 142 142 142
15.006169319153 8.201372146606 2.079998970032 156 156 156
14.990737915039 8.203825950623 2.147000312805 160 160 160
14.525021553040 7.961457729340 2.102000236511 137 137 137
14.484342575073 7.904640674591 2.171000480652 142 142 142
14.994936943054 8.329729080200 2.011000633240 138 138 138
14.994936943054 8.329729080200 2.078999519348 208 208 208
14.994936943054 8.329729080200 2.147999763489 206 206 206
14.370710372925 7.985996723175 2.068999290466 114 114 114
14.370710372925 7.985996723175 2.144999504089 134 134 134
14.999138832092 8.455631256104 2.012999534607 117 117 117
14.983708381653 8.458085060120 2.078999519348 200 200 200
14.983708381653 8.458085060120 2.147999763489 204 204 204
14.359478950500 8.114354133606 2.067999839783 119 119 119
14.374909400940 8.111899375916 2.150000572205 133 133 133
14.987906455994 8.583988189697 2.013998985291 129 129 129
14.972476005554 8.586441993713 2.078999519348 206 206 206
14.972476005554 8.586441993713 2.147999763489 207 207 207
14.373494148254 8.301980972290 2.072999000549 112 112 112
14.373494148254 8.301980972290 2.148999214172 142 142 142
14.976675987244 8.712345123291 2.008000373840 104 104 104
14.976675987244 8.712345123291 2.078000068665 203 203 203
14.976675987244 8.712345123291 2.145998954773 204 204 204
14.377694129944 8.427883148193 2.072999000549 191 191 191
14.362262725830 8.430337905884 2.147000312805 197 197 197
14.990689277649 8.899971961975 2.012000083923 47 47 47
14.965443611145 8.840702056885 2.075999259949 204 204 204
14.965443611145 8.840702056885 2.144999504089 205 205 205
14.366462707520 8.556241035461 2.067999839783 205 205 205
14.366462707520 8.556241035461 2.144999504089 197 197 197
14.969643592834 8.966604232788 2.072999000549 203 203 203
14.969643592834 8.966604232788 2.143000602722 208 208 208
14.370662689209 8.682143211365 2.067999839783 203 203 203
14.355231285095 8.684597015381 2.143000602722 197 197 197
14.968228340149 9.156685829163 2.071000099182 205 205 205
14.968228340149 9.156685829163 2.140000343323 204 204 204
14.359431266785 8.810500144958 2.067000389099 203 203 203
14.359431266785 8.810500144958 2.143000602722 198 198 198
14.956996917725 9.285042762756 2.067999839783 204 204 204
14.972428321838 9.282588005066 2.137999534607 206 206 206
14.363631248474 8.936403274536 2.067000389099 203 203 203
14.363631248474 8.936403274536 2.143000602722 197 197 197
14.961195945740 9.410943984985 2.068999290466 203 203 203
14.961195945740 9.410943984985 2.136000633240 207 207 207
14.367830276489 9.062305450439 2.067999839783 203 203 203
14.367830276489 9.062305450439 2.144000053406 198 198 198
14.949964523315 9.539300918579 2.067000389099 204 204 204
14.949964523315 9.539300918579 2.137000083923 206 206 206
14.372030258179 9.188208580017 2.068999290466 202 202 202
14.372030258179 9.188208580017 2.145998954773 201 201 201
14.954165458679 9.665204048157 2.067999839783 201 201 201
14.954165458679 9.665204048157 2.137999534607 204 204 204
14.432339668274 9.368473052979 2.085000038147 109 109 109
14.386045455933 9.375835418701 2.148999214172 196 196 196
14.942934036255 9.793560028076 2.067999839783 202 202 202
14.942934036255 9.793560028076 2.137999534607 202 202 202
14.390245437622 9.501738548279 2.077000617981 200 200 200
14.390245437622 9.501738548279 2.154000282288 198 198 198
14.931701660156 9.921916961670 2.070000648499 200 200 200
14.931701660156 9.921916961670 2.140999794006 205 205 205
14.379014015198 9.630093574524 2.079998970032 203 203 203
14.394446372986 9.627639770508 2.160000801086 202 202 202
14.920471191406 10.050272941589 2.070000648499 204 204 204
14.920471191406 10.050272941589 2.140000343323 203 203 203
14.398644447327 9.753542900085 2.085999488831 204 204 204
14.398644447327 9.753542900085 2.162999153137 201 201 201
14.909240722656 10.178630828857 2.068999290466 204 204 204
14.924672126770 10.176177024841 2.140999794006 204 204 204
14.412660598755 9.941169738770 2.088000297546 200 200 200
14.412660598755 9.941169738770 2.165999412537 201 201 201
14.913440704346 10.304533004761 2.068999290466 204 204 204
14.913440704346 10.304533004761 2.137999534607 206 206 206
14.416859626770 10.067072868347 2.091000556946 199 199 199
14.401428222656 10.069526672363 2.165999412537 199 199 199
14.902209281921 10.432889938354 2.064999580383 201 201 201
14.902209281921 10.432889938354 2.137000083923 196 196 196
14.436491012573 10.190521240234 2.093998908997 200 200 200
14.421060562134 10.192975044250 2.167000770569 200 200 200
14.890976905823 10.561245918274 2.061999320984 200 200 200
14.890976905823 10.561245918274 2.133000373840 197 197 197
14.440690994263 10.316424369812 2.095999717712 200 200 200
14.425260543823 10.318878173828 2.167000770569 201 201 201
14.879744529724 10.689602851868 2.056000709534 197 197 197
14.879744529724 10.689602851868 2.129000663757 203 203 203
14.833452224731 10.696964263916 2.185999870300 120 120 120
14.429459571838 10.444780349731 2.167000770569 194 194 194
14.883946418762 10.815505981445 2.054999351501 195 195 195
14.883946418762 10.815505981445 2.126999855042 206 206 206
14.443474769592 10.632408142090 2.093998908997 200 200 200
14.443474769592 10.632408142090 2.168999671936 199 199 199
14.857283592224 10.946315765381 2.050999641418 195 195 195
14.872714996338 10.943861961365 2.124999046326 206 206 206
14.447675704956 10.758310317993 2.168999671936 199 199 199
14.861483573914 11.072217941284 2.051999092102 193 193 193
14.861483573914 11.072217941284 2.124999046326 202 202 202
14.482737541199 10.879305839539 2.105999946594 200 200 200
14.436443328857 10.886667251587 2.171999931335 199 199 199
14.875498771667 11.259845733643 2.053999900818 190 190 190
14.860066413879 11.262299537659 2.124999046326 204 204 204
14.440644264221 11.012570381165 2.175999641418 199 199 199
14.848836898804 11.390656471252 2.053999900818 188 188 188
14.864268302917 11.388201713562 2.126999855042 204 204 204
14.705756187439 11.286838531494 2.164999961853 216 216 216
14.444843292236 11.138473510742 2.178999900818 198 198 198
14.853036880493 11.516559600830 2.053999900818 185 185 185
14.837605476379 11.519013404846 2.124999046326 205 205 205
14.766065597534 11.467104911804 2.178000450134 212 212 212
14.449043273926 11.264375686646 2.181000709534 197 197 197
14.841804504395 11.644915580750 2.056000709534 161 161 161
14.826374053955 11.647369384766 2.123000144958 205 205 205
14.739402770996 11.597914695740 2.175999641418 205 205 205
14.478489875793 11.449549674988 2.188000679016 191 191 191
14.830573081970 11.773272514343 2.053999900818 124 124 124
14.830573081970 11.773272514343 2.123999595642 203 203 203
14.799711227417 11.778180122375 2.190999031067 188 188 188
14.467258453369 11.577905654907 2.189000129700 167 167 167
14.803912162781 11.904083251953 2.117999076843 202 202 202
14.747801780701 11.849720001221 2.179999351501 207 207 207
14.471458435059 11.703807830811 2.190999031067 193 193 193
14.792680740356 12.032439231873 2.039999961853 44 44 44
14.792680740356 12.032439231873 2.115000724792 200 200 200
14.736572265625 11.978076934814 2.175999641418 204 204 204
14.475659370422 11.829710960388 2.190999031067 185 185 185
14.796879768372 12.158341407776 2.113999366760 196 196 196
14.740771293640 12.103979110718 2.175000190735 206 206 206
14.505104064941 12.014883995056 2.192999839783 135 135 135
14.785648345947 12.286698341370 2.109999656677 195 195 195
14.744970321655 12.229882240295 2.175000190735 203 203 203
14.493873596191 12.143240928650 2.190999031067 104 104 104
14.774416923523 12.415055274963 2.105999946594 196 196 196
14.733739852905 12.358238220215 2.171999931335 200 200 200
14.482642173767 12.271597862244 2.189000129700 98 98 98
14.763186454773 12.543411254883 2.105999946594 196 196 196
14.722509384155 12.486595153809 2.171000480652 200 200 200
14.486842155457 12.397500038147 2.190999031067 65 65 65
14.751955032349 12.671768188477 2.103999137878 196 196 196
14.711277961731 12.614951133728 2.167000770569 202 202 202
14.740722656250 12.800124168396 2.103999137878 199 199 199
14.709860801697 12.805032730103 2.169999122620 196 196 196
14.729492187500 12.928482055664 2.102000236511 196 196 196
14.698629379272 12.933389663696 2.168000221252 198 198 198
14.718261718750 13.056838035583 2.101000785828 196 196 196
14.671968460083 13.064200401306 2.165999412537 198 198 198
14.528888702393 12.960381507874 2.206999778748 186 186 186
14.528888702393 12.960381507874 2.285000801086 183 183 183
14.707030296326 13.185194969177 2.101000785828 196 196 196
14.660737037659 13.192556381226 2.164000511169 202 202 202
14.695797920227 13.313551902771 2.099999427795 197 197 197
14.639690399170 13.259188652039 2.161000251770 200 200 200
14.684567451477 13.441908836365 2.098000526428 196 196 196
14.638273239136 13.449270248413 2.160000801086 203 203 203
14.673335075378 13.570264816284 2.095000267029 196 196 196
14.627041816711 13.577626228333 2.157999992371 199 199 199
14.662105560303 13.698621749878 2.092000007629 199 199 199
14.631242752075 13.703529357910 2.154999732971 205 205 205
14.650873184204 13.826978683472 2.086998939514 201 201 201
14.635442733765 13.829431533813 2.157999992371 201 201 201
14.639642715454 13.955334663391 2.081999778748 202 202 202
14.624210357666 13.957788467407 2.154999732971 202 202 202
14.643840789795 14.081236839294 2.081000328064 203 203 203
14.628410339355 14.083691596985 2.152998924255 200 200 200
14.632610321045 14.209594726563 2.078000068665 202 202 202
14.617180824280 14.212048530579 2.151000022888 202 202 202
14.621379852295 14.337951660156 2.078999519348 200 200 200
14.590517997742 14.342859268188 2.147999763489 202 202 202
14.610148429871 14.466307640076 2.078000068665 201 201 201
14.594717979431 14.468761444092 2.147999763489 199 199 199
14.608732223511 14.656388282776 2.078999519348 200 200 200
14.568054199219 14.599572181702 2.147000312805 198 198 198
14.612931251526 14.782291412354 2.078999519348 201 201 201
14.572253227234 14.725475311279 2.148999214172 198 198 198
14.601701736450 14.910648345947 2.078999519348 201 201 201
14.561022758484 14.853831291199 2.147999763489 192 192 192
14.605900764465 15.036550521851 2.078999519348 202 202 202
14.575037956238 15.041458129883 2.147999763489 191 191 191
14.538560867310 15.110545158386 1.984999656677 29 29 29
14.610099792480 15.162453651428 2.078999519348 201 201 201
14.579237937927 15.167361259460 2.144999504089 196 196 196
14.598868370056 15.290810585022 2.074999809265 198 198 198
14.568007469177 15.295718193054 2.140999794006 198 198 198
14.572206497192 15.421621322632 2.065999031067 200 200 200
14.556776046753 15.424075126648 2.136000633240 154 154 154
14.576407432556 15.547523498535 2.063000679016 202 202 202
14.560976028442 15.549977302551 2.134999275208 111 111 111
14.565175056458 15.675879478455 2.061999320984 200 200 200
14.534313201904 15.680788040161 2.130999565125 58 58 58
14.569375991821 15.801782608032 2.061999320984 202 202 202
14.558144569397 15.930139541626 2.063000679016 201 201 201
14.572159767151 16.117767333984 2.065999031067 202 202 202
14.209462165833 6.872503280640 2.185000419617 120 120 120
14.209462165833 6.872503280640 2.106999397278 135 135 135
14.209462165833 6.872503280640 2.027998924255 136 136 136
14.244524955750 6.993497848511 2.192999839783 125 125 125
14.306249618530 6.983681678772 2.126999855042 146 146 146
14.306249618530 6.983681678772 2.049000740051 140 140 140
14.275387763977 6.988590240479 1.961998939514 123 123 123
14.248723983765 7.119400501251 2.192999839783 138 138 138
14.310448646545 7.109584808350 2.126999855042 150 150 150
14.310448646545 7.109584808350 2.049000740051 140 140 140
14.279585838318 7.114493370056 1.961998939514 122 122 122
14.299217224121 7.237941741943 2.126000404358 152 152 152
14.299217224121 7.237941741943 2.046999931335 151 151 151
14.313233375549 7.425569057465 2.126999855042 148 148 148
14.297801971436 7.428022861481 2.046999931335 150 150 150
14.338479042053 7.484839916229 2.138998985291 174 174 174
14.338479042053 7.484839916229 2.060000419617 171 171 171
15.159159660339 6.974622249603 2.188000679016 67 67 67
15.334517478943 6.883451938629 2.165999412537 136 136 136
15.365380287170 6.878543853760 2.109000205994 131 131 131
15.349947929382 6.880997657776 2.039999961853 138 138 138
15.349947929382 6.880997657776 1.977999687195 171 171 171
14.595192909241 7.507302284241 2.196000099182 154 154 154
14.626055717468 7.502394676208 2.126999855042 157 157 157
15.173174858093 7.162249088287 2.189999580383 88 88 88
15.369579315186 7.004446506500 2.176999092102 108 108 108
15.431303977966 6.994630336761 2.130999565125 164 164 164
15.431303977966 6.994630336761 2.067000389099 165 165 165
15.431303977966 6.994630336761 1.999999046326 155 155 155
15.431303977966 6.994630336761 1.936999320984 156 156 156
14.641486167908 7.499940395355 1.605999946594 150 150 150
14.641486167908 7.499940395355 1.526000022888 157 157 157
14.579761505127 7.509755611420 2.040999412537 128 128 128
14.743887901306 7.546941280365 2.230000495911 108 108 108
14.826659202576 7.470493793488 2.178999900818 164 164 164
14.842090606689 7.468040466309 2.112000465393 160 160 160
15.358347892761 7.132803440094 2.176999092102 114 114 114
15.435503959656 7.120533943176 2.131999015808 166 166 166
15.435503959656 7.120533943176 2.067000389099 163 163 163
15.435503959656 7.120533943176 2.005000114441 157 157 157
15.435503959656 7.120533943176 1.939000129700 162 162 162
14.857521057129 7.465586185455 1.678999900818 156 156 156
14.857521057129 7.465586185455 1.606999397278 158 158 158
14.857521057129 7.465586185455 1.534999847412 160 160 160
14.763519287109 7.670390129089 2.235999107361 111 111 111
14.938877105713 7.579219818115 2.203999519348 177 177 177
14.938877105713 7.579219818115 2.136000633240 182 182 182
15.166144371033 7.416509151459 2.124999046326 154 154 154
15.166144371033 7.416509151459 2.057999610901 148 148 148
15.150712966919 7.418962478638 1.987000465393 142 142 142
14.938877105713 7.579219818115 1.854999542236 176 176 176
14.938877105713 7.579219818115 1.781000137329 180 180 180
14.938877105713 7.579219818115 1.708000183105 178 178 178
14.923445701599 7.581673622131 1.632999420166 178 178 178
14.938877105713 7.579219818115 1.562000274658 176 176 176
14.825242996216 7.660574913025 1.446999549866 167 167 167
14.794381141663 7.665482521057 1.359999656677 153 153 153
14.809811592102 7.663028240204 1.288000106812 145 145 145
14.794381141663 7.665482521057 1.203999519348 149 149 149
14.783149719238 7.793838977814 2.238999366760 109 109 109
14.943076133728 7.705122470856 2.204998970032 179 179 179
15.087572097778 7.618858814240 2.171000480652 133 133 133
15.103003501892 7.616405487061 2.109000205994 117 117 117
15.103003501892 7.616405487061 2.037999153137 118 118 118
14.927644729614 7.707576751709 1.921000480652 183 183 183
14.927644729614 7.707576751709 1.848999977112 177 177 177
14.927644729614 7.707576751709 1.777999877930 186 186 186
14.927644729614 7.707576751709 1.704999923706 181 181 181
14.927644729614 7.707576751709 1.632999420166 181 181 181
14.943076133728 7.705122470856 1.560999870300 176 176 176
14.798580169678 7.791385173798 1.432000160217 145 145 145
14.783149719238 7.793838977814 1.348999977112 136 136 136
14.798580169678 7.791385173798 1.279000282288 124 124 124
14.798580169678 7.791385173798 1.201999664307 105 105 105
14.446450233459 8.163808822632 2.164000511169 141 141 141
14.931844711304 7.833478927612 2.203999519348 179 179 179
15.060909271240 7.749669075012 2.167000770569 145 145 145
15.076340675354 7.747215747833 2.098999977112 147 147 147
15.060909271240 7.749669075012 2.030999183655 141 141 141
14.931844711304 7.833478927612 1.921000480652 180 180 180
14.931844711304 7.833478927612 1.849999427795 177 177 177
14.931844711304 7.833478927612 1.779000282288 178 178 178
14.931844711304 7.833478927612 1.703999519348 177 177 177
14.931844711304 7.833478927612 1.633999824524 176 176 176
14.931844711304 7.833478927612 1.559000015259 179 179 179
14.419786453247 8.294618606567 2.157999992371 199 199 199
14.419786453247 8.294618606567 2.082999229431 198 198 198
15.065110206604 7.875572204590 2.165999412537 144 144 144
15.065110206604 7.875572204590 2.096999168396 139 139 139
15.065110206604 7.875572204590 2.027998924255 152 152 152
14.423987388611 8.420521736145 2.157000541687 176 176 176
14.454849243164 8.415615081787 2.086998939514 176 176 176
15.063694000244 8.065653800964 2.161999702454 148 148 148
15.063694000244 8.065653800964 2.092999458313 153 153 153
15.063694000244 8.065653800964 2.023999214172 140 140 140
14.422571182251 8.610603332520 2.155999183655 198 198 198
14.438001632690 8.608148574829 2.079998970032 218 218 218
15.052462577820 8.194010734558 2.158999443054 152 152 152
15.052462577820 8.194010734558 2.089999198914 153 153 153
15.052462577820 8.194010734558 2.022000312805 135 135 135
14.442202568054 8.734051704407 2.157999992371 195 195 195
14.426771163940 8.736505508423 2.078999519348 217 217 217
15.041231155396 8.322367668152 2.157000541687 214 214 214
15.041231155396 8.322367668152 2.086998939514 216 216 216
15.041231155396 8.322367668152 2.018000602722 136 136 136
14.430970191956 8.862409591675 2.155999183655 205 205 205
14.430970191956 8.862409591675 2.078999519348 219 219 219
15.030000686646 8.450723648071 2.154999732971 216 216 216
15.045432090759 8.448270797729 2.086998939514 212 212 212
15.030000686646 8.450723648071 2.016999244690 86 86 86
14.435171127319 8.988311767578 2.158999443054 199 199 199
14.435171127319 8.988311767578 2.081999778748 215 215 215
15.044015884399 8.638350486755 2.155999183655 216 216 216
15.028584480286 8.640804290771 2.085999488831 214 214 214
15.028584480286 8.640804290771 2.013998985291 57 57 57
14.439371109009 9.114214897156 2.162999153137 220 220 220
14.423939704895 9.116667747498 2.085000038147 219 219 219
15.032783508301 8.766707420349 2.155999183655 213 213 213
15.032783508301 8.766707420349 2.085999488831 213 213 213
15.001921653748 8.771615028381 2.012000083923 31 31 31
14.437954902649 9.304294586182 2.165999412537 210 210 210
14.453386306763 9.301841735840 2.089999198914 216 216 216
15.021553039551 8.895064353943 2.157999992371 214 214 214
15.021553039551 8.895064353943 2.086998939514 215 215 215
14.442154884338 9.430197715759 2.169999122620 197 197 197
14.473016738892 9.425291061401 2.098000526428 113 113 113
15.035568237305 9.082692146301 2.158999443054 215 215 215
15.035568237305 9.082692146301 2.089999198914 213 213 213
14.446354866028 9.556100845337 2.172999382019 216 216 216
14.461786270142 9.553646087646 2.096999168396 220 220 220
15.024337768555 9.211049079895 2.160000801086 217 217 217
15.024337768555 9.211049079895 2.088999748230 212 212 212
14.450553894043 9.682003021240 2.172999382019 217 217 217
14.450553894043 9.682003021240 2.096999168396 219 219 219
15.013105392456 9.339405059814 2.155999183655 212 212 212
15.013105392456 9.339405059814 2.088000297546 208 208 208
14.454754829407 9.807906150818 2.175000190735 220 220 220
14.470186233521 9.805452346802 2.098000526428 217 217 217
15.017305374146 9.465307235718 2.157000541687 216 216 216
15.001873970032 9.467761039734 2.086998939514 213 213 213
14.484199523926 9.993079185486 2.174000740051 219 219 219
14.484199523926 9.993079185486 2.096999168396 219 219 219
15.015890121460 9.655388832092 2.152998924255 215 215 215
15.000459671021 9.657842636108 2.081000328064 213 213 213
14.472970008850 10.121436119080 2.172999382019 216 216 216
14.488400459290 10.118981361389 2.096999168396 221 221 221
15.004658699036 9.783745765686 2.148999214172 213 213 213
14.989227294922 9.786198616028 2.078000068665 217 217 217
14.477169036865 10.247338294983 2.172999382019 215 215 215
14.492600440979 10.244884490967 2.096999168396 221 221 221
14.977995872498 9.914555549622 2.144999504089 212 212 212
14.993427276611 9.912100791931 2.075999259949 215 215 215
14.496800422668 10.370787620544 2.175000190735 199 199 199
14.481369018555 10.373241424561 2.096999168396 212 212 212
14.982195854187 10.040457725525 2.144000053406 214 214 214
14.997626304626 10.038003921509 2.075999259949 214 214 214
14.485569000244 10.499143600464 2.174000740051 183 183 183
14.789992332458 10.324163436890 2.171000480652 136 136 136
14.970965385437 10.168814659119 2.144000053406 211 211 211
14.980780601501 10.230539321899 2.072999000549 214 214 214
14.489768981934 10.625046730042 2.179999351501 216 216 216
14.520630836487 10.620139122009 2.106999397278 220 220 220
14.969548225403 10.358896255493 2.143000602722 212 212 212
14.969548225403 10.358896255493 2.070000648499 217 217 217
14.503784179688 10.812673568726 2.183999061584 217 217 217
14.488352775574 10.815127372742 2.103999137878 214 214 214
14.958317756653 10.487251281738 2.144999504089 213 213 213
14.958317756653 10.487251281738 2.074000358582 214 214 214
14.507984161377 10.938576698303 2.188000679016 214 214 214
14.507984161377 10.938576698303 2.109000205994 209 209 209
14.947085380554 10.615608215332 2.144000053406 211 211 211
14.956900596619 10.677332878113 2.071999549866 213 213 213
14.512183189392 11.064479827881 2.189999580383 210 210 210
14.527615547180 11.062025070190 2.116000175476 216 216 216
14.945671081543 10.805690765381 2.140999794006 214 214 214
14.945671081543 10.805690765381 2.071999549866 208 208 208
14.500951766968 11.192834854126 2.189999580383 213 213 213
14.547245025635 11.185474395752 2.122000694275 212 212 212
14.934439659119 10.934047698975 2.140999794006 212 212 212
14.934439659119 10.934047698975 2.070000648499 193 193 193
14.520584106445 11.316284179688 2.193999290466 211 211 211
14.825004577637 11.141304969788 2.186999320984 228 228 228
14.923208236694 11.062402725220 2.137999534607 211 211 211
14.923208236694 11.062402725220 2.067000389099 183 183 183
14.540214538574 11.439733505249 2.196999549866 191 191 191
14.844635963440 11.264753341675 2.192000389099 227 227 227
14.906360626221 11.254938125610 2.133000373840 215 215 215
14.921791076660 11.252484321594 2.063000679016 160 160 160
14.554229736328 11.627360343933 2.196000099182 199 199 199
14.895130157471 11.383294105530 2.200999259949 204 204 204
14.910561561584 11.380841255188 2.133000373840 214 214 214
14.895130157471 11.383294105530 2.054999351501 86 86 86
14.558429718018 11.753262519836 2.193999290466 198 198 198
14.899330139160 11.509197235107 2.199000358582 204 204 204
14.899330139160 11.509197235107 2.127999305725 206 206 206
14.868468284607 11.514104843140 2.049000740051 16 16 16
14.562627792358 11.879166603088 2.193999290466 199 199 199
14.888098716736 11.637553215027 2.195000648499 207 207 207
14.888098716736 11.637553215027 2.123999595642 207 207 207
14.566829681396 12.005068778992 2.193999290466 202 202 202
14.886681556702 11.827635765076 2.193999290466 211 211 211
14.886681556702 11.827635765076 2.122000694275 210 210 210
14.555597305298 12.133425712585 2.195000648499 192 192 192
14.844589233398 11.960899353027 2.185999870300 214 214 214
14.844589233398 11.960899353027 2.113999366760 213 213 213
14.559797286987 12.259328842163 2.196999549866 180 180 180
14.833358764648 12.089256286621 2.185999870300 207 207 207
14.833358764648 12.089256286621 2.112999916077 207 207 207
14.573812484741 12.446955680847 2.199999809265 163 163 163
14.831941604614 12.279336929321 2.185000419617 210 210 210
14.847373008728 12.276883125305 2.112999916077 204 204 204
14.578013420105 12.572857856750 2.203999519348 125 125 125
14.820709228516 12.407692909241 2.185999870300 208 208 208
14.836141586304 12.405240058899 2.113999366760 203 203 203
14.566781997681 12.701214790344 2.200999259949 91 91 91
14.809480667114 12.536049842834 2.182999610901 198 198 198
14.809480667114 12.536049842834 2.109999656677 202 202 202
14.565364837646 12.891295433044 2.202000617981 47 47 47
14.808063507080 12.726131439209 2.181000709534 209 209 209
14.808063507080 12.726131439209 2.108000755310 203 203 203
14.590611457825 12.950566291809 2.359999656677 92 92 92
14.584996223450 13.014743804932 2.282000541687 148 148 148
14.606042861938 12.948112487793 2.213000297546 133 133 133
14.781401634216 12.856941223145 2.175999641418 200 200 200
14.781401634216 12.856941223145 2.102000236511 207 207 207
14.573765754700 13.143100738525 2.200999259949 24 24 24
14.785599708557 12.982843399048 2.174000740051 208 208 208
14.770169258118 12.985297203064 2.098999977112 205 205 205
14.577965736389 13.269003868103 2.199999809265 26 26 26
14.768754005432 13.175379753113 2.168999671936 202 202 202
14.768754005432 13.175379753113 2.093998908997 209 209 209
14.566734313965 13.397360801697 2.196999549866 15 15 15
14.757523536682 13.303736686707 2.164000511169 207 207 207
14.772953987122 13.301282882690 2.092000007629 207 207 207
14.746291160583 13.432093620300 2.161000251770 212 212 212
14.730859756470 13.434547424316 2.085000038147 205 205 205
14.735059738159 13.560449600220 2.157000541687 197 197 197
14.735059738159 13.560449600220 2.084000587463 204 204 204
14.718214035034 13.752985000610 2.154000282288 203 203 203
14.718214035034 13.752985000610 2.078999519348 211 211 211
14.706982612610 13.881340980530 2.154999732971 209 209 209
14.706982612610 13.881340980530 2.078000068665 210 210 210
14.695750236511 14.009697914124 2.151999473572 212 212 212
14.695750236511 14.009697914124 2.075999259949 207 207 207
14.694334030151 14.199778556824 2.151999473572 215 215 215
14.694334030151 14.199778556824 2.077000617981 205 205 205
14.683104515076 14.328134536743 2.150000572205 211 211 211
14.683104515076 14.328134536743 2.075999259949 209 209 209
14.671872138977 14.456492424011 2.150000572205 210 210 210
14.671872138977 14.456492424011 2.074999809265 206 206 206
14.676072120667 14.582395553589 2.150000572205 213 213 213
14.685887336731 14.644119262695 2.072999000549 209 209 209
14.659226417542 14.774930000305 2.147000312805 214 214 214
14.674654960632 14.772476196289 2.074000358582 204 204 204
14.663426399231 14.900833129883 2.147999763489 208 208 208
14.678856849670 14.898379325867 2.071999549866 203 203 203
14.667625427246 15.026735305786 2.145998954773 215 215 215
14.667625427246 15.026735305786 2.068999290466 207 207 207
14.621332168579 15.034096717834 1.981999397278 112 112 112
14.615715980530 15.098275184631 1.901000022888 144 144 144
14.615715980530 15.098275184631 1.822999954224 140 140 140
14.615715980530 15.098275184631 1.743000030518 135 135 135
14.636762619019 15.031642913818 1.670999526978 129 129 129
14.631147384644 15.095821380615 1.588000297546 128 128 128
14.615715980530 15.098275184631 1.503000259399 104 104 104
14.656394004822 15.155091285706 2.144000053406 210 210 210
14.656394004822 15.155091285706 2.065999031067 205 205 205
14.654976844788 15.345172882080 2.143000602722 204 204 204
14.654976844788 15.345172882080 2.064999580383 194 194 194
14.628316879272 15.475983619690 2.136000633240 201 201 201
14.628316879272 15.475983619690 2.060000419617 196 196 196
14.617084503174 15.604340553284 2.136000633240 185 185 185
14.632515907288 15.601886749268 2.060000419617 209 209 209
14.615668296814 15.794421195984 2.137000083923 178 178 178
14.631099700928 15.791967391968 2.060999870300 210 210 210
14.635298728943 15.917870521545 2.140999794006 146 146 146
14.635298728943 15.917870521545 2.064000129700 210 210 210
14.639499664307 16.043771743774 2.143000602722 126 126 126
14.624069213867 16.046226501465 2.064999580383 209 209 209
14.546913146973 16.058494567871 2.171000480652 71 71 71
14.562344551086 16.056039810181 2.096999168396 209 209 209
14.558144569397 15.930139541626 2.174000740051 76 76 76
14.573575973511 15.927685737610 2.098999977112 210 210 210
14.523082733154 15.809144973755 2.165999412537 162 162 162
14.559559822083 15.740057945251 2.098000526428 212 212 212
14.555359840393 15.614155769348 2.098000526428 213 213 213
14.566592216492 15.485799789429 2.175000190735 149 149 149
14.566592216492 15.485799789429 2.098999977112 207 207 207
14.562391281128 15.359896659851 2.174000740051 177 177 177
14.568007469177 15.295718193054 2.098999977112 207 207 207
14.594669342041 15.164906501770 2.181000709534 204 204 204
14.594669342041 15.164906501770 2.106999397278 213 213 213
14.605900764465 15.036550521851 2.182000160217 201 201 201
14.605900764465 15.036550521851 2.105999946594 199 199 199
14.575037956238 15.041458129883 2.023999214172 94 94 94
14.559607505798 15.043912887573 1.942000389099 67 67 67
14.591885566711 14.848923683167 2.179999351501 197 197 197
14.591885566711 14.848923683167 2.102999687195 199 199 199
14.603116035461 14.720566749573 2.178999900818 211 211 211
14.603116035461 14.720566749573 2.102999687195 210 210 210
14.614347457886 14.592210769653 2.182000160217 210 210 210
14.614347457886 14.592210769653 2.105000495911 210 210 210
14.615764617920 14.402129173279 2.182000160217 210 210 210
14.615764617920 14.402129173279 2.105000495911 206 206 206
14.611564636230 14.276226997375 2.182000160217 208 208 208
14.626995086670 14.273773193359 2.106999397278 210 210 210
14.622795104980 14.147871017456 2.182000160217 210 210 210
14.622795104980 14.147871017456 2.108000755310 206 206 206
14.624210357666 13.957788467407 2.185999870300 209 209 209
14.624210357666 13.957788467407 2.110999107361 206 206 206
14.635442733765 13.829431533813 2.188000679016 207 207 207
14.635442733765 13.829431533813 2.112999916077 206 206 206
14.662105560303 13.698621749878 2.192000389099 204 204 204
14.662105560303 13.698621749878 2.116999626160 202 202 202
14.663519859314 13.508541107178 2.192999839783 195 195 195
14.678950309753 13.506086349487 2.120999336243 201 201 201
14.690182685852 13.377730369568 2.196999549866 203 203 203
14.674752235413 13.380183219910 2.120999336243 197 197 197
14.701414108276 13.249373435974 2.197999000549 205 205 205
14.701414108276 13.249373435974 2.123000144958 201 201 201
14.702830314636 13.059291839600 2.197999000549 205 205 205
14.702830314636 13.059291839600 2.123999595642 204 204 204
14.492410659790 13.029468536377 2.227000236511 15 15 15
14.714060783386 12.930934906006 2.200999259949 205 205 205
14.714060783386 12.930934906006 2.126000404358 203 203 203
14.534502983093 12.896203041077 2.387000083923 70 70 70
14.534502983093 12.896203041077 2.310999870300 132 132 132
14.534502983093 12.896203041077 2.237000465393 163 163 163
14.730907440186 12.738400459290 2.203999519348 194 194 194
14.730907440186 12.738400459290 2.130000114441 204 204 204
14.514872550964 12.772754669189 2.231999397278 84 84 84
14.726709365845 12.612497329712 2.204998970032 198 198 198
14.742139816284 12.610043525696 2.133000373840 197 197 197
14.516288757324 12.582673072815 2.233000755310 110 110 110
14.753371238708 12.481686592102 2.210000038147 206 206 206
14.768802642822 12.479233741760 2.138998985291 202 202 202
14.496657371521 12.459224700928 2.231999397278 71 71 71
14.754785537720 12.291606903076 2.213999748230 198 198 198
14.770216941833 12.289152145386 2.141999244690 200 200 200
14.492457389832 12.333321571350 2.230999946594 121 121 121
14.766017913818 12.163249969482 2.214999198914 206 206 206
14.766017913818 12.163249969482 2.141999244690 190 190 190
14.503688812256 12.204965591431 2.230999946594 132 132 132
14.777249336243 12.034893035889 2.217000007629 209 209 209
14.777249336243 12.034893035889 2.144999504089 192 192 192
14.484058380127 12.081516265869 2.228999137878 161 161 161
14.778664588928 11.844811439514 2.218998908997 211 211 211
14.778664588928 11.844811439514 2.147999763489 211 211 211
14.500905036926 11.888982772827 2.230000495911 181 181 181
14.820757865906 11.711547851563 2.224999427795 206 206 206
14.820757865906 11.711547851563 2.155999183655 210 210 210
14.496705055237 11.763079643250 2.227999687195 197 197 197
14.822174072266 11.521467208862 2.227000236511 201 201 201
14.837605476379 11.519013404846 2.157999992371 210 210 210
14.816558837891 11.585645675659 2.078000068665 45 45 45
14.477073669434 11.639630317688 2.224999427795 182 182 182
14.833406448364 11.393111228943 2.227000236511 202 202 202
14.833406448364 11.393111228943 2.157999992371 213 213 213
14.833406448364 11.393111228943 2.085000038147 104 104 104
14.478489875793 11.449549674988 2.224999427795 181 181 181
14.829204559326 11.267207145691 2.226000785828 200 200 200
14.844635963440 11.264753341675 2.158999443054 210 210 210
14.860066413879 11.262299537659 2.088999748230 148 148 148
14.474289894104 11.323646545410 2.223999977112 195 195 195
14.778712272644 11.148666381836 2.213999748230 225 225 225
14.861483573914 11.072217941284 2.162999153137 212 212 212
14.846052169800 11.074671745300 2.089999198914 176 176 176
14.454658508301 11.200198173523 2.218998908997 206 206 206
14.712788581848 11.032579421997 2.202000617981 224 224 224
14.872714996338 10.943861961365 2.164999961853 207 207 207
14.872714996338 10.943861961365 2.092000007629 190 190 190
14.450459480286 11.074294090271 2.217000007629 211 211 211
14.450459480286 11.074294090271 2.140999794006 204 204 204
14.883946418762 10.815505981445 2.167000770569 211 211 211
14.883946418762 10.815505981445 2.095000267029 198 198 198
14.436443328857 10.886667251587 2.217000007629 205 205 205
14.451874732971 10.884213447571 2.143000602722 213 213 213
14.885361671448 10.625424385071 2.168999671936 211 211 211
14.885361671448 10.625424385071 2.098000526428 210 210 210
14.432243347168 10.760765075684 2.216000556946 206 206 206
14.463106155396 10.755856513977 2.145998954773 212 212 212
14.896593093872 10.497067451477 2.171999931335 195 195 195
14.896593093872 10.497067451477 2.102000236511 212 212 212
14.443474769592 10.632408142090 2.217000007629 208 208 208
14.443474769592 10.632408142090 2.143000602722 216 216 216
14.907824516296 10.368710517883 2.175999641418 210 210 210
14.907824516296 10.368710517883 2.102999687195 210 210 210
14.423844337463 10.508958816528 2.213999748230 205 205 205
14.506615638733 10.432511329651 2.154999732971 99 99 99
14.909240722656 10.178630828857 2.175999641418 211 211 211
14.909240722656 10.178630828857 2.105999946594 212 212 212
14.435076713562 10.380602836609 2.213999748230 196 196 196
14.435076713562 10.380602836609 2.138998985291 188 188 188
14.920471191406 10.050272941589 2.176999092102 215 215 215
14.920471191406 10.050272941589 2.108000755310 210 210 210
14.405629158020 10.195429801941 2.211998939514 210 210 210
14.421060562134 10.192975044250 2.134999275208 216 216 216
14.931701660156 9.921916961670 2.179999351501 211 211 211
14.931701660156 9.921916961670 2.109000205994 211 211 211
14.416859626770 10.067072868347 2.210000038147 213 213 213
14.401428222656 10.069526672363 2.131999015808 218 218 218
14.933118820190 9.731836318970 2.182000160217 212 212 212
14.933118820190 9.731836318970 2.110999107361 213 213 213
14.412660598755 9.941169738770 2.207999229431 212 212 212
14.412660598755 9.941169738770 2.130999565125 211 211 211
14.944351196289 9.603479385376 2.181000709534 211 211 211
14.944351196289 9.603479385376 2.112000465393 212 212 212
14.408460617065 9.815267562866 2.206999778748 213 213 213
14.408460617065 9.815267562866 2.130000114441 214 214 214
14.955580711365 9.475122451782 2.182999610901 212 212 212
14.955580711365 9.475122451782 2.113999366760 213 213 213
14.394446372986 9.627639770508 2.203999519348 210 210 210
14.379014015198 9.630093574524 2.126999855042 216 216 216
14.941566467285 9.287495613098 2.183999061584 213 213 213
14.956996917725 9.285042762756 2.116000175476 196 196 196
14.390245437622 9.501738548279 2.203000068665 214 214 214
14.390245437622 9.501738548279 2.126000404358 215 215 215
14.952796936035 9.159139633179 2.185000419617 212 212 212
14.968228340149 9.156685829163 2.117999076843 211 211 211
14.386045455933 9.375835418701 2.203000068665 190 190 190
14.416908264160 9.370927810669 2.131999015808 100 100 100
14.964029312134 9.030782699585 2.188000679016 212 212 212
14.964029312134 9.030782699585 2.117999076843 212 212 212
14.948597908020 9.033236503601 2.044999122620 60 60 60
14.381846427917 9.249932289124 2.199999809265 210 210 210
14.381846427917 9.249932289124 2.123999595642 216 216 216
14.965443611145 8.840702056885 2.189000129700 213 213 213
14.965443611145 8.840702056885 2.120999336243 210 210 210
14.965443611145 8.840702056885 2.050000190735 112 112 112
14.367830276489 9.062305450439 2.202000617981 211 211 211
14.367830276489 9.062305450439 2.123000144958 215 215 215
14.976675987244 8.712345123291 2.189999580383 211 211 211
14.976675987244 8.712345123291 2.122000694275 210 210 210
14.976675987244 8.712345123291 2.053000450134 157 157 157
14.363631248474 8.936403274536 2.199999809265 197 197 197
14.363631248474 8.936403274536 2.123999595642 211 211 211
14.972476005554 8.586441993713 2.190999031067 214 214 214
14.972476005554 8.586441993713 2.122000694275 213 213 213
14.972476005554 8.586441993713 2.053000450134 177 177 177
14.374861717224 8.808046340942 2.199999809265 200 200 200
14.359431266785 8.810500144958 2.120999336243 215 215 215
14.973890304565 8.396361351013 2.192999839783 214 214 214
14.973890304565 8.396361351013 2.123999595642 211 211 211
14.973890304565 8.396361351013 2.054999351501 192 192 192
14.370662689209 8.682143211365 2.199999809265 201 201 201
14.355231285095 8.684597015381 2.120999336243 214 214 214
14.985121726990 8.268004417419 2.192999839783 210 210 210
14.985121726990 8.268004417419 2.124999046326 212 212 212
14.985121726990 8.268004417419 2.056000709534 199 199 199
14.356647491455 8.494516372681 2.199000358582 198 198 198
14.356647491455 8.494516372681 2.120999336243 214 214 214
14.996354103088 8.139647483826 2.196000099182 164 164 164
14.996354103088 8.139647483826 2.126999855042 143 143 143
14.996354103088 8.139647483826 2.057000160217 133 133 133
14.367877006531 8.366158485413 2.199000358582 185 185 185
14.383309364319 8.363705635071 2.126000404358 170 170 170
14.982338905334 7.952020645142 2.193999290466 154 154 154
14.997770309448 7.949566364288 2.129000663757 138 138 138
14.997770309448 7.949566364288 2.058999061584 139 139 139
14.348247528076 8.242710113525 2.195000648499 182 182 182
14.363678932190 8.240255355835 2.119000434875 131 131 131
15.008999824524 7.821209430695 2.197999000549 131 131 131
15.008999824524 7.821209430695 2.130999565125 121 121 121
15.008999824524 7.821209430695 2.060999870300 131 131 131
14.879937171936 7.905018806458 1.812000274658 19 19 19
14.864505767822 7.907472133636 1.737999916077 73 73 73
14.818213462830 7.914834022522 1.649000167847 187 187 187
14.818213462830 7.914834022522 1.576999664307 184 184 184
14.395956039429 8.045267105103 2.202000617981 111 111 111
14.875736236572 7.779116153717 2.235999107361 172 172 172
15.004800796509 7.695306301117 2.196999549866 125 125 125
15.020231246948 7.692852497101 2.130999565125 134 134 134
15.004800796509 7.695306301117 2.060999870300 127 127 127
14.860304832458 7.781569957733 1.950999259949 170 170 170
14.875736236572 7.779116153717 1.883999824524 176 176 176
14.860304832458 7.781569957733 1.807999610901 173 173 173
14.875736236572 7.779116153717 1.737999916077 165 165 165
14.875736236572 7.779116153717 1.664999961853 168 168 168
14.875736236572 7.779116153717 1.590999603271 153 153 153
14.680747985840 7.746838569641 2.261000633240 76 76 76
14.877152442932 7.589035034180 2.234000205994 168 168 168
14.892582893372 7.586581230164 2.168999671936 162 162 162
15.037078857422 7.500317573547 2.136000633240 120 120 120
15.021648406982 7.502771854401 2.065999031067 107 107 107
14.954307556152 7.576765537262 1.977000236511 143 143 143
14.877152442932 7.589035034180 1.881999015808 173 173 173
14.877152442932 7.589035034180 1.812000274658 170 170 170
14.877152442932 7.589035034180 1.737999916077 170 170 170
14.861721038818 7.591488838196 1.663999557495 172 172 172
14.861721038818 7.591488838196 1.590999603271 168 168 168
14.809811592102 7.663028240204 1.494999885559 139 139 139
14.763519287109 7.670390129089 1.404999732971 122 122 122
14.763519287109 7.670390129089 1.328999519348 119 119 119
14.763519287109 7.670390129089 1.246999740601 129 129 129
14.778949737549 7.667936325073 1.178999900818 127 127 127
14.661116600037 7.623389244080 2.256999015808 79 79 79
14.857521057129 7.465586185455 2.230000495911 169 169 169
14.888383865356 7.460678577423 2.165999412537 173 173 173
15.100219726563 7.300421714783 2.152998924255 142 142 142
15.373778343201 7.130349159241 2.157999992371 150 150 150
15.373778343201 7.130349159241 2.095999717712 162 162 162
15.373778343201 7.130349159241 2.032999992371 143 143 143
15.373778343201 7.130349159241 1.967999458313 151 151 151
14.872953414917 7.463132858276 1.739000320435 172 172 172
14.872953414917 7.463132858276 1.665999412537 171 171 171
14.872953414917 7.463132858276 1.592999458313 175 175 175
14.826659202576 7.470493793488 1.505999565125 143 143 143
14.697594642639 7.554302692413 1.378999710083 107 107 107
14.697594642639 7.554302692413 1.298999786377 107 107 107
14.682163238525 7.556756496429 1.217999458313 114 114 114
14.631670951843 7.438216209412 2.252999305725 99 99 99
14.708827018738 7.425946235657 2.195000648499 143 143 143
14.708827018738 7.425946235657 2.123999595642 140 140 140
15.302238464355 7.078440189362 2.202000617981 83 83 83
15.385009765625 7.001993179321 2.161000251770 158 158 158
15.385009765625 7.001993179321 2.096999168396 153 153 153
15.369579315186 7.004446506500 2.032999992371 141 141 141
15.369579315186 7.004446506500 1.967999458313 136 136 136
14.708827018738 7.425946235657 1.684000015259 145 145 145
14.708827018738 7.425946235657 1.609999656677 144 144 144
14.708827018738 7.425946235657 1.536000251770 143 143 143
14.323048591614 7.487293243408 2.188000679016 149 149 149
14.369340896606 7.479931354523 2.122000694275 156 156 156
14.431065559387 7.470115661621 2.057999610901 112 112 112
15.282608985901 6.954991340637 2.196999549866 83 83 83
15.380810737610 6.876090049744 2.160000801086 153 153 153
15.380810737610 6.876090049744 2.098000526428 163 163 163
15.365380287170 6.878543853760 2.030999183655 170 170 170
15.380810737610 6.876090049744 1.970000267029 146 146 146
14.446496963501 7.467662334442 1.598999977112 205 205 205
14.498407363892 7.396121978760 1.538999557495 115 115 115
14.266939163208 7.432930469513 2.174000740051 164 164 164
14.266939163208 7.432930469513 2.095999717712 161 161 161
14.266939163208 7.432930469513 2.016999244690 53 53 53
15.185822486877 6.843811511993 2.175999641418 114 114 114
15.185822486877 6.843811511993 2.109999656677 110 110 110
15.201253890991 6.841357707977 2.046000480652 117 117 117
15.201253890991 6.841357707977 1.980999946594 109 109 109
14.247308731079 7.309481620789 2.169999122620 130 130 130
14.247308731079 7.309481620789 2.091000556946 140 140 140
14.247308731079 7.309481620789 2.013998985291 34 34 34
14.233293533325 7.121854782104 2.171000480652 127 127 127
14.233293533325 7.121854782104 2.092999458313 128 128 128
14.217862129211 7.124308109283 2.011000633240 133 133 133
14.100029945374 7.079760551453 2.220000267029 40 40 40
14.244524955750 6.993497848511 2.169999122620 123 123 123
14.244524955750 6.993497848511 2.092999458313 139 139 139
14.213663101196 6.998405456543 2.006999015808 131 131 131
14.095829010010 6.953857898712 2.217999458313 38 38 38
14.209462165833 6.872503280640 2.161999702454 150 150 150
14.209462165833 6.872503280640 2.084000587463 133 133 133
14.209462165833 6.872503280640 2.005000114441 136 136 136
14.060767173767 6.832863330841 2.210000038147 73 73 73
14.060767173767 6.832863330841 2.130000114441 117 117 117
14.060767173767 6.832863330841 2.050000190735 111 111 111
14.552528381348 15.994318008423 2.091000556946 212 212 212
14.537096977234 15.996771812439 2.154999732971 95 95 95
14.563759803772 15.865961074829 2.092999458313 215 215 215
14.548329353333 15.868414878845 2.155999183655 94 94 94
14.559559822083 15.740057945251 2.093998908997 215 215 215
14.559559822083 15.740057945251 2.157999992371 93 93 93
14.570791244507 15.611701965332 2.095999717712 216 216 216
14.555359840393 15.614155769348 2.160000801086 113 113 113
14.556776046753 15.424075126648 2.095999717712 213 213 213
14.541344642639 15.426527976990 2.158999443054 154 154 154
14.568007469177 15.295718193054 2.098000526428 215 215 215
14.552576065063 15.298172950745 2.161000251770 182 182 182
14.594669342041 15.164906501770 2.101000785828 207 207 207
14.594669342041 15.164906501770 2.167000770569 204 204 204
14.559607505798 15.043912887573 2.026000022888 125 125 125
14.605900764465 15.036550521851 2.099999427795 202 202 202
14.605900764465 15.036550521851 2.167000770569 202 202 202
14.591885566711 14.848923683167 2.098999977112 214 214 214
14.591885566711 14.848923683167 2.164999961853 214 214 214
14.603116035461 14.720566749573 2.098000526428 208 208 208
14.603116035461 14.720566749573 2.164000511169 212 212 212
14.614347457886 14.592210769653 2.098999977112 211 211 211
14.598916053772 14.594664573669 2.162999153137 215 215 215
14.610148429871 14.466307640076 2.098000526428 211 211 211
14.610148429871 14.466307640076 2.162999153137 215 215 215
14.611564636230 14.276226997375 2.098999977112 213 213 213
14.611564636230 14.276226997375 2.164000511169 211 211 211
14.622795104980 14.147871017456 2.099999427795 216 216 216
14.622795104980 14.147871017456 2.165999412537 212 212 212
14.634025573730 14.019513130188 2.102999687195 211 211 211
14.634025573730 14.019513130188 2.168000221252 212 212 212
14.645257949829 13.891156196594 2.105999946594 211 211 211
14.645257949829 13.891156196594 2.171000480652 212 212 212
14.656489372253 13.762800216675 2.108000755310 211 211 211
14.656489372253 13.762800216675 2.172999382019 212 212 212
14.657903671265 13.572719573975 2.109999656677 215 215 215
14.657903671265 13.572719573975 2.174000740051 212 212 212
14.669136047363 13.444362640381 2.112999916077 208 208 208
14.669136047363 13.444362640381 2.175000190735 210 210 210
14.680367469788 13.316004753113 2.112000465393 197 197 197
14.695797920227 13.313551902771 2.178999900818 212 212 212
14.485379219055 13.283727645874 2.204998970032 50 50 50
14.691599845886 13.187648773193 2.112999916077 204 204 204
14.707030296326 13.185194969177 2.178999900818 208 208 208
14.512041091919 13.152916908264 2.207999229431 92 92 92
14.708444595337 12.995113372803 2.115000724792 210 210 210
14.708444595337 12.995113372803 2.178000450134 204 204 204
14.507841110229 13.027013778687 2.206000328064 142 142 142
14.719676971436 12.866757392883 2.113999366760 208 208 208
14.719676971436 12.866757392883 2.179999351501 208 208 208
14.565364837646 12.891295433044 2.213999748230 153 153 153
14.519072532654 12.898657798767 2.272999763489 175 175 175
14.534502983093 12.896203041077 2.339999198914 175 175 175
14.746339797974 12.735946655273 2.117999076843 206 206 206
14.730907440186 12.738400459290 2.179999351501 209 209 209
14.505057334900 12.711030006409 2.203999519348 187 187 187
14.757571220398 12.607589721680 2.119999885559 204 204 204
14.742139816284 12.610043525696 2.182999610901 208 208 208
14.500856399536 12.585127830505 2.203999519348 198 198 198
14.768802642822 12.479233741760 2.122000694275 208 208 208
14.768802642822 12.479233741760 2.185999870300 213 213 213
14.512088775635 12.456770896912 2.203999519348 198 198 198
14.770216941833 12.289152145386 2.124999046326 206 206 206
14.770216941833 12.289152145386 2.186999320984 209 209 209
14.507887840271 12.330867767334 2.202000617981 204 204 204
14.781449317932 12.160796165466 2.124999046326 208 208 208
14.781449317932 12.160796165466 2.188000679016 208 208 208
14.503688812256 12.204965591431 2.202000617981 207 207 207
14.792680740356 12.032439231873 2.126999855042 209 209 209
14.777249336243 12.034893035889 2.189000129700 191 191 191
14.505104064941 12.014883995056 2.203000068665 207 207 207
14.788481712341 11.906536102295 2.126000404358 210 210 210
14.788481712341 11.906536102295 2.189000129700 211 211 211
14.500905036926 11.888982772827 2.200999259949 216 216 216
14.820757865906 11.711547851563 2.131999015808 205 205 205
14.820757865906 11.711547851563 2.193999290466 207 207 207
14.496705055237 11.763079643250 2.197999000549 190 190 190
14.831989288330 11.583190917969 2.131999015808 198 198 198
14.831989288330 11.583190917969 2.195000648499 206 206 206
14.482689857483 11.575452804565 2.196999549866 197 197 197
14.843221664429 11.454835891724 2.071000099182 58 58 58
14.843221664429 11.454835891724 2.133000373840 202 202 202
14.843221664429 11.454835891724 2.196000099182 209 209 209
14.478489875793 11.449549674988 2.195000648499 201 201 201
14.839021682739 11.328931808472 2.068999290466 87 87 87
14.854453086853 11.326478004456 2.133999824524 210 210 210
14.854453086853 11.326478004456 2.195000648499 209 209 209
14.474289894104 11.323646545410 2.192000389099 190 190 190
14.850252151489 11.200574874878 2.071999549866 89 89 89
14.840436935425 11.138850212097 2.133000373840 213 213 213
14.855867385864 11.136396408081 2.196000099182 212 212 212
14.454658508301 11.200198173523 2.186999320984 203 203 203
14.867098808289 11.008039474487 2.074000358582 150 150 150
14.867098808289 11.008039474487 2.136000633240 206 206 206
14.867098808289 11.008039474487 2.197999000549 210 210 210
14.456074714661 11.010116577148 2.186999320984 213 213 213
14.878331184387 10.879684448242 2.075999259949 174 174 174
14.862899780273 10.882138252258 2.136000633240 212 212 212
14.878331184387 10.879684448242 2.197999000549 213 213 213
14.436443328857 10.886667251587 2.183999061584 210 210 210
14.874131202698 10.753781318665 2.077000617981 189 189 189
14.889562606812 10.751327514648 2.138998985291 210 210 210
14.889562606812 10.751327514648 2.199999809265 213 213 213
14.432243347168 10.760765075684 2.182999610901 217 217 217
14.900792121887 10.622970581055 2.078999519348 199 199 199
14.885361671448 10.625424385071 2.140000343323 211 211 211
14.900792121887 10.622970581055 2.202000617981 210 210 210
14.443474769592 10.632408142090 2.183999061584 211 211 211
14.886776924133 10.435343742371 2.079998970032 208 208 208
14.886776924133 10.435343742371 2.141999244690 211 211 211
14.886776924133 10.435343742371 2.202000617981 211 211 211
14.429459571838 10.444780349731 2.182000160217 176 176 176
14.898009300232 10.306986808777 2.081000328064 210 210 210
14.898009300232 10.306986808777 2.141999244690 213 213 213
14.898009300232 10.306986808777 2.202000617981 211 211 211
14.425260543823 10.318878173828 2.179999351501 202 202 202
14.909240722656 10.178630828857 2.084000587463 212 212 212
14.909240722656 10.178630828857 2.144000053406 213 213 213
14.909240722656 10.178630828857 2.203999519348 216 216 216
14.421060562134 10.192975044250 2.178000450134 212 212 212
14.920471191406 10.050272941589 2.084000587463 212 212 212
14.935901641846 10.047819137573 2.145998954773 212 212 212
14.905039787292 10.052727699280 2.202000617981 216 216 216
14.416859626770 10.067072868347 2.176999092102 213 213 213
14.921887397766 9.860192298889 2.085000038147 212 212 212
14.921887397766 9.860192298889 2.144999504089 212 212 212
14.906455993652 9.862646102905 2.202000617981 226 226 226
14.402845382690 9.879445075989 2.174000740051 215 215 215
14.917688369751 9.734290122986 2.082999229431 214 214 214
14.933118820190 9.731836318970 2.145998954773 211 211 211
14.902256965637 9.736742973328 2.197999000549 236 236 236
14.398644447327 9.753542900085 2.171999931335 203 203 203
14.944351196289 9.603479385376 2.085999488831 213 213 213
14.944351196289 9.603479385376 2.145998954773 212 212 212
14.898056983948 9.610840797424 2.196999549866 242 242 242
14.394446372986 9.627639770508 2.168999671936 214 214 214
14.955580711365 9.475122451782 2.085000038147 213 213 213
14.955580711365 9.475122451782 2.145998954773 213 213 213
14.893856048584 9.484937667847 2.193999290466 244 244 244
14.390245437622 9.501738548279 2.167000770569 209 209 209
14.941566467285 9.287495613098 2.085999488831 215 215 215
14.956996917725 9.285042762756 2.147999763489 210 210 210
14.941566467285 9.287495613098 2.204998970032 189 189 189
14.391661643982 9.311656951904 2.168000221252 201 201 201
14.952796936035 9.159139633179 2.088000297546 212 212 212
14.952796936035 9.159139633179 2.147999763489 212 212 212
14.860210418701 9.173861503601 2.190999031067 255 255 255
14.372030258179 9.188208580017 2.164999961853 195 195 195
14.964029312134 9.030782699585 2.089999198914 211 211 211
14.964029312134 9.030782699585 2.150000572205 211 211 211
14.383261680603 9.059851646423 2.101000785828 197 197 197
14.367830276489 9.062305450439 2.164000511169 207 207 207
14.959827423096 8.904880523682 2.089999198914 212 212 212
14.975258827209 8.902425765991 2.151000022888 212 212 212
14.363631248474 8.936403274536 2.095000267029 204 204 204
14.363631248474 8.936403274536 2.162999153137 209 209 209
14.971058845520 8.776523590088 2.092999458313 213 213 213
14.971058845520 8.776523590088 2.151999473572 211 211 211
14.334184646606 8.751230239868 2.093998908997 204 204 204
14.365046501160 8.746321678162 2.164999961853 213 213 213
14.972476005554 8.586441993713 2.032999992371 100 100 100
14.972476005554 8.586441993713 2.092999458313 211 211 211
14.972476005554 8.586441993713 2.154000282288 209 209 209
14.360845565796 8.620418548584 2.098000526428 210 210 210
14.360845565796 8.620418548584 2.164000511169 197 197 197
14.983708381653 8.458085060120 2.036999702454 126 126 126
14.983708381653 8.458085060120 2.093998908997 208 208 208
14.983708381653 8.458085060120 2.154999732971 213 213 213
14.372077941895 8.492062568665 2.099999427795 216 216 216
14.372077941895 8.492062568665 2.164000511169 198 198 198
14.994936943054 8.329729080200 2.036000251770 160 160 160
14.979506492615 8.332182884216 2.095000267029 210 210 210
14.994936943054 8.329729080200 2.154999732971 209 209 209
14.445033073425 8.353889465332 2.112000465393 169 169 169
14.367877006531 8.366158485413 2.164000511169 196 196 196
14.990737915039 8.203825950623 2.035000801086 144 144 144
14.990737915039 8.203825950623 2.095999717712 154 154 154
14.990737915039 8.203825950623 2.154000282288 153 153 153
14.857473373413 8.161732673645 2.189999580383 148 148 148
14.369294166565 8.176077842712 2.162999153137 156 156 156
14.992154121399 8.013744354248 2.036000251770 147 147 147
14.992154121399 8.013744354248 2.095999717712 162 162 162
14.992154121399 8.013744354248 2.154999732971 161 161 161
14.395956039429 8.045267105103 2.102000236511 130 130 130
14.365093231201 8.050175666809 2.161999702454 138 138 138
14.833643913269 7.912380218506 1.557999610901 176 176 176
14.833643913269 7.912380218506 1.625000000000 112 112 112
14.833643913269 7.912380218506 1.687999725342 29 29 29
15.003386497498 7.885386943817 2.037999153137 151 151 151
15.003386497498 7.885386943817 2.095999717712 163 163 163
15.003386497498 7.885386943817 2.155999183655 160 160 160
14.376325607300 7.921818256378 2.095999717712 189 189 189
14.360895156860 7.924272537231 2.161000251770 147 147 147
14.680747985840 7.746838569641 1.177000045776 117 117 117
14.603591918945 7.759107589722 1.217000007629 153 153 153
14.634453773499 7.754199504852 1.295999526978 117 117 117
14.634453773499 7.754199504852 1.366000175476 112 112 112
14.649885177612 7.751746177673 1.439000129700 151 151 151
14.875736236572 7.779116153717 1.571000099182 172 172 172
14.875736236572 7.779116153717 1.637000083923 172 172 172
14.875736236572 7.779116153717 1.697999954224 173 173 173
14.875736236572 7.779116153717 1.760999679565 173 173 173
14.875736236572 7.779116153717 1.821999549866 172 172 172
14.875736236572 7.779116153717 1.884999275208 172 172 172
14.875736236572 7.779116153717 1.946999549866 172 172 172
14.999184608459 7.759484767914 2.036999702454 154 154 154
14.999184608459 7.759484767914 2.095999717712 156 156 156
15.014616012573 7.757030963898 2.157000541687 158 158 158
14.891167640686 7.776661872864 2.190999031067 169 169 169
14.860304832458 7.781569957733 2.247000694275 139 139 139
14.557298660278 7.766469001770 2.258000373840 67 67 67
14.769134521484 7.606211662292 1.210000038147 140 140 140
14.769134521484 7.606211662292 1.274999618530 136 136 136
14.753704071045 7.608665466309 1.338999748230 134 134 134
14.769134521484 7.606211662292 1.407999992371 141 141 141
14.799996376038 7.601304054260 1.484999656677 156 156 156
14.871536254883 7.653213500977 1.571999549866 172 172 172
14.886967658997 7.650759696960 1.637000083923 176 176 176
14.861721038818 7.591488838196 1.696999549866 171 171 171
14.861721038818 7.591488838196 1.760999679565 171 171 171
14.877152442932 7.589035034180 1.824999809265 170 170 170
14.861721038818 7.591488838196 1.884999275208 169 169 169
14.877152442932 7.589035034180 1.947999000549 167 167 167
15.025847434998 7.628674507141 2.039999961853 139 139 139
14.994984626770 7.633582115173 2.095000267029 168 168 168
15.025847434998 7.628674507141 2.157999992371 153 153 153
14.877152442932 7.589035034180 2.190999031067 170 170 170
14.846290588379 7.593943119049 2.244999885559 109 109 109
14.537667274475 7.643020153046 2.252999305725 20 20 20
14.857521057129 7.465586185455 1.507999420166 132 132 132
14.872953414917 7.463132858276 1.572999954224 171 171 171
14.872953414917 7.463132858276 1.635999679565 170 170 170
14.872953414917 7.463132858276 1.698999404907 171 171 171
14.872953414917 7.463132858276 1.763999938965 171 171 171
14.872953414917 7.463132858276 1.822999954224 173 173 173
14.872953414917 7.463132858276 1.887000083923 171 171 171
14.919245719910 7.455770969391 1.960000038147 163 163 163
15.027263641357 7.438593387604 2.044999122620 135 135 135
15.042695045471 7.436139583588 2.105000495911 143 143 143
15.042695045471 7.436139583588 2.165999412537 139 139 139
14.888383865356 7.460678577423 2.192000389099 187 187 187
14.811228752136 7.472947597504 2.240000724792 81 81 81
15.084788322449 7.302875518799 1.999999046326 161 161 161
15.100219726563 7.300421714783 2.060000419617 158 158 158
15.100219726563 7.300421714783 2.119999885559 159 159 159
15.100219726563 7.300421714783 2.175000190735 135 135 135
14.241692543030 7.373659610748 2.071999549866 158 158 158
14.257123947144 7.371206283569 2.140999794006 155 155 155
15.306438446045 7.204342842102 1.994999885559 34 34 34
15.157743453979 7.164703845978 2.015000343323 130 130 130
15.157743453979 7.164703845978 2.074999809265 133 133 133
15.173174858093 7.162249088287 2.133000373840 142 142 142
15.065155982971 7.179426670074 2.171000480652 147 147 147
14.243108749390 7.183578968048 2.074000358582 165 165 165
14.243108749390 7.183578968048 2.140999794006 159 159 159
15.369579315186 7.004446506500 1.957999229431 160 160 160
15.369579315186 7.004446506500 2.013998985291 147 147 147
15.369579315186 7.004446506500 2.068999290466 157 157 157
15.369579315186 7.004446506500 2.123000144958 159 159 159
15.369579315186 7.004446506500 2.175999641418 129 129 129
15.184405326843 7.033892631531 2.192999839783 115 115 115
14.254340171814 7.055222511292 2.074000358582 160 160 160
14.254340171814 7.055222511292 2.141999244690 159 159 159
14.192616462708 7.065037727356 2.200999259949 137 137 137
15.365380287170 6.878543853760 1.956999778748 159 159 159
15.365380287170 6.878543853760 2.012999534607 164 164 164
15.380810737610 6.876090049744 2.071000099182 158 158 158
15.380810737610 6.876090049744 2.124999046326 159 159 159
15.380810737610 6.876090049744 2.178999900818 132 132 132
15.164774894714 6.910443782806 2.189000129700 118 118 118
14.250140190125 6.929319858551 2.074000358582 162 162 162
14.234707832336 6.931773662567 2.140000343323 164 164 164
14.203845977783 6.936681270599 2.202000617981 128 128 128
14.066382408142 6.768684864044 2.109999656677 15 15 15
14.050951957703 6.771138191223 2.178999900818 16 16 16
14.562344551086 16.056039810181 2.108000755310 202 202 202
14.558144569397 15.930139541626 2.108000755310 201 201 201
14.559559822083 15.740057945251 2.105999946594 200 200 200
14.555359840393 15.614155769348 2.103999137878 200 200 200
14.566592216492 15.485799789429 2.102999687195 200 200 200
14.535730361938 15.490706443787 2.174000740051 80 80 80
14.577822685242 15.357442855835 2.102999687195 201 201 201
14.546959877014 15.362349510193 2.174000740051 129 129 129
14.589053153992 15.229085922241 2.105999946594 199 199 199
14.558192253113 15.233994483948 2.175999641418 198 198 198
14.600285530090 15.100728034973 2.109000205994 200 200 200
14.584853172302 15.103182792664 2.179999351501 197 197 197
14.596085548401 14.974826812744 2.109999656677 200 200 200
14.586270332336 14.913101196289 2.182999610901 197 197 197
14.597502708435 14.784745216370 2.110999107361 202 202 202
14.566638946533 14.789652824402 2.181000709534 197 197 197
14.593300819397 14.658843040466 2.112999916077 201 201 201
14.577870368958 14.661296844482 2.183999061584 198 198 198
14.604532241821 14.530486106873 2.116000175476 204 204 204
14.589100837708 14.532939910889 2.185000419617 198 198 198
14.615764617920 14.402129173279 2.116000175476 200 200 200
14.600333213806 14.404582977295 2.188000679016 199 199 199
14.626995086670 14.273773193359 2.116999626160 202 202 202
14.611564636230 14.276226997375 2.188000679016 198 198 198
14.622795104980 14.147871017456 2.116000175476 201 201 201
14.597548484802 14.088600158691 2.188000679016 197 197 197
14.624210357666 13.957788467407 2.116999626160 201 201 201
14.624210357666 13.957788467407 2.190999031067 198 198 198
14.635442733765 13.829431533813 2.116000175476 202 202 202
14.620011329651 13.831885337830 2.189999580383 199 199 199
14.646674156189 13.701075553894 2.120999336243 201 201 201
14.646674156189 13.701075553894 2.192000389099 197 197 197
14.657903671265 13.572719573975 2.122000694275 200 200 200
14.657903671265 13.572719573975 2.195000648499 199 199 199
14.669136047363 13.444362640381 2.126000404358 197 197 197
14.653704643250 13.446816444397 2.195000648499 198 198 198
14.695797920227 13.313551902771 2.130000114441 197 197 197
14.649505615234 13.320912361145 2.195000648499 198 198 198
14.691599845886 13.187648773193 2.133000373840 198 198 198
14.650921821594 13.130831718445 2.197999000549 198 198 198
14.702830314636 13.059291839600 2.134999275208 197 197 197
14.662151336670 13.002475738525 2.200999259949 197 197 197
14.513456344604 12.962836265564 2.242999076843 150 150 150
14.528888702393 12.960381507874 2.321999549866 138 138 138
14.714060783386 12.930934906006 2.138998985291 194 194 194
14.673382759094 12.874118804932 2.203000068665 198 198 198
14.540119171143 12.832024574280 2.245999336243 90 90 90
14.540119171143 12.832024574280 2.324999809265 93 93 93
14.725292205811 12.802578926086 2.141999244690 196 196 196
14.709860801697 12.805032730103 2.211998939514 190 190 190
14.736524581909 12.674221992493 2.144999504089 195 195 195
14.664984703064 12.622313499451 2.200999259949 200 200 200
14.763186454773 12.543411254883 2.147000312805 194 194 194
14.676216125488 12.493955612183 2.203000068665 200 200 200
14.749170303345 12.355783462524 2.147999763489 196 196 196
14.702877044678 12.363145828247 2.204998970032 203 203 203
14.744970321655 12.229882240295 2.067000389099 31 31 31
14.775832176208 12.224973678589 2.148999214172 193 193 193
14.714108467102 12.234788894653 2.206999778748 202 202 202
14.468627929688 12.083970069885 2.228999137878 42 42 42
14.771634101868 12.099071502686 2.075999259949 38 38 38
14.771634101868 12.099071502686 2.147000312805 196 196 196
14.715524673462 12.044708251953 2.207999229431 202 202 202
14.479857444763 11.955614089966 2.227999687195 96 96 96
14.782864570618 11.970714569092 2.077000617981 27 27 27
14.782864570618 11.970714569092 2.151999473572 196 196 196
14.752002716064 11.975622177124 2.214999198914 201 201 201
14.465843200684 11.767986297607 2.227000236511 184 184 184
14.794095039368 11.842358589172 2.081000328064 86 86 86
14.794095039368 11.842358589172 2.151000022888 200 200 200
14.722555160522 11.790449142456 2.210000038147 209 209 209
14.477073669434 11.639630317688 2.227999687195 170 170 170
14.820757865906 11.711547851563 2.085999488831 167 167 167
14.820757865906 11.711547851563 2.160000801086 201 201 201
14.805326461792 11.714001655579 2.227999687195 164 164 164
14.472875595093 11.513728141785 2.228999137878 148 148 148
14.831989288330 11.583190917969 2.088999748230 189 189 189
14.831989288330 11.583190917969 2.162999153137 201 201 201
14.673479080200 11.481826782227 2.199000358582 205 205 205
14.484105110168 11.385371208191 2.230000495911 179 179 179
14.843221664429 11.454835891724 2.092999458313 194 194 194
14.843221664429 11.454835891724 2.165999412537 201 201 201
14.653848648071 11.358378410339 2.192999839783 211 211 211
14.439227104187 11.202651023865 2.221999168396 187 187 187
14.839021682739 11.328931808472 2.093998908997 195 195 195
14.854453086853 11.326478004456 2.168000221252 199 199 199
14.521998405457 11.126203536987 2.164000511169 202 202 202
14.435029029846 11.076748847961 2.221999168396 187 187 187
14.865682601929 11.198121070862 2.098999977112 196 196 196
14.840436935425 11.138850212097 2.168000221252 200 200 200
14.461690902710 10.945938110352 2.150000572205 201 201 201
14.446259498596 10.948391914368 2.223000526428 186 186 186
14.851668357849 11.010494232178 2.098999977112 200 200 200
14.851668357849 11.010494232178 2.171000480652 198 198 198
14.442059516907 10.822488784790 2.147000312805 200 200 200
14.442059516907 10.822488784790 2.221999168396 191 191 191
14.862899780273 10.882138252258 2.099999427795 199 199 199
14.862899780273 10.882138252258 2.171999931335 200 200 200
14.453290939331 10.694131851196 2.144999504089 200 200 200
14.428044319153 10.634861946106 2.218998908997 193 193 193
14.874131202698 10.753781318665 2.098999977112 202 202 202
14.874131202698 10.753781318665 2.171999931335 199 199 199
14.439274787903 10.506505012512 2.140999794006 192 192 192
14.423844337463 10.508958816528 2.216000556946 196 196 196
14.885361671448 10.625424385071 2.101000785828 199 199 199
14.885361671448 10.625424385071 2.169999122620 201 201 201
14.435076713562 10.380602836609 2.137000083923 181 181 181
14.419645309448 10.383056640625 2.210999488831 195 195 195
14.896593093872 10.497067451477 2.101000785828 200 200 200
14.896593093872 10.497067451477 2.174000740051 196 196 196
14.430875778198 10.254699707031 2.134999275208 200 200 200
14.405629158020 10.195429801941 2.209000587463 198 198 198
14.907824516296 10.368710517883 2.102999687195 200 200 200
14.907824516296 10.368710517883 2.172999382019 204 204 204
14.416859626770 10.067072868347 2.130999565125 201 201 201
14.416859626770 10.067072868347 2.209000587463 198 198 198
14.893809318542 10.181084632874 2.102000236511 201 201 201
14.909240722656 10.178630828857 2.174000740051 204 204 204
14.412660598755 9.941169738770 2.129000663757 198 198 198
14.412660598755 9.941169738770 2.206999778748 199 199 199
14.905039787292 10.052727699280 2.105000495911 200 200 200
14.920471191406 10.050272941589 2.176999092102 200 200 200
14.408460617065 9.815267562866 2.127999305725 200 200 200
14.408460617065 9.815267562866 2.203999519348 198 198 198
14.916271209717 9.924370765686 2.108000755310 197 197 197
14.916271209717 9.924370765686 2.178999900818 201 201 201
14.394446372986 9.627639770508 2.126999855042 199 199 199
14.394446372986 9.627639770508 2.203999519348 198 198 198
14.927503585815 9.796014785767 2.110999107361 199 199 199
14.927503585815 9.796014785767 2.179999351501 199 199 199
14.390245437622 9.501738548279 2.124999046326 200 200 200
14.374814033508 9.504191398621 2.200999259949 198 198 198
14.938734054565 9.667657852173 2.112000465393 202 202 202
14.938734054565 9.667657852173 2.181000709534 200 200 200
14.386045455933 9.375835418701 2.126000404358 127 127 127
14.386045455933 9.375835418701 2.200999259949 192 192 192
14.949964523315 9.539300918579 2.112999916077 201 201 201
14.949964523315 9.539300918579 2.182999610901 201 201 201
14.381846427917 9.249932289124 2.120999336243 199 199 199
14.381846427917 9.249932289124 2.197999000549 199 199 199
14.945764541626 9.413397789001 2.042000770569 39 39 39
14.945764541626 9.413397789001 2.112000465393 196 196 196
14.961195945740 9.410943984985 2.182999610901 197 197 197
14.367830276489 9.062305450439 2.119999885559 203 203 203
14.367830276489 9.062305450439 2.196000099182 200 200 200
14.956996917725 9.285042762756 2.043999671936 61 61 61
14.956996917725 9.285042762756 2.112999916077 202 202 202
14.947181701660 9.223317146301 2.182000160217 200 200 200
14.363631248474 8.936403274536 2.117999076843 200 200 200
14.363631248474 8.936403274536 2.196000099182 198 198 198
14.968228340149 9.156685829163 2.047999382019 96 96 96
14.958413124084 9.094961166382 2.113999366760 203 203 203
14.942981719971 9.097414970398 2.182000160217 203 203 203
14.359431266785 8.810500144958 2.116000175476 200 200 200
14.359431266785 8.810500144958 2.190999031067 198 198 198
14.969643592834 8.966604232788 2.046999931335 108 108 108
14.969643592834 8.966604232788 2.116000175476 196 196 196
14.954212188721 8.969058990479 2.183999061584 201 201 201
14.370662689209 8.682143211365 2.115000724792 200 200 200
14.370662689209 8.682143211365 2.192999839783 198 198 198
14.980874061584 8.838247299194 2.047999382019 132 132 132
14.965443611145 8.840702056885 2.113999366760 200 200 200
14.965443611145 8.840702056885 2.182999610901 199 199 199
14.356647491455 8.494516372681 2.112999916077 200 200 200
14.356647491455 8.494516372681 2.190999031067 198 198 198
14.961244583130 8.714798927307 2.044999122620 172 172 172
14.976675987244 8.712345123291 2.116000175476 198 198 198
14.976675987244 8.712345123291 2.185999870300 198 198 198
14.408556938171 8.422975540161 2.123000144958 175 175 175
14.367877006531 8.366158485413 2.190999031067 195 195 195
14.972476005554 8.586441993713 2.046000480652 191 191 191
14.972476005554 8.586441993713 2.116999626160 197 197 197
14.972476005554 8.586441993713 2.185999870300 202 202 202
14.363678932190 8.240255355835 2.113999366760 185 185 185
14.363678932190 8.240255355835 2.189999580383 185 185 185
14.983708381653 8.458085060120 2.047999382019 192 192 192
14.983708381653 8.458085060120 2.117999076843 196 196 196
14.983708381653 8.458085060120 2.188000679016 200 200 200
14.374909400940 8.111899375916 2.113999366760 113 113 113
14.374909400940 8.111899375916 2.189999580383 117 117 117
14.969691276550 8.270458221436 2.047999382019 194 194 194
14.985121726990 8.268004417419 2.117999076843 199 199 199
14.985121726990 8.268004417419 2.186999320984 200 200 200
14.370710372925 7.985996723175 2.112999916077 121 121 121
14.370710372925 7.985996723175 2.190999031067 111 111 111
14.530635833740 7.897279262543 1.543999671936 172 172 172
14.546067237854 7.894825458527 1.628000259399 134 134 134
14.530635833740 7.897279262543 1.697999954224 129 129 129
14.530635833740 7.897279262543 1.774000167847 138 138 138
14.530635833740 7.897279262543 1.850999832153 113 113 113
14.996354103088 8.139647483826 2.051999092102 132 132 132
14.996354103088 8.139647483826 2.122000694275 144 144 144
14.996354103088 8.139647483826 2.189000129700 164 164 164
14.428235054016 7.850277900696 2.126999855042 121 121 121
14.372124671936 7.795915603638 2.190999031067 105 105 105
14.613407135010 7.820832252502 1.184999465942 123 123 123
14.818213462830 7.914834022522 1.567999839783 146 146 146
14.802781105042 7.917287826538 1.637000083923 140 140 140
14.802781105042 7.917287826538 1.710000038147 131 131 131
14.787350654602 7.919741630554 1.779999732971 132 132 132
14.787350654602 7.919741630554 1.848999977112 137 137 137
14.771919250488 7.922195434570 1.918000221252 136 136 136
14.992154121399 8.013744354248 2.053000450134 140 140 140
15.007585525513 8.011291503906 2.123000144958 138 138 138
15.007585525513 8.011291503906 2.190999031067 159 159 159
14.731240272522 7.865378856659 2.197999000549 130 130 130
14.684946060181 7.872741222382 2.255000114441 100 100 100
14.742471694946 7.737021923065 1.239999771118 162 162 162
14.742471694946 7.737021923065 1.315999984741 152 152 152
14.742471694946 7.737021923065 1.390999794006 147 147 147
14.742471694946 7.737021923065 1.467999458313 159 159 159
14.870120048523 7.843294620514 1.585000038147 183 183 183
14.870120048523 7.843294620514 1.658999443054 184 184 184
14.870120048523 7.843294620514 1.731999397278 183 183 183
14.870120048523 7.843294620514 1.802999496460 182 182 182
14.870120048523 7.843294620514 1.875000000000 182 182 182
14.885550498962 7.840840339661 1.947999000549 178 178 178
15.003386497498 7.885386943817 2.053999900818 142 142 142
15.003386497498 7.885386943817 2.122000694275 143 143 143
15.003386497498 7.885386943817 2.190999031067 144 144 144
14.885550498962 7.840840339661 2.230000495911 179 179 179
14.670932769775 7.685114383698 2.252999305725 54 54 54
14.682163238525 7.556756496429 1.210999488831 118 118 118
14.722840309143 7.613573074341 1.460999488831 172 172 172
14.881351470947 7.714937686920 1.590000152588 165 165 165
14.856105804443 7.655667304993 1.658999443054 187 187 187
14.856105804443 7.655667304993 1.730999946594 184 184 184
14.856105804443 7.655667304993 1.800999641418 192 192 192
14.856105804443 7.655667304993 1.873000144958 180 180 180
14.896782875061 7.712484359741 1.949999809265 164 164 164
15.014616012573 7.757030963898 2.054999351501 128 128 128
15.014616012573 7.757030963898 2.123000144958 125 125 125
14.999184608459 7.759484767914 2.189000129700 120 120 120
14.871536254883 7.653213500977 2.228999137878 180 180 180
14.635870933533 7.564118862152 2.244999885559 61 61 61
14.882767677307 7.524857044220 1.517999649048 102 102 102
14.867337226868 7.527310371399 1.586999893188 181 181 181
14.867337226868 7.527310371399 1.658999443054 186 186 186
14.867337226868 7.527310371399 1.730999946594 179 179 179
14.882767677307 7.524857044220 1.807000160217 178 178 178
14.867337226868 7.527310371399 1.876999855042 181 181 181
14.882767677307 7.524857044220 1.949999809265 181 181 181
15.025847434998 7.628674507141 2.057999610901 122 122 122
15.010416030884 7.631128311157 2.122000694275 143 143 143
14.969738960266 7.574311256409 2.182999610901 136 136 136
14.867337226868 7.527310371399 2.227999687195 170 170 170
14.243108749390 7.183578968048 2.161999702454 139 139 139
14.125275611877 7.139031410217 2.214999198914 45 45 45
15.083373069763 7.492956161499 2.004000663757 60 60 60
15.052510261536 7.497864246368 2.063000679016 178 178 178
15.052510261536 7.497864246368 2.133000373840 184 184 184
14.198231697083 7.000859737396 1.991999626160 125 125 125
14.254340171814 7.055222511292 2.082999229431 129 129 129
14.254340171814 7.055222511292 2.161000251770 133 133 133
14.121075630188 7.013128757477 2.211998939514 37 37 37
15.094604492188 7.364599704742 2.011000633240 108 108 108
15.094604492188 7.364599704742 2.075999259949 118 118 118
15.110034942627 7.362145900726 2.147000312805 136 136 136
14.209462165833 6.872503280640 1.998000144958 125 125 125
14.250140190125 6.929319858551 2.081000328064 117 117 117
14.250140190125 6.929319858551 2.161000251770 124 124 124
15.090403556824 7.238697052002 2.008000373840 103 103 103
15.090403556824 7.238697052002 2.075999259949 130 130 130
15.105834007263 7.236243724823 2.144000053406 131 131 131
15.291007041931 7.206796646118 1.995999336243 102 102 102
15.291007041931 7.206796646118 2.061999320984 110 110 110
15.291007041931 7.206796646118 2.126999855042 111 111 111
15.275576591492 7.209250450134 2.188000679016 101 101 101
15.389209747314 7.127895832062 1.961998939514 130 130 130
15.389209747314 7.127895832062 2.025000572205 135 135 135
15.389209747314 7.127895832062 2.089999198914 149 149 149
15.389209747314 7.127895832062 2.151999473572 165 165 165
15.302238464355 7.078440189362 2.192000389099 74 74 74
15.375195503235 6.940268516541 1.961998939514 114 114 114
15.375195503235 6.940268516541 2.025000572205 128 128 128
15.375195503235 6.940268516541 2.088000297546 151 151 151
15.375195503235 6.940268516541 2.151999473572 149 149 149
15.272793769836 6.893267154694 2.189999580383 75 75 75
15.386426925659 6.811912059784 1.966000556946 29 29 29
15.370995521545 6.814365863800 2.026000022888 72 72 72
15.370995521545 6.814365863800 2.088000297546 72 72 72
15.386426925659 6.811912059784 2.157000541687 72 72 72
