13.006621360779 10.812461853027 5.993000030518 138 138 138
13.006621360779 10.812461853027 5.909000396729 169 169 169
13.006621360779 10.812461853027 5.826000213623 148 148 148
13.005885124207 10.749965667725 5.413999557495 121 121 121
13.005885124207 10.749965667725 5.333000183105 187 187 187
13.005885124207 10.749965667725 5.250999450684 182 182 182
13.005149841309 10.687470436096 5.909999847412 174 174 174
13.004414558411 10.624974250793 5.826000213623 195 195 195
13.005149841309 10.687470436096 5.745000839233 168 168 168
13.004414558411 10.624974250793 5.496000289917 98 98 98
13.005149841309 10.687470436096 5.416000366211 189 189 189
13.004414558411 10.624974250793 5.333999633789 196 196 196
13.004414558411 10.624974250793 5.253000259399 96 96 96
13.002943038940 10.499982833862 5.827999114990 174 174 174
13.002943038940 10.499982833862 5.743999481201 188 188 188
13.002943038940 10.499982833862 5.663000106812 183 183 183
13.002943038940 10.499982833862 5.579000473022 77 77 77
13.002943038940 10.499982833862 5.496999740601 203 203 203
13.002943038940 10.499982833862 5.416000366211 190 190 190
13.002943038940 10.499982833862 5.336000442505 121 121 121
12.878686904907 10.563949584961 5.096000671387 89 89 89
12.815455436707 10.502189636230 5.011999130249 87 87 87
12.815455436707 10.502189636230 4.929000854492 90 90 90
12.815455436707 10.502189636230 4.846000671387 60 60 60
13.000736236572 10.312496185303 6.413999557495 100 100 100
13.062495231628 10.249264717102 6.305000305176 18 18 18
13.124991416931 10.248529434204 6.125000000000 55 55 55
13.124991416931 10.248529434204 6.044000625610 64 64 64
13.124991416931 10.248529434204 5.961000442505 70 70 70
13.124991416931 10.248529434204 5.881999969482 86 86 86
13.124991416931 10.248529434204 5.799999237061 86 86 86
13.124991416931 10.248529434204 5.729000091553 144 144 144
13.124991416931 10.248529434204 5.646999359131 145 145 145
13.124991416931 10.248529434204 5.565000534058 133 133 133
13.124991416931 10.248529434204 5.482999801636 140 140 140
13.124991416931 10.248529434204 5.403999328613 157 157 157
13.124991416931 10.248529434204 5.322999954224 171 171 171
13.124991416931 10.248529434204 5.243999481201 217 217 217
13.124991416931 10.248529434204 5.165000915527 201 201 201
13.124991416931 10.248529434204 5.086000442505 196 196 196
13.124991416931 10.248529434204 5.006999969482 201 201 201
13.124991416931 10.248529434204 4.927000045776 204 204 204
13.124991416931 10.248529434204 4.847999572754 204 204 204
13.124991416931 10.248529434204 4.768999099731 207 207 207
13.124991416931 10.248529434204 4.688999176025 204 204 204
13.124991416931 10.248529434204 4.610000610352 201 201 201
13.124991416931 10.248529434204 4.530000686646 202 202 202
13.124991416931 10.248529434204 4.448999404907 196 196 196
13.124991416931 10.248529434204 4.368999481201 198 198 198
13.124991416931 10.248529434204 4.288999557495 191 191 191
13.124991416931 10.248529434204 4.208000183105 190 190 190
13.062495231628 10.249264717102 4.125999450684 193 193 193
13.062495231628 10.249264717102 4.045000076294 189 189 189
13.062495231628 10.249264717102 3.962999343872 185 185 185
13.062495231628 10.249264717102 3.881000518799 182 182 182
13.062495231628 10.249264717102 3.798999786377 175 175 175
13.062495231628 10.249264717102 3.714000701904 176 176 176
13.062495231628 10.249264717102 3.631999969482 170 170 170
13.000000000000 10.250000953674 3.547000885010 161 161 161
13.000736236572 10.312496185303 3.118999481201 125 125 125
13.000736236572 10.312496185303 3.027999877930 118 118 118
13.000736236572 10.312496185303 2.937999725342 118 118 118
13.000736236572 10.312496185303 2.850999832153 123 123 123
12.938240051270 10.313231468201 2.753000259399 146 146 146
13.123519897461 10.123538017273 6.471000671387 97 97 97
13.061759948730 10.186768531799 6.389999389648 144 144 144
13.123519897461 10.123538017273 6.298000335693 132 132 132
13.061759948730 10.186768531799 6.225999832153 126 126 126
13.061759948730 10.186768531799 6.146999359131 153 153 153
13.061759948730 10.186768531799 6.065999984741 158 158 158
13.061759948730 10.186768531799 5.985000610352 161 161 161
12.999264717102 10.187504768372 5.903999328613 162 162 162
12.999264717102 10.187504768372 5.822000503540 168 168 168
12.999264717102 10.187504768372 5.743000030518 178 178 178
12.999264717102 10.187504768372 5.660999298096 188 188 188
12.999264717102 10.187504768372 5.579000473022 187 187 187
12.999264717102 10.187504768372 5.499000549316 186 186 186
13.000000000000 10.250000953674 5.417999267578 187 187 187
12.999264717102 10.187504768372 5.336000442505 206 206 206
13.000000000000 10.250000953674 5.256000518799 242 242 242
13.000000000000 10.250000953674 5.173999786377 201 201 201
13.000000000000 10.250000953674 5.093000411987 189 189 189
13.000000000000 10.250000953674 5.011999130249 171 171 171
13.000000000000 10.250000953674 4.930999755859 161 161 161
13.000000000000 10.250000953674 4.850000381470 160 160 160
12.937503814697 10.250736236572 4.767999649048 147 147 147
12.999264717102 10.187504768372 4.687999725342 67 67 67
12.937503814697 10.250736236572 4.604000091553 86 86 86
12.875744819641 10.313966751099 4.518999099731 83 83 83
12.998528480530 10.125009536743 6.503999710083 12 12 12
13.122784614563 10.061041831970 6.392000198364 102 102 102
12.997793197632 10.062513351440 6.336000442505 102 102 102
12.997793197632 10.062513351440 6.249000549316 93 93 93
12.936032295227 10.125744819641 6.174999237061 156 156 156
12.997793197632 10.062513351440 5.743999481201 176 176 176
12.997793197632 10.062513351440 5.663999557495 179 179 179
12.997793197632 10.062513351440 5.583000183105 176 176 176
12.997793197632 10.062513351440 5.500999450684 172 172 172
12.997793197632 10.062513351440 5.420999526978 178 178 178
12.873537063599 10.126480102539 5.183000564575 63 63 63
12.873537063599 10.126480102539 5.100000381470 80 80 80
12.873537063599 10.126480102539 5.016000747681 92 92 92
12.873537063599 10.126480102539 4.934000015259 80 80 80
12.873537063599 10.126480102539 4.850999832153 88 88 88
12.873537063599 10.126480102539 4.767999649048 94 94 94
12.873537063599 10.126480102539 4.684999465942 57 57 57
12.873537063599 10.126480102539 4.600999832153 110 110 110
12.810305595398 10.064720153809 6.381999969482 46 46 46
13.058816909790 9.936785697937 5.826999664307 178 178 178
13.058816909790 9.936785697937 5.743999481201 180 180 180
13.058816909790 9.936785697937 5.663999557495 176 176 176
12.995586395264 9.875026702881 5.503000259399 158 158 158
12.995586395264 9.875026702881 5.420999526978 176 176 176
12.995586395264 9.875026702881 5.339000701904 174 174 174
12.995586395264 9.875026702881 5.257999420166 21 21 21
12.872066497803 10.001488685608 5.184999465942 13 13 13
12.872066497803 10.001488685608 5.100999832153 82 82 82
12.872066497803 10.001488685608 5.017999649048 88 88 88
12.872066497803 10.001488685608 4.934999465942 87 87 87
12.872066497803 10.001488685608 4.851999282837 74 74 74
12.872066497803 10.001488685608 4.770000457764 71 71 71
13.057345390320 9.811794281006 5.909999847412 177 177 177
13.057345390320 9.811794281006 5.826999664307 195 195 195
13.057345390320 9.811794281006 5.746999740601 190 190 190
13.058081626892 9.874290466309 5.423000335693 146 146 146
13.058081626892 9.874290466309 5.342000961304 174 174 174
12.995586395264 9.875026702881 5.260999679565 176 176 176
13.058081626892 9.874290466309 5.180000305176 77 77 77
12.808098793030 9.877233505249 5.021999359131 60 60 60
12.870594978333 9.876497268677 4.937999725342 49 49 49
13.055138587952 9.624307632446 5.910999298096 144 144 144
13.055138587952 9.624307632446 5.827999114990 190 190 190
13.055874824524 9.686802864075 5.343000411987 124 124 124
13.055874824524 9.686802864075 5.263000488281 160 160 160
13.005885124207 10.749965667725 5.226999282837 255 255 255
13.005885124207 10.749965667725 5.298999786377 255 255 255
13.005885124207 10.749965667725 5.368999481201 223 223 223
13.005885124207 10.749965667725 5.802000045776 211 211 211
13.005885124207 10.749965667725 5.875999450684 230 230 230
13.005885124207 10.749965667725 5.950000762939 227 227 227
13.005885124207 10.749965667725 6.020000457764 130 130 130
12.879423141479 10.626444816589 4.952999114990 101 101 101
12.879423141479 10.626444816589 5.025999069214 103 103 103
13.004414558411 10.624974250793 5.299999237061 253 253 253
13.004414558411 10.624974250793 5.371999740601 255 255 255
13.003678321838 10.562479019165 5.441999435425 217 217 217
13.003678321838 10.562479019165 5.731000900269 229 229 229
13.003678321838 10.562479019165 5.804000854492 217 217 217
13.003678321838 10.562479019165 5.877000808716 230 230 230
13.003678321838 10.562479019165 5.950000762939 194 194 194
12.814719200134 10.439694404602 4.666999816895 107 107 107
12.814719200134 10.439694404602 4.739000320435 137 137 137
12.814719200134 10.439694404602 4.811000823975 138 138 138
12.814719200134 10.439694404602 4.882999420166 125 125 125
12.877215385437 10.438958168030 4.954000473022 175 175 175
12.876480102539 10.376462936401 5.024999618530 130 130 130
12.814719200134 10.439694404602 5.099000930786 130 130 130
12.877215385437 10.438958168030 5.170999526978 106 106 106
13.002206802368 10.437487602234 5.371999740601 218 218 218
12.939710617065 10.438222885132 5.444000244141 248 248 248
13.002206802368 10.437487602234 5.513999938965 210 210 210
12.939710617065 10.438222885132 5.659999847412 226 226 226
12.939710617065 10.438222885132 5.733999252319 223 223 223
13.002206802368 10.437487602234 5.805000305176 231 231 231
12.939710617065 10.438222885132 5.878999710083 111 111 111
13.062495231628 10.249264717102 3.547000885010 180 180 180
13.062495231628 10.249264717102 3.618000030518 181 181 181
13.062495231628 10.249264717102 3.690999984741 183 183 183
13.062495231628 10.249264717102 3.761999130249 184 184 184
13.062495231628 10.249264717102 3.832000732422 181 181 181
13.062495231628 10.249264717102 3.903999328613 175 175 175
13.062495231628 10.249264717102 3.972999572754 175 175 175
13.062495231628 10.249264717102 4.042999267578 170 170 170
13.062495231628 10.249264717102 4.111999511719 161 161 161
13.062495231628 10.249264717102 4.183000564575 155 155 155
13.062495231628 10.249264717102 4.252000808716 142 142 142
13.062495231628 10.249264717102 4.320999145508 142 142 142
13.062495231628 10.249264717102 4.391000747681 116 116 116
13.062495231628 10.249264717102 4.458999633789 111 111 111
13.000736236572 10.312496185303 4.527999877930 130 130 130
13.000736236572 10.312496185303 4.597999572754 132 132 132
12.938240051270 10.313231468201 4.667999267578 148 148 148
12.876480102539 10.376462936401 4.739999771118 149 149 149
13.000736236572 10.312496185303 4.808000564575 179 179 179
12.875744819641 10.313966751099 4.884000778198 164 164 164
12.938975334167 10.375727653503 4.952999114990 195 195 195
12.813248634338 10.314702987671 5.028999328613 132 132 132
12.813248634338 10.314702987671 5.100999832153 117 117 117
12.813248634338 10.314702987671 5.173999786377 110 110 110
13.000736236572 10.312496185303 5.444000244141 217 217 217
13.000736236572 10.312496185303 5.517000198364 242 242 242
13.000736236572 10.312496185303 5.587999343872 239 239 239
13.000736236572 10.312496185303 5.660999298096 235 235 235
13.000736236572 10.312496185303 5.732999801636 227 227 227
12.813248634338 10.314702987671 6.371000289917 52 52 52
12.938240051270 10.313231468201 6.406000137329 84 84 84
12.874273300171 10.188975334167 4.527999877930 193 193 193
12.936768531799 10.188240051270 4.599000930786 173 173 173
12.936768531799 10.188240051270 4.670000076294 202 202 202
12.936768531799 10.188240051270 4.739999771118 214 214 214
12.999264717102 10.187504768372 4.809000015259 245 245 245
12.999264717102 10.187504768372 4.879999160767 248 248 248
12.999264717102 10.187504768372 4.948999404907 191 191 191
12.999264717102 10.187504768372 5.020000457764 202 202 202
12.999264717102 10.187504768372 5.089000701904 207 207 207
12.999264717102 10.187504768372 5.158000946045 193 193 193
13.061759948730 10.186768531799 5.222999572754 147 147 147
13.124991416931 10.248529434204 5.290000915527 134 134 134
13.124991416931 10.248529434204 5.357999801636 142 142 142
13.124991416931 10.248529434204 5.427999496460 152 152 152
13.124991416931 10.248529434204 5.496000289917 162 162 162
13.124991416931 10.248529434204 5.566999435425 167 167 167
13.124256134033 10.186033248901 5.635000228882 172 172 172
13.124256134033 10.186033248901 5.705999374390 177 177 177
13.124256134033 10.186033248901 5.774999618530 178 178 178
13.124256134033 10.186033248901 5.844999313354 179 179 179
13.124256134033 10.186033248901 5.917999267578 179 179 179
13.124256134033 10.186033248901 5.989000320435 178 178 178
13.124256134033 10.186033248901 6.059000015259 179 179 179
13.124256134033 10.186033248901 6.131999969482 180 180 180
13.061759948730 10.186768531799 6.229000091553 138 138 138
13.124991416931 10.248529434204 6.291999816895 124 124 124
13.061759948730 10.186768531799 6.381999969482 142 142 142
13.124991416931 10.248529434204 6.438999176025 85 85 85
12.872066497803 10.001488685608 4.600999832153 29 29 29
12.872801780701 10.063983917236 4.673000335693 139 139 139
12.934561729431 10.000753402710 4.743000030518 123 123 123
12.872801780701 10.063983917236 4.815999984741 154 154 154
12.872801780701 10.063983917236 4.886999130249 149 149 149
12.934561729431 10.000753402710 4.957000732422 124 124 124
12.872066497803 10.001488685608 5.028999328613 139 139 139
12.872801780701 10.063983917236 5.104000091553 122 122 122
12.872801780701 10.063983917236 5.177000045776 71 71 71
12.997793197632 10.062513351440 5.375999450684 239 239 239
12.997793197632 10.062513351440 5.448999404907 255 255 255
12.997793197632 10.062513351440 5.518999099731 240 240 240
12.997793197632 10.062513351440 5.590000152588 236 236 236
12.997793197632 10.062513351440 5.662000656128 248 248 248
12.997793197632 10.062513351440 5.731000900269 230 230 230
12.997793197632 10.062513351440 6.028999328613 19 19 19
13.059553146362 9.999281883240 6.093000411987 109 109 109
13.122784614563 10.061041831970 6.153999328613 62 62 62
13.059553146362 9.999281883240 6.239999771118 98 98 98
12.872801780701 10.063983917236 6.368000030518 117 117 117
12.997793197632 10.062513351440 6.409000396729 114 114 114
12.871330261230 9.938992500305 4.819000244141 66 66 66
12.871330261230 9.938992500305 4.889999389648 126 126 126
12.871330261230 9.938992500305 4.961999893188 125 125 125
12.871330261230 9.938992500305 5.034999847412 126 126 126
12.871330261230 9.938992500305 5.107000350952 108 108 108
12.995586395264 9.875026702881 5.308000564575 255 255 255
12.995586395264 9.875026702881 5.377000808716 253 253 253
12.995586395264 9.875026702881 5.448999404907 247 247 247
12.995586395264 9.875026702881 5.517999649048 155 155 155
12.995586395264 9.875026702881 5.660999298096 242 242 242
12.995586395264 9.875026702881 5.733999252319 241 241 241
12.995586395264 9.875026702881 5.805999755859 235 235 235
12.994850158691 9.812530517578 5.169000625610 91 91 91
12.994114875793 9.750035285950 5.236999511719 255 255 255
12.994114875793 9.750035285950 5.308000564575 255 255 255
12.994114875793 9.750035285950 5.378999710083 255 255 255
13.057345390320 9.811794281006 5.732999801636 236 236 236
13.057345390320 9.811794281006 5.804000854492 228 228 228
13.057345390320 9.811794281006 5.875999450684 225 225 225
12.992643356323 9.625043869019 5.239000320435 244 244 244
12.992643356323 9.625043869019 5.311000823975 255 255 255
13.055138587952 9.624307632446 5.805000305176 227 227 227
13.055138587952 9.624307632446 5.875999450684 228 228 228
13.055138587952 9.624307632446 5.948999404907 200 200 200
13.007356643677 10.874957084656 5.240999221802 152 152 152
13.007356643677 10.874957084656 5.322000503540 202 202 202
12.944860458374 10.875692367554 5.405000686646 24 24 24
12.944860458374 10.875692367554 5.815000534058 19 19 19
12.944860458374 10.875692367554 5.898000717163 175 175 175
12.879423141479 10.626444816589 4.920999526978 66 66 66
12.879423141479 10.626444816589 5.003999710083 83 83 83
12.879423141479 10.626444816589 5.087999343872 54 54 54
13.005149841309 10.687470436096 5.242000579834 182 182 182
13.005149841309 10.687470436096 5.323999404907 200 200 200
13.005149841309 10.687470436096 5.406000137329 201 201 201
13.005149841309 10.687470436096 5.732999801636 49 49 49
12.942653656006 10.688205718994 5.815999984741 197 197 197
13.005149841309 10.687470436096 5.898000717163 198 198 198
13.005885124207 10.749965667725 5.979999542236 193 193 193
12.814719200134 10.439694404602 4.673999786377 76 76 76
12.814719200134 10.439694404602 4.756999969482 76 76 76
12.814719200134 10.439694404602 4.840000152588 71 71 71
12.814719200134 10.439694404602 4.923000335693 71 71 71
12.877951622009 10.501453399658 5.004999160767 84 84 84
12.814719200134 10.439694404602 5.089000701904 87 87 87
12.814719200134 10.439694404602 5.172000885010 73 73 73
13.003678321838 10.562479019165 5.323999404907 193 193 193
13.003678321838 10.562479019165 5.406000137329 197 197 197
13.003678321838 10.562479019165 5.486999511719 198 198 198
13.002943038940 10.499982833862 5.652999877930 68 68 68
13.003678321838 10.562479019165 5.733999252319 202 202 202
13.003678321838 10.562479019165 5.813999176025 195 195 195
13.003678321838 10.562479019165 5.898000717163 192 192 192
13.001471519470 10.374992370605 2.686000823975 156 156 156
13.001471519470 10.374992370605 2.775999069214 149 149 149
13.001471519470 10.374992370605 2.861999511719 135 135 135
13.001471519470 10.374992370605 2.945999145508 124 124 124
13.001471519470 10.374992370605 3.031000137329 118 118 118
12.938975334167 10.375727653503 3.524000167847 143 143 143
12.938975334167 10.375727653503 3.606000900269 142 142 142
12.938975334167 10.375727653503 3.690000534058 135 135 135
12.938975334167 10.375727653503 3.773000717163 123 123 123
12.938975334167 10.375727653503 3.857999801636 104 104 104
12.938975334167 10.375727653503 3.943000793457 61 61 61
12.813248634338 10.314702987671 4.510999679565 65 65 65
12.813248634338 10.314702987671 4.593999862671 64 64 64
12.813248634338 10.314702987671 4.677000045776 64 64 64
12.813248634338 10.314702987671 4.760000228882 46 46 46
12.876480102539 10.376462936401 4.842000961304 83 83 83
12.813248634338 10.314702987671 4.924999237061 60 60 60
12.876480102539 10.376462936401 5.006999969482 81 81 81
12.813248634338 10.314702987671 5.090999603271 84 84 84
12.876480102539 10.376462936401 5.173000335693 77 77 77
13.002206802368 10.437487602234 5.408000946045 198 198 198
13.002206802368 10.437487602234 5.489999771118 198 198 198
13.002206802368 10.437487602234 5.569999694824 192 192 192
13.002206802368 10.437487602234 5.653999328613 200 200 200
13.002206802368 10.437487602234 5.736000061035 195 195 195
13.002206802368 10.437487602234 5.816999435425 189 189 189
13.062495231628 10.249264717102 3.552999496460 97 97 97
13.062495231628 10.249264717102 3.635999679565 121 121 121
13.062495231628 10.249264717102 3.718000411987 142 142 142
13.062495231628 10.249264717102 3.799999237061 163 163 163
13.062495231628 10.249264717102 3.882999420166 184 184 184
13.062495231628 10.249264717102 3.964000701904 194 194 194
13.062495231628 10.249264717102 4.044000625610 198 198 198
13.062495231628 10.249264717102 4.124000549316 200 200 200
13.063966751099 10.374256134033 4.204999923706 200 200 200
13.062495231628 10.249264717102 4.284999847412 200 200 200
13.063966751099 10.374256134033 4.364999771118 205 205 205
13.063966751099 10.374256134033 4.444999694824 203 203 203
13.063966751099 10.374256134033 4.524999618530 200 200 200
13.063966751099 10.374256134033 4.604000091553 200 200 200
13.063966751099 10.374256134033 4.684000015259 191 191 191
13.063966751099 10.374256134033 4.763000488281 185 185 185
13.063231468201 10.311759948730 4.843000411987 203 203 203
13.000736236572 10.312496185303 4.923000335693 194 194 194
13.000736236572 10.312496185303 5.003999710083 186 186 186
13.000736236572 10.312496185303 5.084999084473 185 185 185
13.000736236572 10.312496185303 5.166000366211 187 187 187
13.000736236572 10.312496185303 5.247999191284 184 184 184
13.000736236572 10.312496185303 5.327999114990 177 177 177
13.000736236572 10.312496185303 5.409000396729 178 178 178
13.000736236572 10.312496185303 5.489999771118 198 198 198
13.000736236572 10.312496185303 5.572000503540 195 195 195
13.000736236572 10.312496185303 5.652999877930 196 196 196
13.000736236572 10.312496185303 5.736000061035 187 187 187
13.000736236572 10.312496185303 6.236999511719 79 79 79
13.000736236572 10.312496185303 6.308000564575 94 94 94
13.000736236572 10.312496185303 6.399000167847 99 99 99
13.124991416931 10.248529434204 4.606000900269 26 26 26
12.872801780701 10.063983917236 4.683000564575 86 86 86
12.873537063599 10.126480102539 4.764999389648 78 78 78
12.872801780701 10.063983917236 4.847000122070 124 124 124
12.998528480530 10.125009536743 4.927000045776 87 87 87
12.999264717102 10.187504768372 5.006000518799 100 100 100
13.062495231628 10.249264717102 5.083999633789 101 101 101
13.124991416931 10.248529434204 5.160999298096 88 88 88
13.124991416931 10.248529434204 5.239000320435 98 98 98
13.124991416931 10.248529434204 5.316999435425 110 110 110
13.124991416931 10.248529434204 5.395999908447 134 134 134
13.124991416931 10.248529434204 5.475000381470 158 158 158
13.124991416931 10.248529434204 5.554000854492 173 173 173
13.124991416931 10.248529434204 5.634000778198 190 190 190
13.124991416931 10.248529434204 5.714000701904 190 190 190
13.124991416931 10.248529434204 5.792999267578 192 192 192
13.124991416931 10.248529434204 5.875000000000 193 193 193
13.124991416931 10.248529434204 5.954999923706 193 193 193
13.124991416931 10.248529434204 6.034999847412 189 189 189
13.124991416931 10.248529434204 6.114999771118 188 188 188
13.062495231628 10.249264717102 6.212999343872 123 123 123
13.124991416931 10.248529434204 6.290000915527 128 128 128
13.062495231628 10.249264717102 6.381999969482 147 147 147
13.124991416931 10.248529434204 6.461000442505 84 84 84
12.871330261230 9.938992500305 4.849000930786 51 51 51
12.871330261230 9.938992500305 4.931999206543 83 83 83
12.871330261230 9.938992500305 5.014999389648 84 84 84
12.871330261230 9.938992500305 5.097000122070 67 67 67
12.997793197632 10.062513351440 5.332000732422 160 160 160
12.997793197632 10.062513351440 5.413999557495 198 198 198
12.997793197632 10.062513351440 5.493999481201 196 196 196
12.997793197632 10.062513351440 5.572999954224 144 144 144
12.997793197632 10.062513351440 5.653999328613 193 193 193
12.997793197632 10.062513351440 5.736999511719 192 192 192
12.997793197632 10.062513351440 5.815999984741 59 59 59
13.060288429260 10.061777114868 6.134000778198 82 82 82
12.997793197632 10.062513351440 6.408000946045 85 85 85
12.995586395264 9.875026702881 5.253000259399 180 180 180
12.995586395264 9.875026702881 5.333999633789 199 199 199
12.995586395264 9.875026702881 5.415000915527 195 195 195
12.995586395264 9.875026702881 5.496000289917 99 99 99
12.995586395264 9.875026702881 5.653999328613 153 153 153
12.995586395264 9.875026702881 5.738000869751 196 196 196
12.995586395264 9.875026702881 5.818000793457 196 196 196
12.994114875793 9.750035285950 5.173999786377 183 183 183
12.994114875793 9.750035285950 5.254999160767 199 199 199
12.994114875793 9.750035285950 5.336000442505 198 198 198
12.994114875793 9.750035285950 5.416000366211 79 79 79
13.057345390320 9.811794281006 5.736999511719 184 184 184
13.057345390320 9.811794281006 5.819999694824 201 201 201
13.057345390320 9.811794281006 5.902000427246 197 197 197
12.992643356323 9.625043869019 5.256000518799 39 39 39
13.055138587952 9.624307632446 5.819000244141 194 194 194
13.055138587952 9.624307632446 5.902000427246 152 152 152
13.005885124207 10.749965667725 5.226999282837 255 255 255
13.005885124207 10.749965667725 5.298000335693 255 255 255
13.005885124207 10.749965667725 5.368000030518 215 215 215
13.005885124207 10.749965667725 5.802999496460 185 185 185
13.005885124207 10.749965667725 5.877000808716 230 230 230
13.005885124207 10.749965667725 5.947999954224 224 224 224
13.005885124207 10.749965667725 6.017000198364 96 96 96
12.815455436707 10.502189636230 4.952999114990 111 111 111
12.879423141479 10.626444816589 5.024999618530 112 112 112
12.879423141479 10.626444816589 5.097000122070 61 61 61
13.003678321838 10.562479019165 5.298000335693 255 255 255
13.004414558411 10.624974250793 5.371000289917 247 247 247
13.004414558411 10.624974250793 5.441999435425 204 204 204
13.003678321838 10.562479019165 5.510000228882 29 29 29
13.004414558411 10.624974250793 5.731000900269 230 230 230
13.003678321838 10.562479019165 5.802000045776 212 212 212
13.004414558411 10.624974250793 5.875999450684 226 226 226
13.003678321838 10.562479019165 5.947999954224 186 186 186
12.814719200134 10.439694404602 4.594999313354 86 86 86
12.814719200134 10.439694404602 4.666999816895 131 131 131
12.814719200134 10.439694404602 4.739000320435 142 142 142
12.877215385437 10.438958168030 4.811000823975 122 122 122
12.814719200134 10.439694404602 4.882999420166 131 131 131
12.876480102539 10.376462936401 4.952999114990 125 125 125
12.876480102539 10.376462936401 5.024000167847 125 125 125
12.814719200134 10.439694404602 5.100000381470 123 123 123
12.877215385437 10.438958168030 5.172000885010 115 115 115
13.002206802368 10.437487602234 5.372999191284 248 248 248
13.002206802368 10.437487602234 5.444000244141 209 209 209
13.002206802368 10.437487602234 5.514999389648 192 192 192
13.002206802368 10.437487602234 5.586999893188 150 150 150
13.002206802368 10.437487602234 5.659999847412 217 217 217
13.002206802368 10.437487602234 5.731000900269 225 225 225
13.002206802368 10.437487602234 5.805000305176 227 227 227
13.000000000000 10.250000953674 3.544000625610 118 118 118
13.000000000000 10.250000953674 3.617000579834 122 122 122
13.000000000000 10.250000953674 3.687000274658 136 136 136
13.062495231628 10.249264717102 3.760000228882 150 150 150
13.062495231628 10.249264717102 3.832000732422 154 154 154
13.062495231628 10.249264717102 3.902000427246 163 163 163
13.062495231628 10.249264717102 3.972999572754 171 171 171
13.124991416931 10.248529434204 4.045000076294 177 177 177
13.062495231628 10.249264717102 4.114000320435 185 185 185
13.124991416931 10.248529434204 4.184000015259 186 186 186
13.124991416931 10.248529434204 4.253000259399 191 191 191
13.124991416931 10.248529434204 4.322000503540 199 199 199
13.124991416931 10.248529434204 4.391000747681 211 211 211
13.124991416931 10.248529434204 4.459999084473 217 217 217
13.124991416931 10.248529434204 4.528999328613 231 231 231
13.124991416931 10.248529434204 4.597999572754 251 251 251
13.124991416931 10.248529434204 4.666999816895 241 241 241
13.124991416931 10.248529434204 4.736000061035 237 237 237
13.124991416931 10.248529434204 4.804000854492 255 255 255
13.124991416931 10.248529434204 4.872999191284 210 210 210
13.124991416931 10.248529434204 4.941999435425 179 179 179
13.124991416931 10.248529434204 5.010999679565 163 163 163
13.124991416931 10.248529434204 5.079999923706 150 150 150
13.124991416931 10.248529434204 5.149999618530 140 140 140
13.124991416931 10.248529434204 5.218999862671 117 117 117
13.124991416931 10.248529434204 5.288000106812 110 110 110
13.124991416931 10.248529434204 5.357999801636 97 97 97
13.000736236572 10.312496185303 5.440999984741 194 194 194
13.000736236572 10.312496185303 5.513999938965 202 202 202
13.000736236572 10.312496185303 5.586000442505 210 210 210
13.000736236572 10.312496185303 5.659999847412 227 227 227
13.000736236572 10.312496185303 5.732999801636 224 224 224
13.000736236572 10.312496185303 6.243999481201 69 69 69
13.000736236572 10.312496185303 6.326999664307 98 98 98
12.875744819641 10.313966751099 6.430000305176 101 101 101
12.810305595398 10.064720153809 4.528999328613 76 76 76
12.810305595398 10.064720153809 4.600999832153 181 181 181
12.873537063599 10.126480102539 4.673000335693 137 137 137
12.810305595398 10.064720153809 4.745000839233 179 179 179
12.873537063599 10.126480102539 4.815999984741 184 184 184
12.810305595398 10.064720153809 4.888999938965 155 155 155
12.873537063599 10.126480102539 4.957000732422 159 159 159
12.810305595398 10.064720153809 5.033000946045 125 125 125
12.810305595398 10.064720153809 5.104999542236 123 123 123
12.873537063599 10.126480102539 5.177000045776 99 99 99
12.998528480530 10.125009536743 5.448999404907 245 245 245
12.998528480530 10.125009536743 5.518999099731 240 240 240
12.998528480530 10.125009536743 5.589000701904 241 241 241
12.998528480530 10.125009536743 5.660999298096 239 239 239
12.998528480530 10.125009536743 5.732000350952 221 221 221
12.998528480530 10.125009536743 5.802000045776 97 97 97
13.061023712158 10.124273300171 5.870000839233 90 90 90
13.061023712158 10.124273300171 5.938999176025 85 85 85
13.061023712158 10.124273300171 6.011999130249 98 98 98
12.998528480530 10.125009536743 6.103000640869 176 176 176
12.998528480530 10.125009536743 6.167999267578 161 161 161
13.061023712158 10.124273300171 6.232000350952 119 119 119
13.123519897461 10.123538017273 6.295999526978 112 112 112
13.061023712158 10.124273300171 6.385000228882 140 140 140
13.123519897461 10.123538017273 6.441999435425 90 90 90
12.809570312500 10.002224922180 4.747999191284 84 84 84
12.809570312500 10.002224922180 4.819999694824 128 128 128
12.809570312500 10.002224922180 4.891000747681 131 131 131
12.809570312500 10.002224922180 4.962999343872 129 129 129
12.809570312500 10.002224922180 5.034999847412 124 124 124
12.871330261230 9.938992500305 5.107000350952 125 125 125
12.997057914734 10.000018119812 5.308000564575 198 198 198
12.997057914734 10.000018119812 5.378999710083 255 255 255
12.997057914734 10.000018119812 5.450000762939 250 250 250
12.997057914734 10.000018119812 5.521999359131 239 239 239
12.996321678162 9.937521934509 5.590999603271 181 181 181
12.996321678162 9.937521934509 5.663000106812 246 246 246
12.996321678162 9.937521934509 5.732999801636 236 236 236
12.996321678162 9.937521934509 5.804000854492 225 225 225
12.872066497803 10.001488685608 6.372999191284 80 80 80
13.058816909790 9.936785697937 6.384000778198 39 39 39
12.995586395264 9.875026702881 5.239000320435 252 252 252
12.995586395264 9.875026702881 5.309999465942 255 255 255
12.995586395264 9.875026702881 5.381000518799 254 254 254
12.995586395264 9.875026702881 5.451000213623 215 215 215
12.995586395264 9.875026702881 5.665000915527 92 92 92
13.058081626892 9.874290466309 5.733999252319 238 238 238
13.058081626892 9.874290466309 5.806999206543 236 236 236
13.057345390320 9.811794281006 5.875999450684 223 223 223
12.993379592896 9.687539100647 5.170999526978 173 173 173
12.993379592896 9.687539100647 5.240999221802 252 252 252
13.055874824524 9.686802864075 5.311000823975 224 224 224
13.055874824524 9.686802864075 5.808000564575 217 217 217
13.055874824524 9.686802864075 5.879999160767 226 226 226
13.055874824524 9.686802864075 5.951999664307 222 222 222
12.944860458374 10.875692367554 5.247999191284 180 180 180
12.944860458374 10.875692367554 5.327999114990 201 201 201
12.944860458374 10.875692367554 5.412000656128 32 32 32
12.944860458374 10.875692367554 5.819999694824 40 40 40
12.944860458374 10.875692367554 5.902000427246 170 170 170
12.879423141479 10.626444816589 4.844999313354 31 31 31
12.879423141479 10.626444816589 4.927999496460 88 88 88
12.879423141479 10.626444816589 5.010999679565 84 84 84
12.879423141479 10.626444816589 5.093999862671 76 76 76
13.005149841309 10.687470436096 5.249000549316 168 168 168
13.005149841309 10.687470436096 5.329999923706 196 196 196
13.005149841309 10.687470436096 5.412000656128 199 199 199
13.005149841309 10.687470436096 5.739000320435 122 122 122
13.005149841309 10.687470436096 5.820999145508 195 195 195
13.005149841309 10.687470436096 5.902999877930 192 192 192
13.005149841309 10.687470436096 5.985000610352 148 148 148
12.814719200134 10.439694404602 4.599000930786 70 70 70
12.814719200134 10.439694404602 4.681999206543 73 73 73
12.814719200134 10.439694404602 4.764999389648 69 69 69
12.814719200134 10.439694404602 4.847999572754 144 144 144
12.877215385437 10.438958168030 4.930000305176 62 62 62
12.877215385437 10.438958168030 5.010999679565 92 92 92
12.814719200134 10.439694404602 5.096000671387 83 83 83
12.814719200134 10.439694404602 5.179000854492 75 75 75
13.002943038940 10.499982833862 5.333000183105 176 176 176
13.002943038940 10.499982833862 5.413999557495 192 192 192
13.002943038940 10.499982833862 5.496000289917 199 199 199
13.002943038940 10.499982833862 5.658000946045 176 176 176
13.002943038940 10.499982833862 5.739999771118 200 200 200
13.002943038940 10.499982833862 5.822000503540 194 194 194
13.002943038940 10.499982833862 5.902999877930 96 96 96
13.000736236572 10.312496185303 2.698999404907 116 116 116
13.063966751099 10.374256134033 2.790000915527 133 133 133
13.063966751099 10.374256134033 2.875999450684 152 152 152
13.001471519470 10.374992370605 2.961000442505 166 166 166
13.001471519470 10.374992370605 3.048000335693 165 165 165
13.001471519470 10.374992370605 3.552000045776 164 164 164
13.001471519470 10.374992370605 3.635999679565 148 148 148
13.001471519470 10.374992370605 3.715999603271 138 138 138
13.000736236572 10.312496185303 3.795000076294 139 139 139
13.000736236572 10.312496185303 3.875999450684 131 131 131
13.000736236572 10.312496185303 3.955999374390 142 142 142
13.001471519470 10.374992370605 4.035999298096 153 153 153
13.001471519470 10.374992370605 4.117000579834 157 157 157
13.001471519470 10.374992370605 4.197999954224 156 156 156
12.938975334167 10.375727653503 4.278999328613 169 169 169
12.938975334167 10.375727653503 4.361000061035 161 161 161
12.938975334167 10.375727653503 4.441999435425 154 154 154
12.938975334167 10.375727653503 4.524000167847 159 159 159
12.938975334167 10.375727653503 4.604999542236 134 134 134
12.876480102539 10.376462936401 4.686000823975 92 92 92
12.875744819641 10.313966751099 4.767000198364 62 62 62
12.938975334167 10.375727653503 4.849000930786 91 91 91
12.938975334167 10.375727653503 4.930000305176 88 88 88
12.875744819641 10.313966751099 5.013999938965 83 83 83
12.813248634338 10.314702987671 5.097999572754 75 75 75
12.813248634338 10.314702987671 5.180999755859 80 80 80
13.001471519470 10.374992370605 5.415000915527 184 184 184
13.001471519470 10.374992370605 5.496999740601 199 199 199
13.001471519470 10.374992370605 5.576999664307 195 195 195
13.001471519470 10.374992370605 5.659999847412 190 190 190
13.001471519470 10.374992370605 5.742000579834 192 192 192
12.750017166138 10.252943038940 6.384000778198 41 41 41
12.938975334167 10.375727653503 6.413000106812 39 39 39
13.062495231628 10.249264717102 4.131999969482 21 21 21
13.062495231628 10.249264717102 4.211999893188 48 48 48
13.124991416931 10.248529434204 4.292999267578 66 66 66
13.062495231628 10.249264717102 4.372999191284 80 80 80
13.062495231628 10.249264717102 4.452999114990 103 103 103
13.124991416931 10.248529434204 4.533000946045 128 128 128
13.124991416931 10.248529434204 4.611999511719 165 165 165
13.124991416931 10.248529434204 4.690999984741 196 196 196
13.124991416931 10.248529434204 4.770000457764 229 229 229
13.062495231628 10.249264717102 4.849000930786 255 255 255
13.062495231628 10.249264717102 4.927999496460 255 255 255
13.124991416931 10.248529434204 5.006999969482 231 231 231
13.124991416931 10.248529434204 5.086000442505 212 212 212
13.124991416931 10.248529434204 5.166000366211 203 203 203
13.124991416931 10.248529434204 5.243999481201 203 203 203
13.124991416931 10.248529434204 5.323999404907 201 201 201
13.124991416931 10.248529434204 5.402999877930 198 198 198
13.124991416931 10.248529434204 5.482000350952 188 188 188
13.124991416931 10.248529434204 5.563999176025 170 170 170
13.124991416931 10.248529434204 5.642999649048 145 145 145
13.062495231628 10.249264717102 5.725000381470 144 144 144
13.062495231628 10.249264717102 5.809999465942 138 138 138
13.062495231628 10.249264717102 5.891000747681 137 137 137
13.062495231628 10.249264717102 5.975000381470 136 136 136
13.062495231628 10.249264717102 6.059000015259 135 135 135
13.000000000000 10.250000953674 6.143999099731 121 121 121
13.000000000000 10.250000953674 6.229000091553 104 104 104
13.062495231628 10.249264717102 6.299999237061 120 120 120
13.062495231628 10.249264717102 6.389999389648 129 129 129
13.062495231628 10.249264717102 6.468999862671 78 78 78
12.871330261230 9.938992500305 4.770000457764 41 41 41
12.809570312500 10.002224922180 4.853000640869 75 75 75
12.872066497803 10.001488685608 4.934999465942 75 75 75
12.872066497803 10.001488685608 5.017999649048 84 84 84
12.872066497803 10.001488685608 5.100999832153 80 80 80
12.997793197632 10.062513351440 5.339000701904 20 20 20
12.997793197632 10.062513351440 5.417999267578 197 197 197
12.997793197632 10.062513351440 5.496999740601 192 192 192
12.997793197632 10.062513351440 5.577999114990 185 185 185
12.997793197632 10.062513351440 5.659999847412 192 192 192
12.997793197632 10.062513351440 5.739999771118 189 189 189
13.061023712158 10.124273300171 6.062000274658 103 103 103
13.061759948730 10.186768531799 6.135000228882 124 124 124
13.061759948730 10.186768531799 6.218000411987 26 26 26
13.123519897461 10.123538017273 6.292999267578 87 87 87
12.934561729431 10.000753402710 6.427999496460 99 99 99
13.061759948730 10.186768531799 6.465000152588 24 24 24
12.995586395264 9.875026702881 5.256000518799 119 119 119
12.995586395264 9.875026702881 5.337999343872 194 194 194
12.995586395264 9.875026702881 5.417999267578 192 192 192
12.995586395264 9.875026702881 5.497999191284 170 170 170
12.995586395264 9.875026702881 5.659999847412 181 181 181
12.995586395264 9.875026702881 5.742000579834 192 192 192
12.996321678162 9.937521934509 5.822000503540 192 192 192
12.994114875793 9.750035285950 5.177000045776 182 182 182
12.994114875793 9.750035285950 5.257999420166 195 195 195
12.994114875793 9.750035285950 5.337999343872 194 194 194
12.994114875793 9.750035285950 5.417999267578 100 100 100
13.057345390320 9.811794281006 5.740999221802 190 190 190
13.057345390320 9.811794281006 5.822000503540 200 200 200
13.057345390320 9.811794281006 5.902000427246 189 189 189
13.055138587952 9.624307632446 5.822999954224 187 187 187
13.055138587952 9.624307632446 5.902999877930 126 126 126
13.007356643677 10.874957084656 5.903999328613 110 110 110
12.944860458374 10.875692367554 5.329999923706 187 187 187
12.944860458374 10.875692367554 5.247999191284 82 82 82
13.005149841309 10.687470436096 5.989999771118 139 139 139
13.005149841309 10.687470436096 5.906999588013 169 169 169
13.005149841309 10.687470436096 5.826000213623 173 173 173
13.005149841309 10.687470436096 5.743000030518 46 46 46
13.005149841309 10.687470436096 5.413999557495 198 198 198
13.005149841309 10.687470436096 5.332000732422 177 177 177
12.942653656006 10.688205718994 5.250999450684 159 159 159
13.002943038940 10.499982833862 5.909999847412 83 83 83
13.002943038940 10.499982833862 5.826000213623 168 168 168
13.002943038940 10.499982833862 5.743999481201 191 191 191
13.002943038940 10.499982833862 5.660999298096 136 136 136
13.002943038940 10.499982833862 5.496000289917 195 195 195
13.002943038940 10.499982833862 5.415000915527 185 185 185
13.002943038940 10.499982833862 5.333999633789 159 159 159
12.879423141479 10.626444816589 5.093999862671 65 65 65
12.879423141479 10.626444816589 5.010999679565 85 85 85
12.879423141479 10.626444816589 4.927999496460 82 82 82
13.001471519470 10.374992370605 6.416000366211 96 96 96
13.124991416931 10.248529434204 6.122999191284 16 16 16
13.124991416931 10.248529434204 6.041999816895 28 28 28
13.124991416931 10.248529434204 5.959999084473 42 42 42
13.187486648560 10.247793197632 5.878000259399 59 59 59
13.124991416931 10.248529434204 5.804000854492 66 66 66
13.062495231628 10.249264717102 5.733999252319 147 147 147
13.063231468201 10.311759948730 5.652999877930 149 149 149
13.062495231628 10.249264717102 5.572000503540 155 155 155
13.062495231628 10.249264717102 5.489999771118 160 160 160
13.062495231628 10.249264717102 5.408000946045 150 150 150
13.124991416931 10.248529434204 5.323999404907 123 123 123
13.124991416931 10.248529434204 5.245000839233 170 170 170
13.124991416931 10.248529434204 5.166000366211 162 162 162
13.124991416931 10.248529434204 5.086999893188 169 169 169
13.124991416931 10.248529434204 5.006999969482 174 174 174
13.124991416931 10.248529434204 4.927999496460 177 177 177
13.124991416931 10.248529434204 4.849000930786 178 178 178
13.124991416931 10.248529434204 4.768999099731 182 182 182
13.124991416931 10.248529434204 4.690000534058 188 188 188
13.124991416931 10.248529434204 4.611000061035 189 189 189
13.124991416931 10.248529434204 4.531000137329 188 188 188
13.124991416931 10.248529434204 4.450000762939 192 192 192
13.124991416931 10.248529434204 4.370000839233 188 188 188
13.062495231628 10.249264717102 4.290000915527 182 182 182
13.062495231628 10.249264717102 4.208999633789 184 184 184
13.062495231628 10.249264717102 4.128000259399 185 185 185
13.062495231628 10.249264717102 4.047000885010 179 179 179
13.062495231628 10.249264717102 3.965000152588 182 182 182
13.062495231628 10.249264717102 3.882999420166 178 178 178
13.062495231628 10.249264717102 3.801000595093 178 178 178
13.062495231628 10.249264717102 3.717000961304 174 174 174
13.062495231628 10.249264717102 3.632999420166 173 173 173
13.062495231628 10.249264717102 3.549999237061 172 172 172
13.000736236572 10.312496185303 3.121999740601 143 143 143
13.000736236572 10.312496185303 3.033000946045 132 132 132
13.000736236572 10.312496185303 2.945999145508 126 126 126
13.000736236572 10.312496185303 2.856000900269 126 126 126
13.000736236572 10.312496185303 2.773000717163 139 139 139
13.061759948730 10.186768531799 6.474000930786 101 101 101
13.061759948730 10.186768531799 6.389999389648 151 151 151
13.123519897461 10.123538017273 6.302999496460 125 125 125
13.061759948730 10.186768531799 6.231000900269 115 115 115
13.061759948730 10.186768531799 6.149999618530 152 152 152
12.999264717102 10.187504768372 6.070999145508 161 161 161
12.999264717102 10.187504768372 5.986999511719 165 165 165
12.999264717102 10.187504768372 5.906999588013 166 166 166
12.999264717102 10.187504768372 5.826000213623 170 170 170
12.999264717102 10.187504768372 5.743999481201 172 172 172
12.999264717102 10.187504768372 5.663000106812 186 186 186
12.999264717102 10.187504768372 5.580999374390 188 188 188
13.000000000000 10.250000953674 5.500999450684 192 192 192
13.000000000000 10.250000953674 5.419000625610 188 188 188
13.000000000000 10.250000953674 5.337999343872 195 195 195
13.000000000000 10.250000953674 5.256000518799 224 224 224
13.000000000000 10.250000953674 5.176000595093 185 185 185
13.000000000000 10.250000953674 5.094999313354 169 169 169
13.000000000000 10.250000953674 5.013999938965 147 147 147
13.000000000000 10.250000953674 4.931999206543 134 134 134
13.000000000000 10.250000953674 4.850999832153 119 119 119
13.000000000000 10.250000953674 4.768999099731 103 103 103
13.000000000000 10.250000953674 4.687999725342 57 57 57
12.875744819641 10.313966751099 4.601999282837 67 67 67
12.875744819641 10.313966751099 4.518999099731 96 96 96
13.059553146362 9.999281883240 6.396999359131 94 94 94
12.873537063599 10.126480102539 6.358999252319 96 96 96
12.997793197632 10.062513351440 6.256000518799 69 69 69
12.935297012329 10.063248634338 6.173999786377 89 89 89
12.997793197632 10.062513351440 5.826999664307 83 83 83
12.997793197632 10.062513351440 5.746000289917 173 173 173
12.997793197632 10.062513351440 5.663999557495 172 172 172
12.997793197632 10.062513351440 5.583000183105 159 159 159
12.997793197632 10.062513351440 5.502000808716 169 169 169
12.997793197632 10.062513351440 5.420999526978 171 171 171
12.997793197632 10.062513351440 5.337999343872 76 76 76
12.873537063599 10.126480102539 5.184000015259 57 57 57
12.873537063599 10.126480102539 5.100999832153 79 79 79
12.873537063599 10.126480102539 5.017000198364 94 94 94
12.873537063599 10.126480102539 4.934999465942 93 93 93
12.873537063599 10.126480102539 4.851999282837 117 117 117
12.873537063599 10.126480102539 4.768999099731 103 103 103
12.873537063599 10.126480102539 4.687000274658 70 70 70
12.873537063599 10.126480102539 4.603000640869 71 71 71
13.058081626892 9.874290466309 5.906999588013 98 98 98
13.058081626892 9.874290466309 5.829000473022 173 173 173
12.995586395264 9.875026702881 5.747999191284 178 178 178
13.058081626892 9.874290466309 5.665000915527 116 116 116
12.995586395264 9.875026702881 5.503999710083 70 70 70
12.995586395264 9.875026702881 5.422000885010 168 168 168
12.995586395264 9.875026702881 5.340999603271 171 171 171
12.995586395264 9.875026702881 5.260000228882 148 148 148
12.871330261230 9.938992500305 5.103000640869 78 78 78
12.872066497803 10.001488685608 5.020000457764 87 87 87
12.872066497803 10.001488685608 4.937000274658 83 83 83
12.872066497803 10.001488685608 4.854000091553 82 82 82
12.809570312500 10.002224922180 4.770999908447 13 13 13
13.056610107422 9.749299049377 5.988000869751 116 116 116
13.056610107422 9.749299049377 5.909999847412 170 170 170
13.056610107422 9.749299049377 5.827999114990 207 207 207
13.056610107422 9.749299049377 5.749000549316 91 91 91
13.056610107422 9.749299049377 5.340999603271 179 179 179
12.994114875793 9.750035285950 5.260999679565 170 170 170
12.994114875793 9.750035285950 5.180999755859 163 163 163
13.056610107422 9.749299049377 5.979000091553 143 143 143
13.119106292725 9.748563766479 5.895000457764 171 171 171
13.056610107422 9.749299049377 5.815000534058 203 203 203
13.056610107422 9.749299049377 5.329999923706 184 184 184
13.056610107422 9.749299049377 5.249000549316 168 168 168
13.056610107422 9.749299049377 5.169000625610 148 148 148
13.058081626892 9.874290466309 5.895999908447 105 105 105
13.058081626892 9.874290466309 5.815999984741 172 172 172
13.058081626892 9.874290466309 5.732999801636 174 174 174
13.058081626892 9.874290466309 5.652000427246 108 108 108
12.995586395264 9.875026702881 5.492000579834 108 108 108
12.995586395264 9.875026702881 5.410999298096 172 172 172
12.995586395264 9.875026702881 5.329000473022 169 169 169
12.995586395264 9.875026702881 5.246999740601 113 113 113
12.871330261230 9.938992500305 5.090999603271 76 76 76
12.871330261230 9.938992500305 5.007999420166 84 84 84
12.871330261230 9.938992500305 4.924999237061 78 78 78
12.871330261230 9.938992500305 4.842000961304 74 74 74
12.872066497803 10.001488685608 4.759000778198 36 36 36
13.061023712158 10.124273300171 6.488000869751 22 22 22
13.122784614563 10.061041831970 6.385999679565 109 109 109
12.998528480530 10.125009536743 6.320999145508 102 102 102
12.998528480530 10.125009536743 6.239999771118 90 90 90
12.998528480530 10.125009536743 6.160999298096 153 153 153
13.061023712158 10.124273300171 5.733999252319 171 171 171
13.061023712158 10.124273300171 5.652000427246 174 174 174
13.061023712158 10.124273300171 5.570999145508 168 168 168
12.998528480530 10.125009536743 5.490999221802 168 168 168
12.998528480530 10.125009536743 5.409999847412 171 171 171
12.874273300171 10.188975334167 5.173000335693 70 70 70
12.874273300171 10.188975334167 5.089000701904 74 74 74
12.936768531799 10.188240051270 5.004999160767 85 85 85
12.936768531799 10.188240051270 4.923000335693 73 73 73
12.874273300171 10.188975334167 4.840000152588 125 125 125
12.873537063599 10.126480102539 4.756999969482 84 84 84
12.873537063599 10.126480102539 4.673999786377 63 63 63
12.873537063599 10.126480102539 4.590999603271 201 201 201
13.124991416931 10.248529434204 6.457000732422 93 93 93
13.062495231628 10.249264717102 6.385999679565 108 108 108
13.124991416931 10.248529434204 6.292999267578 129 129 129
13.124991416931 10.248529434204 6.207000732422 140 140 140
13.124256134033 10.186033248901 6.120000839233 183 183 183
13.124256134033 10.186033248901 6.040000915527 177 177 177
13.124256134033 10.186033248901 5.958999633789 181 181 181
13.124991416931 10.248529434204 5.879999160767 176 176 176
13.124991416931 10.248529434204 5.798999786377 174 174 174
13.124991416931 10.248529434204 5.718999862671 171 171 171
13.124991416931 10.248529434204 5.638999938965 171 171 171
13.124991416931 10.248529434204 5.559000015259 162 162 162
13.124991416931 10.248529434204 5.479999542236 164 164 164
13.124991416931 10.248529434204 5.399999618530 174 174 174
13.124991416931 10.248529434204 5.320999145508 194 194 194
13.062495231628 10.249264717102 5.243000030518 237 237 237
13.062495231628 10.249264717102 5.160999298096 173 173 173
13.062495231628 10.249264717102 5.082000732422 163 163 163
13.062495231628 10.249264717102 5.000999450684 165 165 165
13.062495231628 10.249264717102 4.920999526978 158 158 158
13.062495231628 10.249264717102 4.840000152588 166 166 166
13.000000000000 10.250000953674 4.759000778198 164 164 164
13.062495231628 10.249264717102 4.679000854492 174 174 174
13.000736236572 10.312496185303 4.596000671387 152 152 152
13.000736236572 10.312496185303 4.514999389648 161 161 161
13.000736236572 10.312496185303 4.434000015259 160 160 160
13.000736236572 10.312496185303 4.353000640869 151 151 151
13.000736236572 10.312496185303 4.270000457764 156 156 156
13.000736236572 10.312496185303 4.187000274658 146 146 146
13.000736236572 10.312496185303 4.104000091553 148 148 148
13.000736236572 10.312496185303 4.020999908447 144 144 144
13.000736236572 10.312496185303 3.937000274658 136 136 136
13.000736236572 10.312496185303 3.854000091553 127 127 127
12.938240051270 10.313231468201 3.768999099731 125 125 125
12.938240051270 10.313231468201 3.684999465942 125 125 125
12.938240051270 10.313231468201 3.599000930786 121 121 121
12.938240051270 10.313231468201 3.513000488281 117 117 117
12.938975334167 10.375727653503 3.077999114990 105 105 105
12.813983917236 10.377199172974 2.777999877930 199 199 199
13.127198219299 10.436016082764 6.386999130249 21 21 21
13.065438270569 10.499246597290 5.819000244141 158 158 158
13.065438270569 10.499246597290 5.736999511719 164 164 164
13.065438270569 10.499246597290 5.655000686646 196 196 196
13.065438270569 10.499246597290 5.572000503540 166 166 166
13.002206802368 10.437487602234 5.489999771118 191 191 191
13.002206802368 10.437487602234 5.409000396729 188 188 188
12.815455436707 10.502189636230 5.170999526978 42 42 42
12.815455436707 10.502189636230 5.087999343872 82 82 82
12.877951622009 10.501453399658 5.003999710083 86 86 86
12.815455436707 10.502189636230 4.922000885010 84 84 84
12.815455436707 10.502189636230 4.839000701904 85 85 85
12.815455436707 10.502189636230 4.754999160767 54 54 54
13.063966751099 10.374256134033 3.627000808716 18 18 18
13.063966751099 10.374256134033 3.544000625610 32 32 32
13.063966751099 10.374256134033 3.118000030518 60 60 60
13.063966751099 10.374256134033 2.943000793457 95 95 95
13.002206802368 10.437487602234 2.836999893188 170 170 170
13.002206802368 10.437487602234 2.746999740601 157 157 157
13.001471519470 10.374992370605 2.675000190735 139 139 139
13.004414558411 10.624974250793 5.905000686646 168 168 168
13.004414558411 10.624974250793 5.820999145508 189 189 189
13.004414558411 10.624974250793 5.739000320435 166 166 166
13.004414558411 10.624974250793 5.490999221802 121 121 121
13.004414558411 10.624974250793 5.409000396729 184 184 184
13.004414558411 10.624974250793 5.327999114990 189 189 189
13.005149841309 10.687470436096 5.247999191284 67 67 67
13.006621360779 10.812461853027 5.986999511719 45 45 45
13.007356643677 10.874957084656 5.905000686646 159 159 159
13.006621360779 10.812461853027 5.819999694824 73 73 73
13.006621360779 10.812461853027 5.408000946045 27 27 27
13.007356643677 10.874957084656 5.327999114990 190 190 190
13.007356643677 10.874957084656 5.246000289917 153 153 153
13.056610107422 9.749299049377 5.163999557495 113 113 113
12.993379592896 9.687539100647 5.245000839233 193 193 193
12.993379592896 9.687539100647 5.325000762939 192 192 192
13.056610107422 9.749299049377 5.728000640869 95 95 95
13.056610107422 9.749299049377 5.809999465942 200 200 200
13.056610107422 9.749299049377 5.892999649048 189 189 189
13.056610107422 9.749299049377 5.975999832153 88 88 88
12.995586395264 9.875026702881 5.245000839233 192 192 192
12.995586395264 9.875026702881 5.325000762939 191 191 191
12.995586395264 9.875026702881 5.406000137329 193 193 193
12.995586395264 9.875026702881 5.485000610352 21 21 21
12.995586395264 9.875026702881 5.648000717163 129 129 129
12.995586395264 9.875026702881 5.729000091553 189 189 189
12.995586395264 9.875026702881 5.811000823975 192 192 192
12.995586395264 9.875026702881 5.892999649048 41 41 41
12.872066497803 10.001488685608 4.840000152588 66 66 66
12.809570312500 10.002224922180 4.923000335693 81 81 81
12.809570312500 10.002224922180 5.004999160767 76 76 76
12.809570312500 10.002224922180 5.087999343872 72 72 72
12.997793197632 10.062513351440 5.325000762939 122 122 122
12.997793197632 10.062513351440 5.405000686646 194 194 194
12.997793197632 10.062513351440 5.486000061035 195 195 195
12.997793197632 10.062513351440 5.565000534058 179 179 179
12.997793197632 10.062513351440 5.648000717163 191 191 191
12.997793197632 10.062513351440 5.729000091553 191 191 191
13.061023712158 10.124273300171 6.052999496460 102 102 102
13.061023712158 10.124273300171 6.132999420166 94 94 94
13.061759948730 10.186768531799 6.291999816895 48 48 48
12.997793197632 10.062513351440 6.403999328613 92 92 92
13.062495231628 10.249264717102 4.278999328613 27 27 27
13.062495231628 10.249264717102 4.358999252319 49 49 49
13.062495231628 10.249264717102 4.438999176025 75 75 75
13.062495231628 10.249264717102 4.518999099731 92 92 92
13.124991416931 10.248529434204 4.597999572754 121 121 121
13.124991416931 10.248529434204 4.677999496460 148 148 148
13.062495231628 10.249264717102 4.756999969482 198 198 198
13.062495231628 10.249264717102 4.836000442505 255 255 255
13.062495231628 10.249264717102 4.915000915527 255 255 255
13.124991416931 10.248529434204 4.993999481201 230 230 230
13.062495231628 10.249264717102 5.072999954224 206 206 206
13.062495231628 10.249264717102 5.152000427246 201 201 201
13.062495231628 10.249264717102 5.232000350952 201 201 201
13.062495231628 10.249264717102 5.311000823975 200 200 200
13.062495231628 10.249264717102 5.391000747681 199 199 199
13.062495231628 10.249264717102 5.469999313354 191 191 191
13.062495231628 10.249264717102 5.551000595093 173 173 173
13.062495231628 10.249264717102 5.631000518799 146 146 146
13.062495231628 10.249264717102 5.714000701904 143 143 143
13.062495231628 10.249264717102 5.797000885010 138 138 138
13.062495231628 10.249264717102 5.881999969482 137 137 137
13.000000000000 10.250000953674 5.965999603271 133 133 133
13.000000000000 10.250000953674 6.048999786377 136 136 136
13.000736236572 10.312496185303 6.135999679565 128 128 128
13.000736236572 10.312496185303 6.221000671387 104 104 104
13.062495231628 10.249264717102 6.291999816895 119 119 119
13.062495231628 10.249264717102 6.381000518799 132 132 132
13.062495231628 10.249264717102 6.465999603271 73 73 73
13.001471519470 10.374992370605 2.686000823975 106 106 106
13.001471519470 10.374992370605 2.770999908447 131 131 131
13.001471519470 10.374992370605 2.863000869751 156 156 156
13.001471519470 10.374992370605 2.947000503540 163 163 163
13.001471519470 10.374992370605 3.033000946045 161 161 161
13.001471519470 10.374992370605 3.538999557495 144 144 144
13.001471519470 10.374992370605 3.618999481201 133 133 133
13.001471519470 10.374992370605 3.697999954224 135 135 135
13.001471519470 10.374992370605 3.777999877930 138 138 138
13.001471519470 10.374992370605 3.858999252319 138 138 138
12.938975334167 10.375727653503 3.940000534058 139 139 139
12.938975334167 10.375727653503 4.020000457764 147 147 147
12.938975334167 10.375727653503 4.100999832153 160 160 160
12.938975334167 10.375727653503 4.184000015259 155 155 155
12.938975334167 10.375727653503 4.266000747681 147 147 147
12.938975334167 10.375727653503 4.347999572754 129 129 129
12.938975334167 10.375727653503 4.429000854492 112 112 112
12.876480102539 10.376462936401 4.507999420166 80 80 80
12.813248634338 10.314702987671 4.590000152588 82 82 82
12.876480102539 10.376462936401 4.673000335693 65 65 65
12.813248634338 10.314702987671 4.754999160767 49 49 49
12.938975334167 10.375727653503 4.836000442505 77 77 77
12.938975334167 10.375727653503 4.917999267578 77 77 77
12.813248634338 10.314702987671 5.002000808716 79 79 79
12.813248634338 10.314702987671 5.086000442505 75 75 75
12.813248634338 10.314702987671 5.169000625610 71 71 71
12.938975334167 10.375727653503 5.403999328613 193 193 193
13.002206802368 10.437487602234 5.485000610352 197 197 197
13.002206802368 10.437487602234 5.565999984741 192 192 192
13.002206802368 10.437487602234 5.649000167847 194 194 194
12.938975334167 10.375727653503 5.732999801636 195 195 195
13.002206802368 10.437487602234 5.812000274658 74 74 74
12.750753402710 10.315438270569 6.371000289917 31 31 31
12.814719200134 10.439694404602 4.669000625610 69 69 69
12.814719200134 10.439694404602 4.752000808716 72 72 72
12.814719200134 10.439694404602 4.834999084473 73 73 73
12.814719200134 10.439694404602 4.917999267578 65 65 65
12.877951622009 10.501453399658 5.000000000000 83 83 83
12.814719200134 10.439694404602 5.083999633789 79 79 79
12.814719200134 10.439694404602 5.166999816895 66 66 66
13.004414558411 10.624974250793 5.320999145508 197 197 197
13.004414558411 10.624974250793 5.402000427246 194 194 194
13.004414558411 10.624974250793 5.482999801636 191 191 191
13.004414558411 10.624974250793 5.649000167847 45 45 45
13.004414558411 10.624974250793 5.731000900269 200 200 200
13.004414558411 10.624974250793 5.812999725342 194 194 194
13.004414558411 10.624974250793 5.895000457764 188 188 188
13.005885124207 10.749965667725 5.236999511719 191 191 191
13.005885124207 10.749965667725 5.319000244141 194 194 194
13.005885124207 10.749965667725 5.399999618530 191 191 191
12.943388938904 10.750700950623 5.811000823975 195 195 195
13.005885124207 10.749965667725 5.892999649048 193 193 193
12.943388938904 10.750700950623 5.976999282837 193 193 193
12.993379592896 9.687539100647 5.160999298096 182 182 182
12.993379592896 9.687539100647 5.231000900269 243 243 243
12.993379592896 9.687539100647 5.301000595093 209 209 209
12.993379592896 9.687539100647 5.372999191284 55 55 55
12.993379592896 9.687539100647 5.731000900269 91 91 91
13.055874824524 9.686802864075 5.798000335693 210 210 210
13.056610107422 9.749299049377 5.870000839233 225 225 225
13.056610107422 9.749299049377 5.941999435425 219 219 219
12.870594978333 9.876497268677 4.954000473022 21 21 21
12.995586395264 9.875026702881 5.228000640869 227 227 227
12.995586395264 9.875026702881 5.298999786377 243 243 243
13.058081626892 9.874290466309 5.368000030518 237 237 237
12.995586395264 9.875026702881 5.440000534058 236 236 236
13.058081626892 9.874290466309 5.652999877930 202 202 202
13.058081626892 9.874290466309 5.722000122070 229 229 229
13.058081626892 9.874290466309 5.795999526978 227 227 227
13.058081626892 9.874290466309 5.868000030518 214 214 214
12.872066497803 10.001488685608 4.662000656128 81 81 81
12.934561729431 10.000753402710 4.732999801636 124 124 124
12.872066497803 10.001488685608 4.805999755859 120 120 120
12.872066497803 10.001488685608 4.877000808716 129 129 129
12.934561729431 10.000753402710 4.947000503540 123 123 123
12.872066497803 10.001488685608 5.020000457764 121 121 121
12.872066497803 10.001488685608 5.093999862671 117 117 117
12.872066497803 10.001488685608 5.166999816895 76 76 76
12.997793197632 10.062513351440 5.365999221802 241 241 241
12.997793197632 10.062513351440 5.436000823975 235 235 235
12.997793197632 10.062513351440 5.509000778198 233 233 233
12.997793197632 10.062513351440 5.576999664307 228 228 228
12.997793197632 10.062513351440 5.650999069214 232 232 232
12.997793197632 10.062513351440 5.722000122070 228 228 228
12.997793197632 10.062513351440 5.795000076294 155 155 155
12.997793197632 10.062513351440 6.086999893188 22 22 22
12.997793197632 10.062513351440 6.239999771118 61 61 61
12.809570312500 10.002224922180 6.374000549316 116 116 116
12.997793197632 10.062513351440 6.402999877930 105 105 105
13.000000000000 10.250000953674 4.445999145508 99 99 99
12.874273300171 10.188975334167 4.516000747681 198 198 198
13.000000000000 10.250000953674 4.586999893188 164 164 164
13.000000000000 10.250000953674 4.656999588013 185 185 185
13.000000000000 10.250000953674 4.728000640869 204 204 204
12.999264717102 10.187504768372 4.797000885010 227 227 227
12.999264717102 10.187504768372 4.868000030518 255 255 255
12.999264717102 10.187504768372 4.937999725342 214 214 214
12.999264717102 10.187504768372 5.006999969482 215 215 215
13.062495231628 10.249264717102 5.072999954224 157 157 157
13.124991416931 10.248529434204 5.139999389648 143 143 143
13.124991416931 10.248529434204 5.208999633789 151 151 151
13.124991416931 10.248529434204 5.277999877930 161 161 161
13.124991416931 10.248529434204 5.347999572754 166 166 166
13.124991416931 10.248529434204 5.416000366211 174 174 174
13.124991416931 10.248529434204 5.486000061035 178 178 178
13.124991416931 10.248529434204 5.555000305176 180 180 180
13.124991416931 10.248529434204 5.625999450684 177 177 177
13.124991416931 10.248529434204 5.694999694824 180 180 180
13.187486648560 10.247793197632 5.763999938965 181 181 181
13.124991416931 10.248529434204 5.836999893188 180 180 180
13.187486648560 10.247793197632 5.908000946045 178 178 178
13.187486648560 10.247793197632 5.979999542236 171 171 171
13.187486648560 10.247793197632 6.051000595093 165 165 165
13.186751365662 10.185297012329 6.121999740601 159 159 159
13.062495231628 10.249264717102 6.218000411987 115 115 115
13.124991416931 10.248529434204 6.283000946045 113 113 113
13.062495231628 10.249264717102 6.371999740601 114 114 114
13.124991416931 10.248529434204 6.433000564575 81 81 81
13.063966751099 10.374256134033 3.530000686646 131 131 131
13.063966751099 10.374256134033 3.603000640869 129 129 129
13.063966751099 10.374256134033 3.673999786377 115 115 115
13.063966751099 10.374256134033 3.745000839233 112 112 112
13.063966751099 10.374256134033 3.815000534058 95 95 95
13.063966751099 10.374256134033 3.885000228882 86 86 86
13.000736236572 10.312496185303 3.954000473022 73 73 73
13.000736236572 10.312496185303 4.024000167847 18 18 18
12.813983917236 10.377199172974 4.510999679565 85 85 85
12.813983917236 10.377199172974 4.583000183105 147 147 147
12.813983917236 10.377199172974 4.655000686646 161 161 161
12.876480102539 10.376462936401 4.726999282837 142 142 142
12.938975334167 10.375727653503 4.797000885010 171 171 171
12.813983917236 10.377199172974 4.871999740601 143 143 143
12.876480102539 10.376462936401 4.940999984741 124 124 124
12.876480102539 10.376462936401 5.013000488281 124 124 124
12.813983917236 10.377199172974 5.089000701904 122 122 122
12.876480102539 10.376462936401 5.159999847412 105 105 105
13.001471519470 10.374992370605 5.361000061035 182 182 182
13.001471519470 10.374992370605 5.433000564575 197 197 197
13.001471519470 10.374992370605 5.503999710083 204 204 204
13.000736236572 10.312496185303 5.575000762939 228 228 228
13.001471519470 10.374992370605 5.648000717163 223 223 223
13.001471519470 10.374992370605 5.722000122070 228 228 228
13.000736236572 10.312496185303 5.791999816895 213 213 213
12.815455436707 10.502189636230 4.798000335693 23 23 23
12.815455436707 10.502189636230 4.868999481201 111 111 111
12.815455436707 10.502189636230 4.941999435425 118 118 118
12.815455436707 10.502189636230 5.013999938965 123 123 123
12.815455436707 10.502189636230 5.086000442505 121 121 121
13.003678321838 10.562479019165 5.288000106812 238 238 238
13.003678321838 10.562479019165 5.361000061035 210 210 210
13.003678321838 10.562479019165 5.430999755859 202 202 202
13.003678321838 10.562479019165 5.503000259399 183 183 183
13.003678321838 10.562479019165 5.719999313354 218 218 218
13.003678321838 10.562479019165 5.792999267578 221 221 221
13.003678321838 10.562479019165 5.865999221802 221 221 221
13.003678321838 10.562479019165 5.940000534058 50 50 50
13.005885124207 10.749965667725 5.215999603271 245 245 245
13.005885124207 10.749965667725 5.287000656128 248 248 248
13.005885124207 10.749965667725 5.358999252319 209 209 209
13.005885124207 10.749965667725 5.431999206543 13 13 13
13.005885124207 10.749965667725 5.792999267578 192 192 192
13.005885124207 10.749965667725 5.865999221802 224 224 224
13.005885124207 10.749965667725 5.938999176025 220 220 220
13.005885124207 10.749965667725 6.010999679565 163 163 163
13.119106292725 9.748563766479 5.988000869751 114 114 114
13.119106292725 9.748563766479 5.905000686646 174 174 174
13.119106292725 9.748563766479 5.823999404907 198 198 198
12.993379592896 9.687539100647 5.339000701904 170 170 170
12.993379592896 9.687539100647 5.256999969482 171 171 171
12.993379592896 9.687539100647 5.177000045776 115 115 115
13.057345390320 9.811794281006 5.903999328613 163 163 163
13.057345390320 9.811794281006 5.822000503540 171 171 171
13.058081626892 9.874290466309 5.743000030518 168 168 168
13.058081626892 9.874290466309 5.419000625610 167 167 167
12.995586395264 9.875026702881 5.336999893188 168 168 168
12.995586395264 9.875026702881 5.256999969482 171 171 171
12.871330261230 9.938992500305 5.100000381470 62 62 62
12.871330261230 9.938992500305 5.017000198364 62 62 62
12.871330261230 9.938992500305 4.934000015259 53 53 53
12.871330261230 9.938992500305 4.850999832153 30 30 30
13.059553146362 9.999281883240 6.406000137329 42 42 42
12.811777114868 10.189711570740 6.381999969482 45 45 45
13.059553146362 9.999281883240 5.822000503540 148 148 148
13.059553146362 9.999281883240 5.743999481201 171 171 171
13.059553146362 9.999281883240 5.662000656128 171 171 171
13.059553146362 9.999281883240 5.580999374390 81 81 81
13.059553146362 9.999281883240 5.500000000000 170 170 170
13.059553146362 9.999281883240 5.417999267578 167 167 167
12.997793197632 10.062513351440 5.336999893188 141 141 141
12.872801780701 10.063983917236 5.181999206543 44 44 44
12.872801780701 10.063983917236 5.099000930786 40 40 40
12.872066497803 10.001488685608 5.014999389648 61 61 61
12.872066497803 10.001488685608 4.931999206543 57 57 57
12.872801780701 10.063983917236 4.850000381470 117 117 117
12.872801780701 10.063983917236 4.767000198364 93 93 93
12.872801780701 10.063983917236 4.684000015259 61 61 61
12.810305595398 10.064720153809 4.599000930786 30 30 30
13.123519897461 10.123538017273 6.475000381470 68 68 68
13.061759948730 10.186768531799 6.393999099731 157 157 157
13.123519897461 10.123538017273 6.304000854492 120 120 120
13.061759948730 10.186768531799 6.232000350952 111 111 111
13.061759948730 10.186768531799 6.153999328613 142 142 142
12.999264717102 10.187504768372 6.070999145508 127 127 127
12.999264717102 10.187504768372 5.989000320435 120 120 120
13.061759948730 10.186768531799 5.905000686646 111 111 111
12.999264717102 10.187504768372 5.823999404907 110 110 110
12.999264717102 10.187504768372 5.743000030518 172 172 172
12.999264717102 10.187504768372 5.660999298096 186 186 186
12.999264717102 10.187504768372 5.579999923706 188 188 188
12.999264717102 10.187504768372 5.499000549316 183 183 183
12.999264717102 10.187504768372 5.419000625610 86 86 86
12.875744819641 10.313966751099 5.180000305176 75 75 75
12.875744819641 10.313966751099 5.097000122070 62 62 62
12.875744819641 10.313966751099 5.013999938965 37 37 37
13.000000000000 10.250000953674 4.930000305176 65 65 65
13.000000000000 10.250000953674 4.849000930786 51 51 51
12.874273300171 10.188975334167 4.766000747681 72 72 72
12.874273300171 10.188975334167 4.684000015259 64 64 64
12.812512397766 10.252207756042 4.599000930786 45 45 45
12.875008583069 10.251471519470 4.517000198364 105 105 105
13.001471519470 10.374992370605 6.420999526978 107 107 107
13.124991416931 10.248529434204 6.302000045776 78 78 78
13.186751365662 10.185297012329 6.204000473022 23 23 23
13.186751365662 10.185297012329 6.121999740601 104 104 104
13.186751365662 10.185297012329 6.041000366211 116 116 116
13.187486648560 10.247793197632 5.961999893188 125 125 125
13.187486648560 10.247793197632 5.881000518799 138 138 138
13.187486648560 10.247793197632 5.801000595093 145 145 145
13.187486648560 10.247793197632 5.721000671387 153 153 153
13.124991416931 10.248529434204 5.642000198364 164 164 164
13.124991416931 10.248529434204 5.562000274658 177 177 177
13.124991416931 10.248529434204 5.482999801636 190 190 190
13.124991416931 10.248529434204 5.402999877930 207 207 207
13.124991416931 10.248529434204 5.323999404907 255 255 255
13.124991416931 10.248529434204 5.245000839233 255 255 255
13.124991416931 10.248529434204 5.166000366211 251 251 251
13.124991416931 10.248529434204 5.086000442505 234 234 234
13.124991416931 10.248529434204 5.006999969482 221 221 221
13.124991416931 10.248529434204 4.927999496460 214 214 214
13.124991416931 10.248529434204 4.847999572754 209 209 209
13.124991416931 10.248529434204 4.768999099731 206 206 206
13.124991416931 10.248529434204 4.688999176025 201 201 201
13.124991416931 10.248529434204 4.608999252319 196 196 196
13.124991416931 10.248529434204 4.530000686646 194 194 194
13.124991416931 10.248529434204 4.450000762939 193 193 193
13.124991416931 10.248529434204 4.368000030518 191 191 191
13.124991416931 10.248529434204 4.288000106812 186 186 186
13.062495231628 10.249264717102 4.207000732422 184 184 184
13.062495231628 10.249264717102 4.125999450684 182 182 182
13.062495231628 10.249264717102 4.045000076294 180 180 180
13.062495231628 10.249264717102 3.964000701904 175 175 175
13.062495231628 10.249264717102 3.881000518799 174 174 174
13.062495231628 10.249264717102 3.795999526978 167 167 167
13.062495231628 10.249264717102 3.715999603271 158 158 158
13.062495231628 10.249264717102 3.631999969482 150 150 150
13.062495231628 10.249264717102 3.548000335693 146 146 146
13.000736236572 10.312496185303 3.118999481201 111 111 111
13.000736236572 10.312496185303 3.030000686646 114 114 114
13.000736236572 10.312496185303 2.940999984741 113 113 113
13.000736236572 10.312496185303 2.847999572754 118 118 118
12.938240051270 10.313231468201 2.750999450684 137 137 137
13.000736236572 10.312496185303 2.673000335693 136 136 136
13.002943038940 10.499982833862 5.826000213623 167 167 167
13.002943038940 10.499982833862 5.745000839233 186 186 186
13.002943038940 10.499982833862 5.662000656128 171 171 171
13.002943038940 10.499982833862 5.577999114990 70 70 70
13.002943038940 10.499982833862 5.496999740601 196 196 196
13.002943038940 10.499982833862 5.416999816895 187 187 187
13.002943038940 10.499982833862 5.336000442505 116 116 116
12.878686904907 10.563949584961 5.096000671387 75 75 75
12.878686904907 10.563949584961 5.011999130249 82 82 82
12.878686904907 10.563949584961 4.929000854492 56 56 56
12.878686904907 10.563949584961 4.846000671387 36 36 36
13.005149841309 10.687470436096 5.993999481201 84 84 84
13.005149841309 10.687470436096 5.909999847412 172 172 172
13.005149841309 10.687470436096 5.825000762939 180 180 180
13.005149841309 10.687470436096 5.743000030518 117 117 117
13.005149841309 10.687470436096 5.496000289917 51 51 51
13.005149841309 10.687470436096 5.415000915527 196 196 196
13.005149841309 10.687470436096 5.333000183105 181 181 181
13.005149841309 10.687470436096 5.252000808716 131 131 131
13.007356643677 10.874957084656 5.909000396729 162 162 162
13.007356643677 10.874957084656 5.826000213623 34 34 34
13.006621360779 10.812461853027 5.412000656128 19 19 19
13.007356643677 10.874957084656 5.333000183105 198 198 198
13.007356643677 10.874957084656 5.250000000000 138 138 138
12.992643356323 9.625043869019 5.236999511719 132 132 132
12.992643356323 9.625043869019 5.306999206543 213 213 213
13.055138587952 9.624307632446 5.802000045776 212 212 212
13.055138587952 9.624307632446 5.875000000000 210 210 210
13.117634773254 9.623572349548 5.944999694824 91 91 91
12.994114875793 9.750035285950 5.163999557495 135 135 135
12.994114875793 9.750035285950 5.236000061035 253 253 253
12.994114875793 9.750035285950 5.305000305176 230 230 230
12.994114875793 9.750035285950 5.375999450684 237 237 237
12.994114875793 9.750035285950 5.729999542236 216 216 216
13.057345390320 9.811794281006 5.802000045776 207 207 207
13.057345390320 9.811794281006 5.875000000000 206 206 206
12.994114875793 9.750035285950 5.950000762939 16 16 16
12.871330261230 9.938992500305 4.816999435425 108 108 108
12.871330261230 9.938992500305 4.888999938965 169 169 169
12.871330261230 9.938992500305 4.961000442505 178 178 178
12.871330261230 9.938992500305 5.033000946045 165 165 165
12.871330261230 9.938992500305 5.104999542236 104 104 104
12.995586395264 9.875026702881 5.305999755859 247 247 247
12.995586395264 9.875026702881 5.377000808716 243 243 243
12.995586395264 9.875026702881 5.448999404907 237 237 237
12.995586395264 9.875026702881 5.520000457764 182 182 182
12.995586395264 9.875026702881 5.590999603271 15 15 15
12.995586395264 9.875026702881 5.659000396729 222 222 222
12.995586395264 9.875026702881 5.731000900269 219 219 219
13.058816909790 9.936785697937 5.802999496460 210 210 210
12.872801780701 10.063983917236 4.600000381470 140 140 140
12.872801780701 10.063983917236 4.672000885010 149 149 149
12.872801780701 10.063983917236 4.743999481201 143 143 143
12.872801780701 10.063983917236 4.815000534058 193 193 193
12.872801780701 10.063983917236 4.886999130249 139 139 139
12.872801780701 10.063983917236 4.957000732422 144 144 144
12.872801780701 10.063983917236 5.028999328613 128 128 128
12.872801780701 10.063983917236 5.104000091553 125 125 125
12.872801780701 10.063983917236 5.177999496460 58 58 58
12.997793197632 10.062513351440 5.377000808716 200 200 200
12.997793197632 10.062513351440 5.447999954224 238 238 238
12.997793197632 10.062513351440 5.520000457764 236 236 236
12.997793197632 10.062513351440 5.589000701904 240 240 240
12.997793197632 10.062513351440 5.659999847412 222 222 222
13.061023712158 10.124273300171 5.731000900269 212 212 212
12.997793197632 10.062513351440 6.033000946045 125 125 125
12.935297012329 10.063248634338 6.113000869751 151 151 151
13.061023712158 10.124273300171 6.165000915527 140 140 140
13.061023712158 10.124273300171 6.233999252319 101 101 101
13.061023712158 10.124273300171 6.308000564575 93 93 93
13.061023712158 10.124273300171 6.391000747681 106 106 106
13.060288429260 10.061777114868 6.451999664307 45 45 45
12.937503814697 10.250736236572 3.816999435425 42 42 42
13.000000000000 10.250000953674 3.891000747681 95 95 95
12.937503814697 10.250736236572 3.959999084473 82 82 82
13.000000000000 10.250000953674 4.034999847412 91 91 91
13.000000000000 10.250000953674 4.107000350952 99 99 99
13.000000000000 10.250000953674 4.177999496460 106 106 106
13.000000000000 10.250000953674 4.247999191284 150 150 150
13.000000000000 10.250000953674 4.318000793457 186 186 186
12.999264717102 10.187504768372 4.388999938965 177 177 177
13.062495231628 10.249264717102 4.461000442505 131 131 131
13.062495231628 10.249264717102 4.530000686646 146 146 146
13.124991416931 10.248529434204 4.599000930786 163 163 163
13.124991416931 10.248529434204 4.667999267578 181 181 181
13.124991416931 10.248529434204 4.736999511719 210 210 210
13.124991416931 10.248529434204 4.805999755859 255 255 255
13.124991416931 10.248529434204 4.875000000000 255 255 255
13.124991416931 10.248529434204 4.943000793457 233 233 233
13.124991416931 10.248529434204 5.011999130249 213 213 213
13.124991416931 10.248529434204 5.079999923706 201 201 201
13.124991416931 10.248529434204 5.149999618530 202 202 202
13.124991416931 10.248529434204 5.218999862671 196 196 196
13.124991416931 10.248529434204 5.288999557495 198 198 198
13.124991416931 10.248529434204 5.357999801636 188 188 188
13.124991416931 10.248529434204 5.426000595093 177 177 177
13.124991416931 10.248529434204 5.497999191284 165 165 165
13.124991416931 10.248529434204 5.568000793457 154 154 154
13.124991416931 10.248529434204 5.638000488281 140 140 140
13.124991416931 10.248529434204 5.711000442505 134 134 134
13.124991416931 10.248529434204 5.777999877930 107 107 107
13.124991416931 10.248529434204 5.849000930786 99 99 99
13.124991416931 10.248529434204 5.920999526978 82 82 82
13.124991416931 10.248529434204 5.995000839233 74 74 74
13.124991416931 10.248529434204 6.069000244141 60 60 60
13.124991416931 10.248529434204 6.142999649048 25 25 25
13.062495231628 10.249264717102 6.238000869751 86 86 86
13.062495231628 10.249264717102 6.309999465942 93 93 93
12.937503814697 10.250736236572 6.424999237061 101 101 101
13.063966751099 10.374256134033 3.545000076294 91 91 91
13.000736236572 10.312496185303 3.614999771118 75 75 75
13.063966751099 10.374256134033 3.687000274658 45 45 45
12.813983917236 10.377199172974 4.527000427246 49 49 49
12.813983917236 10.377199172974 4.599000930786 145 145 145
12.813983917236 10.377199172974 4.670999526978 138 138 138
12.813983917236 10.377199172974 4.743000030518 162 162 162
12.813983917236 10.377199172974 4.815000534058 177 177 177
12.876480102539 10.376462936401 4.886999130249 161 161 161
12.876480102539 10.376462936401 4.957000732422 130 130 130
12.876480102539 10.376462936401 5.027999877930 129 129 129
12.813983917236 10.377199172974 5.104000091553 120 120 120
12.876480102539 10.376462936401 5.174999237061 95 95 95
13.001471519470 10.374992370605 5.377000808716 228 228 228
13.001471519470 10.374992370605 5.447999954224 207 207 207
13.001471519470 10.374992370605 5.517999649048 201 201 201
13.001471519470 10.374992370605 5.592000961304 221 221 221
13.001471519470 10.374992370605 5.663000106812 195 195 195
13.001471519470 10.374992370605 5.736000061035 216 216 216
13.001471519470 10.374992370605 5.808000564575 203 203 203
12.815455436707 10.502189636230 4.812999725342 75 75 75
12.815455436707 10.502189636230 4.885000228882 167 167 167
12.815455436707 10.502189636230 4.958000183105 134 134 134
12.815455436707 10.502189636230 5.030000686646 120 120 120
12.815455436707 10.502189636230 5.100999832153 117 117 117
13.002943038940 10.499982833862 5.305000305176 240 240 240
13.002943038940 10.499982833862 5.375999450684 210 210 210
13.002943038940 10.499982833862 5.447000503540 203 203 203
13.003678321838 10.562479019165 5.517999649048 110 110 110
13.003678321838 10.562479019165 5.663000106812 101 101 101
13.003678321838 10.562479019165 5.735000610352 195 195 195
13.003678321838 10.562479019165 5.808000564575 212 212 212
13.003678321838 10.562479019165 5.881999969482 206 206 206
12.942653656006 10.688205718994 5.232999801636 255 255 255
12.942653656006 10.688205718994 5.304000854492 245 245 245
13.005149841309 10.687470436096 5.374000549316 192 192 192
12.942653656006 10.688205718994 5.447000503540 29 29 29
13.005885124207 10.749965667725 5.805999755859 209 209 209
13.005885124207 10.749965667725 5.881000518799 206 206 206
13.005885124207 10.749965667725 5.954000473022 204 204 204
13.005885124207 10.749965667725 6.027999877930 109 109 109
12.993379592896 9.687539100647 5.180999755859 59 59 59
12.993379592896 9.687539100647 5.263000488281 192 192 192
12.993379592896 9.687539100647 5.343999862671 159 159 159
13.056610107422 9.749299049377 5.745000839233 67 67 67
13.056610107422 9.749299049377 5.827999114990 200 200 200
13.056610107422 9.749299049377 5.908000946045 186 186 186
13.056610107422 9.749299049377 5.992000579834 100 100 100
12.995586395264 9.875026702881 5.259000778198 190 190 190
12.995586395264 9.875026702881 5.340000152588 191 191 191
12.995586395264 9.875026702881 5.420999526978 188 188 188
13.058081626892 9.874290466309 5.659000396729 21 21 21
12.995586395264 9.875026702881 5.743999481201 189 189 189
13.058081626892 9.874290466309 5.825000762939 187 187 187
13.058081626892 9.874290466309 5.906999588013 125 125 125
12.871330261230 9.938992500305 4.934999465942 29 29 29
12.871330261230 9.938992500305 5.017999649048 29 29 29
12.997057914734 10.000018119812 5.334999084473 190 190 190
12.997057914734 10.000018119812 5.416999816895 190 190 190
12.997057914734 10.000018119812 5.497999191284 192 192 192
12.997057914734 10.000018119812 5.659000396729 184 184 184
12.997057914734 10.000018119812 5.740999221802 186 186 186
12.997057914734 10.000018119812 5.822999954224 135 135 135
13.059553146362 9.999281883240 6.395999908447 55 55 55
12.998528480530 10.125009536743 4.686000823975 23 23 23
12.872801780701 10.063983917236 4.767000198364 65 65 65
12.809570312500 10.002224922180 4.849000930786 51 51 51
12.872801780701 10.063983917236 4.930999755859 54 54 54
12.872801780701 10.063983917236 5.011999130249 47 47 47
12.872801780701 10.063983917236 5.097000122070 52 52 52
12.998528480530 10.125009536743 5.412000656128 179 179 179
12.998528480530 10.125009536743 5.492000579834 169 169 169
13.061759948730 10.186768531799 5.568000793457 154 154 154
13.124991416931 10.248529434204 5.645000457764 139 139 139
13.124991416931 10.248529434204 5.717000961304 111 111 111
13.124991416931 10.248529434204 5.794000625610 125 125 125
13.124991416931 10.248529434204 5.875000000000 147 147 147
13.124991416931 10.248529434204 5.955999374390 164 164 164
13.124991416931 10.248529434204 6.037000656128 175 175 175
13.124991416931 10.248529434204 6.118999481201 183 183 183
13.124991416931 10.248529434204 6.217000961304 111 111 111
13.124991416931 10.248529434204 6.291000366211 116 116 116
13.124991416931 10.248529434204 6.382999420166 120 120 120
13.124991416931 10.248529434204 6.465999603271 43 43 43
13.062495231628 10.249264717102 3.552000045776 26 26 26
13.062495231628 10.249264717102 3.636999130249 58 58 58
13.062495231628 10.249264717102 3.718000411987 68 68 68
13.062495231628 10.249264717102 3.801000595093 88 88 88
13.062495231628 10.249264717102 3.882999420166 108 108 108
13.062495231628 10.249264717102 3.964000701904 130 130 130
13.062495231628 10.249264717102 4.044000625610 153 153 153
13.062495231628 10.249264717102 4.125000000000 176 176 176
13.062495231628 10.249264717102 4.204999923706 194 194 194
13.062495231628 10.249264717102 4.284999847412 199 199 199
13.062495231628 10.249264717102 4.365999221802 200 200 200
13.062495231628 10.249264717102 4.445999145508 203 203 203
13.062495231628 10.249264717102 4.524999618530 212 212 212
13.062495231628 10.249264717102 4.604999542236 226 226 226
13.062495231628 10.249264717102 4.684999465942 237 237 237
13.063966751099 10.374256134033 4.763999938965 224 224 224
13.063231468201 10.311759948730 4.843999862671 255 255 255
13.062495231628 10.249264717102 4.923000335693 189 189 189
13.063231468201 10.311759948730 5.003999710083 160 160 160
13.063231468201 10.311759948730 5.083999633789 157 157 157
13.000736236572 10.312496185303 5.165000915527 156 156 156
13.000736236572 10.312496185303 5.246999740601 162 162 162
13.000736236572 10.312496185303 5.329000473022 173 173 173
13.000736236572 10.312496185303 5.409999847412 155 155 155
13.000736236572 10.312496185303 5.490999221802 191 191 191
13.000736236572 10.312496185303 5.572999954224 192 192 192
13.000736236572 10.312496185303 5.655000686646 190 190 190
13.000736236572 10.312496185303 5.736999511719 161 161 161
13.000736236572 10.312496185303 5.819000244141 63 63 63
13.000736236572 10.312496185303 6.236000061035 85 85 85
13.000736236572 10.312496185303 6.311000823975 90 90 90
13.000736236572 10.312496185303 6.399999618530 82 82 82
13.001471519470 10.374992370605 2.687000274658 142 142 142
13.001471519470 10.374992370605 2.773000717163 155 155 155
13.001471519470 10.374992370605 2.861999511719 154 154 154
13.001471519470 10.374992370605 2.948999404907 142 142 142
13.001471519470 10.374992370605 3.033000946045 133 133 133
12.938975334167 10.375727653503 3.523000717163 131 131 131
12.938975334167 10.375727653503 3.607000350952 137 137 137
12.938975334167 10.375727653503 3.690999984741 135 135 135
12.938975334167 10.375727653503 3.774000167847 130 130 130
12.938975334167 10.375727653503 3.858999252319 109 109 109
12.938975334167 10.375727653503 3.940000534058 94 94 94
12.938975334167 10.375727653503 4.021999359131 28 28 28
12.813248634338 10.314702987671 4.511999130249 61 61 61
12.813248634338 10.314702987671 4.594999313354 51 51 51
12.813248634338 10.314702987671 4.677999496460 52 52 52
12.813248634338 10.314702987671 4.760999679565 36 36 36
12.876480102539 10.376462936401 4.843000411987 81 81 81
12.813248634338 10.314702987671 4.927000045776 40 40 40
12.876480102539 10.376462936401 5.007999420166 49 49 49
12.876480102539 10.376462936401 5.092000961304 45 45 45
12.813248634338 10.314702987671 5.176000595093 56 56 56
13.002206802368 10.437487602234 5.409999847412 199 199 199
13.002206802368 10.437487602234 5.490999221802 196 196 196
13.002206802368 10.437487602234 5.572999954224 179 179 179
12.939710617065 10.438222885132 5.656000137329 202 202 202
13.002206802368 10.437487602234 5.736999511719 190 190 190
12.939710617065 10.438222885132 5.819999694824 179 179 179
12.814719200134 10.439694404602 4.674999237061 45 45 45
12.814719200134 10.439694404602 4.759000778198 76 76 76
12.814719200134 10.439694404602 4.842000961304 74 74 74
12.814719200134 10.439694404602 4.924999237061 78 78 78
12.815455436707 10.502189636230 5.006999969482 55 55 55
12.815455436707 10.502189636230 5.090000152588 54 54 54
12.815455436707 10.502189636230 5.173000335693 47 47 47
13.004414558411 10.624974250793 5.326999664307 200 200 200
13.004414558411 10.624974250793 5.408000946045 195 195 195
13.004414558411 10.624974250793 5.489999771118 185 185 185
13.004414558411 10.624974250793 5.736000061035 199 199 199
13.004414558411 10.624974250793 5.819000244141 195 195 195
13.004414558411 10.624974250793 5.900999069214 192 192 192
13.005885124207 10.749965667725 5.246000289917 192 192 192
13.005885124207 10.749965667725 5.326999664307 197 197 197
13.005885124207 10.749965667725 5.409000396729 186 186 186
13.005885124207 10.749965667725 5.819000244141 194 194 194
13.005885124207 10.749965667725 5.902000427246 193 193 193
13.005885124207 10.749965667725 5.983999252319 187 187 187
12.944860458374 10.875692367554 5.329000473022 27 27 27
13.252189636230 10.434544563293 2.682999610901 197 197 197
