26.295452117920 14.183291435242 3.966995239258 38 38 38
26.284955978394 14.140364646912 4.011993408203 70 70 70
26.258243560791 14.124146461487 4.055999755859 83 83 83
26.258243560791 14.124146461487 4.098999023438 87 87 87
26.276847839355 14.153719902039 4.141998291016 82 82 82
26.276847839355 14.153719902039 4.184997558594 82 82 82
26.280900955200 14.147040367126 4.227996826172 92 92 92
26.276847839355 14.153719902039 4.272003173828 92 92 92
26.276847839355 14.153719902039 4.315002441406 76 76 76
26.276847839355 14.153719902039 4.358993530273 81 81 81
26.303562164307 14.169936180115 4.402999877930 81 81 81
26.303562164307 14.169936180115 4.445999145508 11 11 11
26.149473190308 13.911887168884 4.767990112305 96 96 96
26.149473190308 13.911887168884 4.809997558594 163 163 163
26.145420074463 13.918564796448 4.851989746094 110 110 110
26.149473190308 13.911887168884 4.894989013672 151 151 151
26.145420074463 13.918564796448 4.938995361328 176 176 176
26.145420074463 13.918564796448 4.981002807617 134 134 134
26.164024353027 13.948138237000 5.024002075195 46 46 46
26.164024353027 13.948138237000 5.281997680664 70 70 70
26.141365051270 13.925242424011 5.319992065430 149 149 149
26.168079376221 13.941458702087 5.364990234375 169 169 169
26.141365051270 13.925242424011 5.404998779297 140 140 140
26.141365051270 13.925242424011 5.449996948242 116 116 116
26.141365051270 13.925242424011 5.490997314453 136 136 136
26.093690872192 14.334990501404 2.649993896484 94 94 94
26.097743988037 14.328312873840 2.694992065430 99 99 99
26.093690872192 14.334990501404 2.740997314453 101 101 101
26.093690872192 14.334990501404 2.782989501953 105 105 105
26.116348266602 14.357886314392 2.825988769531 107 107 107
26.093690872192 14.334990501404 2.873001098633 109 109 109
26.116348266602 14.357886314392 2.914001464844 106 106 106
26.116348266602 14.357886314392 2.958999633789 116 116 116
26.116348266602 14.357886314392 3.002990722656 114 114 114
26.089635848999 14.341670036316 3.046997070313 119 119 119
26.116348266602 14.357886314392 3.089996337891 124 124 124
26.089635848999 14.341670036316 3.134994506836 126 126 126
26.116348266602 14.357886314392 3.177001953125 136 136 136
26.112295150757 14.364563941956 3.220001220703 142 142 142
26.116348266602 14.357886314392 3.263992309570 146 146 146
26.085582733154 14.348347663879 3.307998657227 153 153 153
26.085582733154 14.348347663879 3.351989746094 161 161 161
26.085582733154 14.348347663879 3.394989013672 175 175 175
26.085582733154 14.348347663879 3.437988281250 183 183 183
26.085582733154 14.348347663879 3.481994628906 186 186 186
26.085582733154 14.348347663879 3.524993896484 186 186 186
26.085582733154 14.348347663879 3.567993164063 193 193 193
26.085582733154 14.348347663879 3.610992431641 198 198 198
26.085582733154 14.348347663879 3.653991699219 197 197 197
26.085582733154 14.348347663879 3.697998046875 202 202 202
26.085582733154 14.348347663879 3.740997314453 207 207 207
26.085582733154 14.348347663879 3.783996582031 214 214 214
26.085582733154 14.348347663879 3.826995849609 214 214 214
26.085582733154 14.348347663879 3.869995117188 219 219 219
26.085582733154 14.348347663879 3.912994384766 225 225 225
26.085582733154 14.348347663879 3.955993652344 229 229 229
26.085582733154 14.348347663879 3.998001098633 237 237 237
26.085582733154 14.348347663879 4.041000366211 232 232 232
26.085582733154 14.348347663879 4.083999633789 236 236 236
26.085582733154 14.348347663879 4.126998901367 246 246 246
26.108240127563 14.371241569519 4.169998168945 8 8 8
26.085582733154 14.348347663879 4.212997436523 32 32 32
26.085582733154 14.348347663879 4.255996704102 32 32 32
26.085582733154 14.348347663879 4.298995971680 12 12 12
26.085582733154 14.348347663879 4.341995239258 248 248 248
26.085582733154 14.348347663879 4.384002685547 238 238 238
26.085582733154 14.348347663879 4.427001953125 232 232 232
26.085582733154 14.348347663879 4.470001220703 226 226 226
26.081527709961 14.355025291443 4.513000488281 220 220 220
26.089635848999 14.341670036316 4.555999755859 211 211 211
26.081527709961 14.355025291443 4.597991943359 204 204 204
26.058868408203 14.332131385803 4.640991210938 200 200 200
26.058868408203 14.332131385803 4.683990478516 196 196 196
26.058868408203 14.332131385803 4.725997924805 186 186 186
26.058868408203 14.332131385803 4.768997192383 188 188 188
26.058868408203 14.332131385803 4.811996459961 180 180 180
26.058868408203 14.332131385803 4.854995727539 178 178 178
26.062921524048 14.325453758240 4.897994995117 176 176 176
26.062921524048 14.325453758240 4.940994262695 170 170 170
26.058868408203 14.332131385803 4.983993530273 170 170 170
26.066976547241 14.318774223328 5.026000976563 165 165 165
26.066976547241 14.318774223328 5.067993164063 161 161 161
26.066976547241 14.318774223328 5.110992431641 160 160 160
26.040264129639 14.302557945251 5.152999877930 156 156 156
26.040264129639 14.302557945251 5.196990966797 157 157 157
26.040264129639 14.302557945251 5.239990234375 159 159 159
26.044319152832 14.295880317688 5.281997680664 157 157 157
26.044319152832 14.295880317688 5.325988769531 159 159 159
26.044319152832 14.295880317688 5.368988037109 156 156 156
26.044319152832 14.295880317688 5.412002563477 153 153 153
26.025714874268 14.266306877136 5.453002929688 180 180 180
26.025714874268 14.266306877136 5.491989135742 173 173 173
26.003053665161 14.243411064148 5.531997680664 187 187 187
26.025714874268 14.266306877136 5.582000732422 163 163 163
26.025714874268 14.266306877136 5.623001098633 120 120 120
26.011161804199 14.230055809021 5.657989501953 132 132 132
26.025714874268 14.266306877136 5.709991455078 116 116 116
26.025714874268 14.266306877136 5.759994506836 157 157 157
25.973953247070 14.170908927917 5.776992797852 120 120 120
26.011161804199 14.230055809021 5.833999633789 109 109 109
26.048372268677 14.289202690125 5.895996093750 18 18 18
25.842555999756 14.447577476501 2.131988525391 128 128 128
26.082752227783 14.894991874695 4.772003173828 89 89 89
26.097303390503 14.931242942810 4.819992065430 109 109 109
26.097303390503 14.931242942810 4.864990234375 117 117 117
26.089195251465 14.944600105286 4.912002563477 126 126 126
26.074645996094 14.908349037170 4.953994750977 87 87 87
26.085140228271 14.951277732849 5.416992187500 97 97 97
26.111854553223 14.967494010925 5.463989257813 83 83 83
26.093248367310 14.937922477722 5.505996704102 30 30 30
26.169021606445 13.759245872498 5.462997436523 176 176 176
26.134201049805 13.756384849548 5.417999267578 235 235 235
26.134201049805 13.756384849548 5.376998901367 157 157 157
26.134201049805 13.756384849548 4.909988403320 196 196 196
26.134201049805 13.756384849548 4.868988037109 235 235 235
26.134201049805 13.756384849548 4.825988769531 110 110 110
26.106073379517 14.013491630554 5.472000122070 205 205 205
26.110126495361 14.006812095642 5.431991577148 244 244 244
26.140893936157 14.016350746155 5.388992309570 249 249 249
26.114181518555 14.000134468079 5.343002319336 236 236 236
26.110126495361 14.006812095642 5.300994873047 227 227 227
26.110126495361 14.006812095642 5.256988525391 242 242 242
26.140893936157 14.016350746155 5.214996337891 41 41 41
26.144947052002 14.009673118591 5.043991088867 6 6 6
26.110126495361 14.006812095642 4.998001098633 232 232 232
26.110126495361 14.006812095642 4.955993652344 243 243 243
26.110126495361 14.006812095642 4.912994384766 231 231 231
26.110126495361 14.006812095642 4.869995117188 239 239 239
26.136838912964 14.023028373718 4.826995849609 255 255 255
26.293535232544 14.035899162292 4.274002075195 43 43 43
26.293535232544 14.035899162292 4.229995727539 52 52 52
26.297588348389 14.029219627380 4.186996459961 30 30 30
25.913141250610 14.271082878113 5.800994873047 98 98 98
26.056480407715 14.275845527649 5.785995483398 122 122 122
26.126123428345 14.281565666199 5.755996704102 112 112 112
25.956069946289 14.260586738586 5.679992675781 126 126 126
25.947961807251 14.273943901062 5.634002685547 104 104 104
26.021659851074 14.272986412048 5.601989746094 105 105 105
25.990890502930 14.263445854187 5.554992675781 141 141 141
25.990890502930 14.263445854187 5.511001586914 153 153 153
26.017604827881 14.279664039612 5.470001220703 164 164 164
26.126123428345 14.281565666199 5.308990478516 240 240 240
26.126123428345 14.281565666199 5.265991210938 255 255 255
26.126123428345 14.281565666199 5.220993041992 253 253 253
26.126123428345 14.281565666199 5.177001953125 0 0 0
26.126123428345 14.281565666199 5.132995605469 1 1 1
26.134231567383 14.268208503723 5.089996337891 8 8 8
26.134231567383 14.268208503723 5.046997070313 14 14 14
26.134231567383 14.268208503723 5.002990722656 26 26 26
26.134231567383 14.268208503723 4.958999633789 81 81 81
26.277570724487 14.272971153259 4.438995361328 76 76 76
26.273515701294 14.279646873474 4.393997192383 97 97 97
26.277570724487 14.272971153259 4.349990844727 102 102 102
26.277570724487 14.272971153259 4.305999755859 94 94 94
26.134231567383 14.268208503723 4.261001586914 123 123 123
26.095355987549 14.272027015686 4.216995239258 183 183 183
26.126123428345 14.281565666199 4.173995971680 167 167 167
26.126123428345 14.281565666199 4.129989624023 157 157 157
26.130176544189 14.274886131287 4.086990356445 181 181 181
26.095355987549 14.272027015686 4.043991088867 145 145 145
26.238695144653 14.276789665222 3.996002197266 88 88 88
26.234642028809 14.283465385437 3.953002929688 92 92 92
26.234642028809 14.283465385437 3.907989501953 81 81 81
26.238695144653 14.276789665222 3.863998413086 88 88 88
26.238695144653 14.276789665222 3.819992065430 86 86 86
26.234642028809 14.283465385437 3.776000976563 35 35 35
25.972066879272 14.535338401794 5.779998779297 40 40 40
26.150226593018 14.542960166931 5.774002075195 91 91 91
26.119461059570 14.533423423767 5.403991699219 123 123 123
26.119461059570 14.533423423767 5.356994628906 4 4 4
26.119461059570 14.533423423767 5.311996459961 15 15 15
26.119461059570 14.533423423767 5.266998291016 17 17 17
26.115406036377 14.540101051331 5.222991943359 17 17 17
26.115406036377 14.540101051331 5.177001953125 11 11 11
26.115406036377 14.540101051331 5.130996704102 6 6 6
26.115406036377 14.540101051331 5.085998535156 14 14 14
26.119461059570 14.533423423767 5.041992187500 13 13 13
26.115406036377 14.540101051331 4.996002197266 15 15 15
26.115406036377 14.540101051331 4.950988769531 249 249 249
26.258747100830 14.544863700867 4.420989990234 99 99 99
26.258747100830 14.544863700867 4.376998901367 101 101 101
26.258747100830 14.544863700867 4.330993652344 104 104 104
26.219869613647 14.548680305481 4.285995483398 88 88 88
26.185049057007 14.545821189880 4.240997314453 84 84 84
26.185049057007 14.545821189880 4.195999145508 109 109 109
26.223922729492 14.542002677917 4.151000976563 112 112 112
26.223922729492 14.542002677917 4.106002807617 157 157 157
26.223922729492 14.542002677917 4.060989379883 153 153 153
26.185049057007 14.545821189880 4.016998291016 134 134 134
26.185049057007 14.545821189880 3.972991943359 173 173 173
26.219869613647 14.548680305481 3.927001953125 159 159 159
26.223922729492 14.542002677917 3.880996704102 86 86 86
26.223922729492 14.542002677917 3.835998535156 64 64 64
26.096582412720 14.811993598938 5.580993652344 14 14 14
26.096582412720 14.811993598938 5.534988403320 0 0 0
26.096582412720 14.811993598938 5.489990234375 10 10 10
26.096582412720 14.811993598938 5.444000244141 8 8 8
26.096582412720 14.811993598938 5.392990112305 226 226 226
26.096582412720 14.811993598938 5.349990844727 6 6 6
26.096582412720 14.811993598938 5.302993774414 160 160 160
26.092527389526 14.818671226501 5.024993896484 179 179 179
26.119239807129 14.834887504578 4.983001708984 31 31 31
26.119239807129 14.834887504578 4.936996459961 36 36 36
26.092527389526 14.818671226501 4.890991210938 17 17 17
26.092527389526 14.818671226501 4.845001220703 24 24 24
26.119239807129 14.834887504578 4.800994873047 17 17 17
26.282567977905 14.084076881409 4.037994384766 25 25 25
26.282567977905 14.084076881409 4.075988769531 78 78 78
26.282567977905 14.084076881409 4.113998413086 96 96 96
26.278512954712 14.090754508972 4.151992797852 91 91 91
26.282567977905 14.084076881409 4.188995361328 88 88 88
26.278512954712 14.090754508972 4.226989746094 89 89 89
26.278512954712 14.090754508972 4.264999389648 88 88 88
26.305225372314 14.106970787048 4.302993774414 87 87 87
26.305225372314 14.106970787048 4.340988159180 90 90 90
26.278512954712 14.090754508972 4.377990722656 80 80 80
26.144947052002 14.009673118591 4.810989379883 142 142 142
26.140893936157 14.016350746155 4.848999023438 192 192 192
26.140893936157 14.016350746155 4.886001586914 196 196 196
26.140893936157 14.016350746155 4.923995971680 183 183 183
26.140893936157 14.016350746155 4.960998535156 200 200 200
26.114181518555 14.000134468079 4.996994018555 207 207 207
26.140893936157 14.016350746155 5.037994384766 169 169 169
26.114181518555 14.000134468079 5.223999023438 169 169 169
26.114181518555 14.000134468079 5.263000488281 199 199 199
26.114181518555 14.000134468079 5.300994873047 204 204 204
26.114181518555 14.000134468079 5.338989257813 186 186 186
26.114181518555 14.000134468079 5.378997802734 180 180 180
26.140893936157 14.016350746155 5.418991088867 188 188 188
26.114181518555 14.000134468079 5.451995849609 96 96 96
26.097743988037 14.328312873840 2.779998779297 23 23 23
26.097743988037 14.328312873840 2.819000244141 47 47 47
26.093690872192 14.334990501404 2.860000610352 63 63 63
26.093690872192 14.334990501404 2.897994995117 80 80 80
26.093690872192 14.334990501404 2.935989379883 90 90 90
26.093690872192 14.334990501404 2.973999023438 101 101 101
26.093690872192 14.334990501404 3.011993408203 114 114 114
26.093690872192 14.334990501404 3.050994873047 116 116 116
26.093690872192 14.334990501404 3.087997436523 120 120 120
26.093690872192 14.334990501404 3.125991821289 131 131 131
26.093690872192 14.334990501404 3.164001464844 138 138 138
26.093690872192 14.334990501404 3.200988769531 142 142 142
26.093690872192 14.334990501404 3.239990234375 146 146 146
26.097743988037 14.328312873840 3.276992797852 146 146 146
26.097743988037 14.328312873840 3.313995361328 151 151 151
26.093690872192 14.334990501404 3.351989746094 150 150 150
26.097743988037 14.328312873840 3.389999389648 159 159 159
26.097743988037 14.328312873840 3.427001953125 158 158 158
26.093690872192 14.334990501404 3.465988159180 159 159 159
26.097743988037 14.328312873840 3.502990722656 162 162 162
26.097743988037 14.328312873840 3.539993286133 170 170 170
26.093690872192 14.334990501404 3.576995849609 174 174 174
26.097743988037 14.328312873840 3.614990234375 176 176 176
26.093690872192 14.334990501404 3.652999877930 177 177 177
26.093690872192 14.334990501404 3.690002441406 182 182 182
26.093690872192 14.334990501404 3.727996826172 179 179 179
26.093690872192 14.334990501404 3.764999389648 192 192 192
26.097743988037 14.328312873840 3.802001953125 196 196 196
26.093690872192 14.334990501404 3.839996337891 211 211 211
26.097743988037 14.328312873840 3.876998901367 205 205 205
26.093690872192 14.334990501404 3.914993286133 222 222 222
26.093690872192 14.334990501404 3.951995849609 255 255 255
26.093690872192 14.334990501404 3.989990234375 227 227 227
26.093690872192 14.334990501404 4.026992797852 210 210 210
26.093690872192 14.334990501404 4.063995361328 207 207 207
26.093690872192 14.334990501404 4.101989746094 210 210 210
26.093690872192 14.334990501404 4.138992309570 204 204 204
26.093690872192 14.334990501404 4.177001953125 201 201 201
26.093690872192 14.334990501404 4.212997436523 193 193 193
26.093690872192 14.334990501404 4.250991821289 192 192 192
26.093690872192 14.334990501404 4.289001464844 190 190 190
26.093690872192 14.334990501404 4.325988769531 189 189 189
26.093690872192 14.334990501404 4.362991333008 190 190 190
26.093690872192 14.334990501404 4.399993896484 186 186 186
26.093690872192 14.334990501404 4.437988281250 182 182 182
26.058868408203 14.332131385803 4.474990844727 185 185 185
26.093690872192 14.334990501404 4.513000488281 185 185 185
26.062921524048 14.325453758240 4.550003051758 182 182 182
26.058868408203 14.332131385803 4.587997436523 180 180 180
26.062921524048 14.325453758240 4.625000000000 179 179 179
26.062921524048 14.325453758240 4.662002563477 177 177 177
26.066976547241 14.318774223328 4.699996948242 177 177 177
26.066976547241 14.318774223328 4.736999511719 174 174 174
26.066976547241 14.318774223328 4.774993896484 174 174 174
26.062921524048 14.325453758240 4.811996459961 174 174 174
26.036209106445 14.309237480164 4.848999023438 171 171 171
26.036209106445 14.309237480164 4.886993408203 171 171 171
26.040264129639 14.302557945251 4.922988891602 164 164 164
26.032155990601 14.315915107727 4.960998535156 163 163 163
26.032155990601 14.315915107727 4.998001098633 161 161 161
26.036209106445 14.309237480164 5.034988403320 156 156 156
26.036209106445 14.309237480164 5.072998046875 158 158 158
26.036209106445 14.309237480164 5.108993530273 157 157 157
26.036209106445 14.309237480164 5.147994995117 151 151 151
26.009496688843 14.293021202087 5.183990478516 152 152 152
26.009496688843 14.293021202087 5.222000122070 153 153 153
26.009496688843 14.293021202087 5.259994506836 158 158 158
26.005443572998 14.299698829651 5.300994873047 160 160 160
26.009496688843 14.293021202087 5.336990356445 157 157 157
26.009496688843 14.293021202087 5.375991821289 152 152 152
26.005443572998 14.299698829651 5.416000366211 153 153 153
26.009496688843 14.293021202087 5.453002929688 172 172 172
25.978729248047 14.283480644226 5.489990234375 169 169 169
25.978729248047 14.283480644226 5.526992797852 169 169 169
26.036209106445 14.309237480164 5.582000732422 99 99 99
25.978729248047 14.283480644226 5.601989746094 128 128 128
25.947961807251 14.273943901062 5.634994506836 146 146 146
25.978729248047 14.283480644226 5.679000854492 130 130 130
26.001388549805 14.306376457214 5.725997924805 147 147 147
25.947961807251 14.273943901062 5.751998901367 147 147 147
25.925304412842 14.251048088074 5.783996582031 100 100 100
25.978729248047 14.283480644226 5.840988159180 74 74 74
26.225370407104 14.780503273010 4.215988159180 23 23 23
26.233478546143 14.767146110535 4.254989624023 20 20 20
26.122570037842 14.708958625793 4.832000732422 146 146 146
26.095859527588 14.692742347717 4.867996215820 182 182 182
26.091804504395 14.699419975281 4.908996582031 183 183 183
26.091804504395 14.699419975281 4.948989868164 191 191 191
26.091804504395 14.699419975281 4.987991333008 203 203 203
26.091804504395 14.699419975281 5.026992797852 185 185 185
26.095859527588 14.692742347717 5.065002441406 107 107 107
26.118516921997 14.715636253357 5.228988647461 102 102 102
26.122570037842 14.708958625793 5.267990112305 172 172 172
26.118516921997 14.715636253357 5.309997558594 173 173 173
26.122570037842 14.708958625793 5.347991943359 171 171 171
26.118516921997 14.715636253357 5.388992309570 168 168 168
26.118516921997 14.715636253357 5.429992675781 169 169 169
26.118516921997 14.715636253357 5.470001220703 138 138 138
26.054374694824 14.941740989685 5.619995117188 212 212 212
26.089195251465 14.944600105286 5.574996948242 255 255 255
26.093248367310 14.937922477722 5.530990600586 9 9 9
26.089195251465 14.944600105286 5.481994628906 237 237 237
26.089195251465 14.944600105286 5.434997558594 252 252 252
26.089195251465 14.944600105286 5.388992309570 142 142 142
26.054374694824 14.941740989685 5.018997192383 205 205 205
26.089195251465 14.944600105286 4.973999023438 20 20 20
26.089195251465 14.944600105286 4.929000854492 26 26 26
26.093248367310 14.937922477722 4.884002685547 23 23 23
26.089195251465 14.944600105286 4.836990356445 25 25 25
26.054374694824 14.941740989685 4.791000366211 227 227 227
26.081306457520 14.656491279602 5.473999023438 226 226 226
26.116128921509 14.659350395203 5.433990478516 17 17 17
26.108020782471 14.672707557678 5.388000488281 12 12 12
26.108020782471 14.672707557678 5.341995239258 10 10 10
26.108020782471 14.672707557678 5.294998168945 15 15 15
26.077251434326 14.663168907166 5.248992919922 248 248 248
26.073198318481 14.669848442078 5.156997680664 233 233 233
26.108020782471 14.672707557678 5.114990234375 14 14 14
26.108020782471 14.672707557678 5.069992065430 22 22 22
26.081306457520 14.656491279602 5.024002075195 9 9 9
26.108020782471 14.672707557678 4.978988647461 21 21 21
26.073198318481 14.669848442078 4.932998657227 232 232 232
26.228700637817 14.654574394226 4.491989135742 22 22 22
26.220592498779 14.667931556702 4.446990966797 100 100 100
26.220592498779 14.667931556702 4.401000976563 96 96 96
26.220592498779 14.667931556702 4.356002807617 108 108 108
26.220592498779 14.667931556702 4.310989379883 103 103 103
26.220592498779 14.667931556702 4.265991210938 153 153 153
26.220592498779 14.667931556702 4.220001220703 103 103 103
26.224647521973 14.661253929138 4.175003051758 102 102 102
26.155004501343 14.655531883240 4.130996704102 164 164 164
26.155004501343 14.655531883240 4.085998535156 167 167 167
26.155004501343 14.655531883240 4.041000366211 185 185 185
26.155004501343 14.655531883240 3.996002197266 139 139 139
25.909809112549 14.397011756897 5.882995605469 109 109 109
25.836112976074 14.397971153259 5.822998046875 116 116 116
25.952739715576 14.386515617371 5.802001953125 162 162 162
25.917917251587 14.383654594421 5.751998901367 134 134 134
25.909809112549 14.397011756897 5.705001831055 161 161 161
25.940578460693 14.406550407410 5.664001464844 135 135 135
25.983505249023 14.396054267883 5.628997802734 181 181 181
25.944631576538 14.399872779846 5.578002929688 198 198 198
25.952739715576 14.386515617371 5.534988403320 200 200 200
25.944631576538 14.399872779846 5.488998413086 199 199 199
25.952739715576 14.386515617371 5.447998046875 199 199 199
25.944631576538 14.399872779846 5.401992797852 204 204 204
25.952739715576 14.386515617371 5.360000610352 205 205 205
25.944631576538 14.399872779846 5.315002441406 209 209 209
25.952739715576 14.386515617371 5.272003173828 204 204 204
25.944631576538 14.399872779846 5.227996826172 210 210 210
25.944631576538 14.399872779846 5.184997558594 209 209 209
25.944631576538 14.399872779846 5.140991210938 210 210 210
25.944631576538 14.399872779846 5.097991943359 210 210 210
25.944631576538 14.399872779846 5.054992675781 212 212 212
25.944631576538 14.399872779846 5.011993408203 214 214 214
25.944631576538 14.399872779846 4.968994140625 216 216 216
25.948684692383 14.393195152283 4.925003051758 220 220 220
25.948684692383 14.393195152283 4.881988525391 224 224 224
25.952739715576 14.386515617371 4.839996337891 219 219 219
25.948684692383 14.393195152283 4.796997070313 218 218 218
25.948684692383 14.393195152283 4.752990722656 225 225 225
25.948684692383 14.393195152283 4.710998535156 222 222 222
25.948684692383 14.393195152283 4.667999267578 223 223 223
25.948684692383 14.393195152283 4.625000000000 225 225 225
25.948684692383 14.393195152283 4.582000732422 229 229 229
25.948684692383 14.393195152283 4.539001464844 227 227 227
25.948684692383 14.393195152283 4.496994018555 225 225 225
25.956794738770 14.379837989807 4.453994750977 231 231 231
25.948684692383 14.393195152283 4.410995483398 231 231 231
25.948684692383 14.393195152283 4.368988037109 228 228 228
25.948684692383 14.393195152283 4.325988769531 234 234 234
25.956794738770 14.379837989807 4.282989501953 230 230 230
25.956794738770 14.379837989807 4.240997314453 241 241 241
25.983505249023 14.396054267883 4.197998046875 30 30 30
25.956794738770 14.379837989807 4.154998779297 223 223 223
25.956794738770 14.379837989807 4.112991333008 213 213 213
25.956794738770 14.379837989807 4.069992065430 206 206 206
25.956794738770 14.379837989807 4.026992797852 201 201 201
25.926025390625 14.370299339294 3.985000610352 193 193 193
25.956794738770 14.379837989807 3.942001342773 186 186 186
25.956794738770 14.379837989807 3.899002075195 184 184 184
25.956794738770 14.379837989807 3.856002807617 178 178 178
25.956794738770 14.379837989807 3.813995361328 180 180 180
25.956794738770 14.379837989807 3.770996093750 175 175 175
25.926025390625 14.370299339294 3.727996826172 171 171 171
25.956794738770 14.379837989807 3.684997558594 168 168 168
25.926025390625 14.370299339294 3.641998291016 166 166 166
25.956794738770 14.379837989807 3.597991943359 162 162 162
25.956794738770 14.379837989807 3.555999755859 161 161 161
25.956794738770 14.379837989807 3.511993408203 157 157 157
25.956794738770 14.379837989807 3.468994140625 152 152 152
25.956794738770 14.379837989807 3.425994873047 152 152 152
25.926025390625 14.370299339294 3.384002685547 144 144 144
25.956794738770 14.379837989807 3.338989257813 147 147 147
25.960847854614 14.373160362244 3.296997070313 136 136 136
25.956794738770 14.379837989807 3.252990722656 138 138 138
25.960847854614 14.373160362244 3.208999633789 129 129 129
25.926025390625 14.370299339294 3.166992187500 126 126 126
25.926025390625 14.370299339294 3.123992919922 128 128 128
25.960847854614 14.373160362244 3.078994750977 121 121 121
25.960847854614 14.373160362244 3.033996582031 123 123 123
25.960847854614 14.373160362244 2.991989135742 117 117 117
25.960847854614 14.373160362244 2.947998046875 118 118 118
25.960847854614 14.373160362244 2.903991699219 114 114 114
25.960847854614 14.373160362244 2.858993530273 117 117 117
25.960847854614 14.373160362244 2.811996459961 106 106 106
26.088190078735 14.103167533875 5.464996337891 236 236 236
26.110851287842 14.126063346863 5.423995971680 252 252 252
26.088190078735 14.103167533875 5.378997802734 250 250 250
26.084136962891 14.109847068787 5.333999633789 224 224 224
26.088190078735 14.103167533875 5.291000366211 234 234 234
26.088190078735 14.103167533875 5.246994018555 222 222 222
26.123012542725 14.106028556824 5.164993286133 83 83 83
26.118957519531 14.112708091736 5.119995117188 17 17 17
26.088190078735 14.103167533875 5.074996948242 210 210 210
26.123012542725 14.106028556824 5.033996582031 18 18 18
26.084136962891 14.109847068787 4.986999511719 211 211 211
26.118957519531 14.112708091736 4.946990966797 252 252 252
26.088190078735 14.103167533875 4.901992797852 230 230 230
26.266351699829 14.110789299011 4.434997558594 23 23 23
26.266351699829 14.110789299011 4.391998291016 89 89 89
26.266351699829 14.110789299011 4.347991943359 94 94 94
26.266351699829 14.110789299011 4.304000854492 91 91 91
26.266351699829 14.110789299011 4.261001586914 92 92 92
26.239639282227 14.094573020935 4.216995239258 93 93 93
26.266351699829 14.110789299011 4.173995971680 92 92 92
26.239639282227 14.094573020935 4.129989624023 27 27 27
26.120372772217 13.839385032654 5.588989257813 186 186 186
26.120372772217 13.839385032654 5.544998168945 237 237 237
26.120372772217 13.839385032654 5.502990722656 241 241 241
26.120372772217 13.839385032654 5.460998535156 247 247 247
26.120372772217 13.839385032654 5.416000366211 235 235 235
26.159248352051 13.835566520691 4.993988037109 73 73 73
26.120372772217 13.839385032654 4.949996948242 18 18 18
26.124427795410 13.832705497742 4.906997680664 225 225 225
26.155193328857 13.842244148254 4.865997314453 13 13 13
26.124427795410 13.832705497742 4.821990966797 231 231 231
26.048652648926 15.011382102966 4.912002563477 141 141 141
26.048652648926 15.011382102966 4.950988769531 101 101 101
26.048652648926 15.011382102966 5.477996826172 27 27 27
26.180051803589 14.734713554382 4.139999389648 80 80 80
26.210819244385 14.744252204895 4.179992675781 103 103 103
26.206764221191 14.750929832458 4.218994140625 95 95 95
26.206764221191 14.750929832458 4.257995605469 97 97 97
26.210819244385 14.744252204895 4.296997070313 95 95 95
26.206764221191 14.750929832458 4.336990356445 94 94 94
26.210819244385 14.744252204895 4.375991821289 92 92 92
26.210819244385 14.744252204895 4.414993286133 46 46 46
26.054594039917 14.640275001526 4.906997680664 112 112 112
26.054594039917 14.640275001526 4.945999145508 180 180 180
26.050540924072 14.646952629089 4.985000610352 179 179 179
26.054594039917 14.640275001526 5.024002075195 181 181 181
26.054594039917 14.640275001526 5.062988281250 179 179 179
26.054594039917 14.640275001526 5.101989746094 184 184 184
26.050540924072 14.646952629089 5.141998291016 151 151 151
26.085361480713 14.649813652039 5.222991943359 122 122 122
26.085361480713 14.649813652039 5.263000488281 168 168 168
26.081306457520 14.656491279602 5.304000854492 172 172 172
26.085361480713 14.649813652039 5.341995239258 170 170 170
26.085361480713 14.649813652039 5.382995605469 170 170 170
26.085361480713 14.649813652039 5.421997070313 169 169 169
26.081306457520 14.656491279602 5.463989257813 129 129 129
26.035989761353 14.610701560974 5.766998291016 39 39 39
25.947742462158 14.575407981873 5.787994384766 76 76 76
26.190046310425 14.356928825378 3.774002075195 42 42 42
26.185993194580 14.363606452942 3.811996459961 77 77 77
26.190046310425 14.356928825378 3.849990844727 80 80 80
26.216758728027 14.373145103455 3.888000488281 116 116 116
26.185993194580 14.363606452942 3.925994873047 97 97 97
26.159278869629 14.347390174866 3.964996337891 61 61 61
26.159278869629 14.347390174866 4.002990722656 66 66 66
26.216758728027 14.373145103455 4.041000366211 68 68 68
26.079139709473 14.298739433289 4.076995849609 124 124 124
26.105854034424 14.314955711365 4.114990234375 112 112 112
26.109907150269 14.308278083801 4.151992797852 108 108 108
26.105854034424 14.314955711365 4.190002441406 112 112 112
26.132564544678 14.331171989441 4.227996826172 105 105 105
26.083192825317 14.292061805725 4.263000488281 161 161 161
26.220813751221 14.366465568542 4.308990478516 97 97 97
26.216758728027 14.373145103455 4.347991943359 98 98 98
26.220813751221 14.366465568542 4.386001586914 95 95 95
26.220813751221 14.366465568542 4.423995971680 88 88 88
26.216758728027 14.373145103455 4.462997436523 92 92 92
26.083192825317 14.292061805725 5.018997192383 166 166 166
26.087245941162 14.285384178162 5.054992675781 182 182 182
26.083192825317 14.292061805725 5.095993041992 180 180 180
26.087245941162 14.285384178162 5.131988525391 181 181 181
26.087245941162 14.285384178162 5.169998168945 182 182 182
26.083192825317 14.292061805725 5.207992553711 182 182 182
26.087245941162 14.285384178162 5.246002197266 184 184 184
26.060535430908 14.269167900085 5.283996582031 185 185 185
26.083192825317 14.292061805725 5.323989868164 189 189 189
26.087245941162 14.285384178162 5.363998413086 89 89 89
26.033821105957 14.252951622009 5.541992187500 48 48 48
26.064588546753 14.262488365173 5.632995605469 30 30 30
26.037876129150 14.246272087097 5.659988403320 111 111 111
26.033821105957 14.252951622009 5.707000732422 123 123 123
26.198154449463 14.343571662903 5.796997070313 120 120 120
26.167385101318 14.334033012390 5.825988769531 119 119 119
25.953681945801 14.204300880432 5.794998168945 90 90 90
25.980396270752 14.220517158508 5.847000122070 20 20 20
26.289482116699 14.042576789856 4.284988403320 30 30 30
26.102489471436 13.929060935974 4.787002563477 125 125 125
26.102489471436 13.929060935974 4.822998046875 193 193 193
26.102489471436 13.929060935974 4.860000610352 179 179 179
26.102489471436 13.929060935974 4.897003173828 174 174 174
26.102489471436 13.929060935974 4.933990478516 194 194 194
26.102489471436 13.929060935974 4.972000122070 205 205 205
26.102489471436 13.929060935974 5.009994506836 175 175 175
26.133256912231 13.938601493835 5.311996459961 89 89 89
26.102489471436 13.929060935974 5.343994140625 184 184 184
26.106544494629 13.922385215759 5.384002685547 193 193 193
26.102489471436 13.929060935974 5.423995971680 186 186 186
26.110599517822 13.915705680847 5.458999633789 180 180 180
26.102489471436 13.929060935974 5.500991821289 181 181 181
26.106544494629 13.922385215759 5.537994384766 181 181 181
25.905754089355 14.403689384460 2.015991210938 160 160 160
25.905754089355 14.403689384460 2.065002441406 155 155 155
25.901700973511 14.410368919373 2.108993530273 151 151 151
25.901700973511 14.410368919373 2.153991699219 150 150 150
25.901700973511 14.410368919373 2.200988769531 151 151 151
25.905754089355 14.403689384460 2.736999511719 145 145 145
25.905754089355 14.403689384460 2.778991699219 137 137 137
25.905754089355 14.403689384460 2.821990966797 136 136 136
25.905754089355 14.403689384460 2.866989135742 131 131 131
25.905754089355 14.403689384460 2.909988403320 136 136 136
25.905754089355 14.403689384460 2.955001831055 128 128 128
25.883096694946 14.380795478821 2.998992919922 123 123 123
25.909809112549 14.397011756897 3.039993286133 123 123 123
25.905754089355 14.403689384460 3.082992553711 127 127 127
25.905754089355 14.403689384460 3.127990722656 126 126 126
25.905754089355 14.403689384460 3.170989990234 116 116 116
25.909809112549 14.397011756897 3.213989257813 113 113 113
25.905754089355 14.403689384460 3.254989624023 115 115 115
25.883096694946 14.380795478821 3.300003051758 114 114 114
25.905754089355 14.403689384460 3.340988159180 110 110 110
25.883096694946 14.380795478821 3.384994506836 110 110 110
25.883096694946 14.380795478821 3.427993774414 103 103 103
25.909809112549 14.397011756897 3.470001220703 107 107 107
25.909809112549 14.397011756897 3.511993408203 102 102 102
25.905754089355 14.403689384460 3.554000854492 97 97 97
25.909809112549 14.397011756897 3.597000122070 95 95 95
25.909809112549 14.397011756897 3.639999389648 90 90 90
25.909809112549 14.397011756897 3.681991577148 93 93 93
25.905754089355 14.403689384460 3.723999023438 90 90 90
25.913864135742 14.390334129333 3.766998291016 88 88 88
25.905754089355 14.403689384460 3.807998657227 88 88 88
25.905754089355 14.403689384460 3.850997924805 87 87 87
25.909809112549 14.397011756897 3.893997192383 81 81 81
25.913864135742 14.390334129333 3.935989379883 91 91 91
25.905754089355 14.403689384460 3.977996826172 86 86 86
25.905754089355 14.403689384460 4.019989013672 71 71 71
25.909809112549 14.397011756897 4.062988281250 63 63 63
25.905754089355 14.403689384460 4.104995727539 64 64 64
25.909809112549 14.397011756897 4.147003173828 61 61 61
25.913864135742 14.390334129333 4.188995361328 52 52 52
25.913864135742 14.390334129333 4.231002807617 45 45 45
25.909809112549 14.397011756897 4.274002075195 46 46 46
25.909809112549 14.397011756897 4.315994262695 37 37 37
25.928415298462 14.426585197449 4.358001708984 24 24 24
25.905754089355 14.403689384460 4.399993896484 21 21 21
26.046485900879 14.653632164001 4.937988281250 121 121 121
26.050540924072 14.646952629089 4.981002807617 111 111 111
26.046485900879 14.653632164001 5.026992797852 125 125 125
26.050540924072 14.646952629089 5.069992065430 112 112 112
26.046485900879 14.653632164001 5.115997314453 135 135 135
26.054594039917 14.640275001526 5.157989501953 68 68 68
26.050540924072 14.646952629089 5.250000000000 57 57 57
26.073198318481 14.669848442078 5.296997070313 119 119 119
26.073198318481 14.669848442078 5.343002319336 109 109 109
26.073198318481 14.669848442078 5.386993408203 117 117 117
26.073198318481 14.669848442078 5.431991577148 110 110 110
26.073198318481 14.669848442078 5.478988647461 112 112 112
25.868545532227 14.344544410706 5.677993774414 93 93 93
25.872600555420 14.337866783142 5.718002319336 122 122 122
25.984230041504 14.515303611755 5.804992675781 117 117 117
25.951072692871 14.449481010437 5.833999633789 111 111 111
25.858047485352 14.301615715027 5.836990356445 95 95 95
26.198154449463 14.343571662903 3.813995361328 63 63 63
26.198154449463 14.343571662903 3.856994628906 68 68 68
26.198154449463 14.343571662903 3.901000976563 72 72 72
26.198154449463 14.343571662903 3.944992065430 58 58 58
26.198154449463 14.343571662903 3.988998413086 63 63 63
26.198154449463 14.343571662903 4.031997680664 56 56 56
26.198154449463 14.343571662903 4.075988769531 56 56 56
26.179548263550 14.313998222351 4.119995117188 95 95 95
26.198154449463 14.343571662903 4.162994384766 69 69 69
26.216758728027 14.373145103455 4.207000732422 73 73 73
26.198154449463 14.343571662903 4.250991821289 84 84 84
26.198154449463 14.343571662903 4.294998168945 90 90 90
26.212703704834 14.379822731018 4.338989257813 84 84 84
26.208650588989 14.386500358582 4.382995605469 91 91 91
26.208650588989 14.386500358582 4.427001953125 92 92 92
26.235363006592 14.402716636658 4.472000122070 74 74 74
26.076026916504 14.123202323914 4.927001953125 52 52 52
26.067918777466 14.136559486389 4.970993041992 141 141 141
26.067918777466 14.136559486389 5.013992309570 167 167 167
26.067918777466 14.136559486389 5.057998657227 153 153 153
26.086524963379 14.166132926941 5.102996826172 170 170 170
26.086524963379 14.166132926941 5.145996093750 139 139 139
26.086524963379 14.166132926941 5.190002441406 72 72 72
26.090579986572 14.159455299377 5.231002807617 131 131 131
26.067918777466 14.136559486389 5.272994995117 169 169 169
26.067918777466 14.136559486389 5.315994262695 169 169 169
26.071973800659 14.129881858826 5.358001708984 120 120 120
26.067918777466 14.136559486389 5.403991699219 135 135 135
26.076026916504 14.123202323914 5.442993164063 95 95 95
26.231307983398 14.409396171570 5.777999877930 25 25 25
26.198154449463 14.343571662903 5.806991577148 103 103 103
26.113237380981 14.182349205017 5.810989379883 47 47 47
26.401580810547 14.128909111023 4.317001342773 19 19 19
26.321914672852 13.989150047302 4.255996704102 15 15 15
26.332412719727 14.032080650330 4.300003051758 45 45 45
26.359123229980 14.048296928406 4.343002319336 34 34 34
26.173076629639 13.752566337585 4.876998901367 87 87 87
26.177131652832 13.745888710022 4.916992187500 122 122 122
26.177131652832 13.745888710022 4.960998535156 42 42 42
26.154470443726 13.722994804382 5.418991088867 82 82 82
26.154470443726 13.722994804382 5.462997436523 110 110 110
26.154470443726 13.722994804382 5.503997802734 89 89 89
26.184326171875 14.426569938660 3.830993652344 33 33 33
26.215091705322 14.436108589172 3.873992919922 126 126 126
26.219146728516 14.429430961609 3.917999267578 122 122 122
26.163331985474 14.340712547302 3.965988159180 84 84 84
26.132564544678 14.331171989441 4.009994506836 86 86 86
26.136619567871 14.324494361877 4.052993774414 116 116 116
26.099409103394 14.265349388123 4.097000122070 145 145 145
26.126123428345 14.281565666199 4.139999389648 151 151 151
26.126123428345 14.281565666199 4.182998657227 147 147 147
26.118015289307 14.294920921326 4.225997924805 168 168 168
26.095355987549 14.272027015686 4.267990112305 163 163 163
26.126123428345 14.281565666199 4.310989379883 197 197 197
26.122070312500 14.288243293762 4.353988647461 172 172 172
26.118015289307 14.294920921326 4.397003173828 164 164 164
26.118015289307 14.294920921326 4.440002441406 162 162 162
26.122070312500 14.288243293762 4.483001708984 165 165 165
26.122070312500 14.288243293762 4.526000976563 155 155 155
26.126123428345 14.281565666199 4.569000244141 153 153 153
26.126123428345 14.281565666199 4.610992431641 153 153 153
26.118015289307 14.294920921326 4.654998779297 155 155 155
26.118015289307 14.294920921326 4.697998046875 155 155 155
26.118015289307 14.294920921326 4.740997314453 153 153 153
26.122070312500 14.288243293762 4.783996582031 161 161 161
26.118015289307 14.294920921326 4.826995849609 162 162 162
26.118015289307 14.294920921326 4.871002197266 168 168 168
26.118015289307 14.294920921326 4.914001464844 168 168 168
26.118015289307 14.294920921326 4.957000732422 174 174 174
26.118015289307 14.294920921326 5.000991821289 169 169 169
26.122070312500 14.288243293762 5.042999267578 171 171 171
26.122070312500 14.288243293762 5.086990356445 186 186 186
26.118015289307 14.294920921326 5.130996704102 187 187 187
26.122070312500 14.288243293762 5.172988891602 184 184 184
26.122070312500 14.288243293762 5.216995239258 186 186 186
26.126123428345 14.281565666199 5.259994506836 184 184 184
26.122070312500 14.288243293762 5.304992675781 187 187 187
26.126123428345 14.281565666199 5.347000122070 183 183 183
26.122070312500 14.288243293762 5.392990112305 183 183 183
26.122070312500 14.288243293762 5.435989379883 176 176 176
26.126123428345 14.281565666199 5.477996826172 182 182 182
26.095355987549 14.272027015686 5.520996093750 187 187 187
26.088912963867 14.222418785095 5.554992675781 164 164 164
26.080804824829 14.235775947571 5.602996826172 154 154 154
26.088912963867 14.222418785095 5.642990112305 99 99 99
26.066255569458 14.199524879456 5.677993774414 118 118 118
26.062200546265 14.206202507019 5.725997924805 115 115 115
26.088912963867 14.222418785095 5.776000976563 99 99 99
26.033098220825 14.133700370789 5.796997070313 115 115 115
26.047649383545 14.169951438904 5.847991943359 114 114 114
26.058147430420 14.212882041931 5.906997680664 43 43 43
25.898368835449 14.536297798157 2.011993408203 170 170 170
25.857105255127 14.483828544617 2.073989868164 194 194 194
25.879764556885 14.506724357605 2.116989135742 159 159 159
26.094915390015 14.874957084656 4.779998779297 56 56 56
26.098968505859 14.868279457092 4.823989868164 95 95 95
26.090862274170 14.881636619568 4.869995117188 133 133 133
26.090862274170 14.881636619568 4.916000366211 112 112 112
26.090862274170 14.881636619568 4.959991455078 124 124 124
26.094915390015 14.874957084656 5.003997802734 61 61 61
26.090862274170 14.881636619568 5.416000366211 56 56 56
26.113519668579 14.904530525208 5.462997436523 141 141 141
26.109466552734 14.911208152771 5.509994506836 94 94 94
26.090862274170 14.881636619568 5.552993774414 69 69 69
26.134201049805 13.756384849548 5.562988281250 186 186 186
26.130146026611 13.763064384460 5.517990112305 227 227 227
26.134201049805 13.756384849548 5.476989746094 233 233 233
26.130146026611 13.763064384460 5.433990478516 231 231 231
26.134201049805 13.756384849548 5.393997192383 123 123 123
26.134201049805 13.756384849548 4.966995239258 236 236 236
26.130146026611 13.763064384460 4.923995971680 217 217 217
26.130146026611 13.763064384460 4.882995605469 229 229 229
26.134201049805 13.756384849548 4.839996337891 234 234 234
26.130146026611 13.763064384460 4.798995971680 161 161 161
26.112514495850 14.063097953796 5.440994262695 224 224 224
26.108459472656 14.069777488708 5.397003173828 235 235 235
26.108459472656 14.069777488708 5.352996826172 235 235 235
26.108459472656 14.069777488708 5.309997558594 202 202 202
26.108459472656 14.069777488708 5.265991210938 221 221 221
26.108459472656 14.069777488708 5.222991943359 209 209 209
26.147336959839 14.065958976746 5.184997558594 107 107 107
26.108459472656 14.069777488708 5.136993408203 239 239 239
26.108459472656 14.069777488708 5.093994140625 205 205 205
26.104406356812 14.076455116272 5.050003051758 241 241 241
26.104406356812 14.076455116272 5.006988525391 199 199 199
26.108459472656 14.069777488708 4.963989257813 243 243 243
26.104406356812 14.076455116272 4.919998168945 175 175 175
26.282567977905 14.084076881409 4.451995849609 72 72 72
26.282567977905 14.084076881409 4.407989501953 82 82 82
26.282567977905 14.084076881409 4.364990234375 85 85 85
26.282567977905 14.084076881409 4.320999145508 80 80 80
26.282567977905 14.084076881409 4.276992797852 83 83 83
26.282567977905 14.084076881409 4.233001708984 83 83 83
26.247747421265 14.081217765808 4.190002441406 88 88 88
26.282567977905 14.084076881409 4.145996093750 91 91 91
26.282567977905 14.084076881409 4.101989746094 86 86 86
26.247747421265 14.081217765808 4.058990478516 74 74 74
26.243692398071 14.087895393372 4.014999389648 19 19 19
25.917917251587 14.383654594421 5.873001098633 74 74 74
25.844221115112 14.384615898132 5.813995361328 105 105 105
26.026435852051 14.385558128357 5.805999755859 107 107 107
25.983505249023 14.396054267883 5.746002197266 103 103 103
25.944631576538 14.399872779846 5.696990966797 112 112 112
25.987560272217 14.389376640320 5.660995483398 82 82 82
26.065311431885 14.381739616394 5.631988525391 53 53 53
26.096078872681 14.391276359558 5.367996215820 190 190 190
26.096078872681 14.391276359558 5.322998046875 242 242 242
26.096078872681 14.391276359558 5.277999877930 245 245 245
26.087970733643 14.404633522034 5.231994628906 240 240 240
26.096078872681 14.391276359558 5.187988281250 242 242 242
26.087970733643 14.404633522034 5.142990112305 242 242 242
26.087970733643 14.404633522034 5.097991943359 245 245 245
26.087970733643 14.404633522034 5.054000854492 239 239 239
26.087970733643 14.404633522034 5.009994506836 65 65 65
26.235363006592 14.402716636658 4.486999511719 71 71 71
26.235363006592 14.402716636658 4.442001342773 94 94 94
26.227254867554 14.416073799133 4.397003173828 98 98 98
26.227254867554 14.416073799133 4.352996826172 99 99 99
26.083915710449 14.411311149597 4.306991577148 148 148 148
26.083915710449 14.411311149597 4.263000488281 188 188 188
26.083915710449 14.411311149597 4.218994140625 170 170 170
26.083915710449 14.411311149597 4.175003051758 174 174 174
26.075807571411 14.424668312073 4.131988525391 190 190 190
26.079862594604 14.417990684509 4.087997436523 143 143 143
26.196487426758 14.406535148621 4.041000366211 77 77 77
26.188379287720 14.419892311096 3.996994018555 83 83 83
26.223199844360 14.422751426697 3.950988769531 123 123 123
26.196487426758 14.406535148621 3.906997680664 73 73 73
26.219146728516 14.429430961609 3.862991333008 107 107 107
26.219146728516 14.429430961609 3.817993164063 106 106 106
26.110408782959 14.728993415833 5.565002441406 205 205 205
26.075588226318 14.726134300232 5.516998291016 240 240 240
26.075588226318 14.726134300232 5.472000122070 240 240 240
26.075588226318 14.726134300232 5.425994873047 231 231 231
26.075588226318 14.726134300232 5.379989624023 238 238 238
26.075588226318 14.726134300232 5.333999633789 230 230 230
26.110408782959 14.728993415833 5.106994628906 45 45 45
26.071533203125 14.732811927795 5.058990478516 240 240 240
26.071533203125 14.732811927795 5.013992309570 210 210 210
26.071533203125 14.732811927795 4.968994140625 245 245 245
26.075588226318 14.726134300232 4.923995971680 252 252 252
26.075588226318 14.726134300232 4.879989624023 251 251 251
26.071533203125 14.732811927795 4.833999633789 171 171 171
26.150417327881 13.729672431946 5.539993286133 88 88 88
26.150417327881 13.729672431946 5.504989624023 170 170 170
26.115596771240 13.726813316345 5.462997436523 180 180 180
26.150417327881 13.729672431946 5.425994873047 173 173 173
26.142307281494 13.743029594421 4.942001342773 172 172 172
26.138254165649 13.749707221985 4.905990600586 199 199 199
26.138254165649 13.749707221985 4.868988037109 179 179 179
26.146362304688 13.736350059509 4.832992553711 120 120 120
26.129453659058 14.155636787415 5.813995361328 77 77 77
26.213647842407 14.197607994080 5.800994873047 97 97 97
26.267074584961 14.230040550232 5.774993896484 24 24 24
26.098688125610 14.146098136902 5.412002563477 132 132 132
26.098688125610 14.146098136902 5.373001098633 183 183 183
26.098688125610 14.146098136902 5.335998535156 176 176 176
26.094633102417 14.152777671814 5.294998168945 181 181 181
26.125400543213 14.162314414978 5.257995605469 181 181 181
26.094633102417 14.152777671814 5.218002319336 179 179 179
26.125400543213 14.162314414978 5.181991577148 179 179 179
26.121345520020 14.168993949890 5.144989013672 206 206 206
26.125400543213 14.162314414978 5.106002807617 185 185 185
26.125400543213 14.162314414978 5.067001342773 183 183 183
26.094633102417 14.152777671814 5.026992797852 188 188 188
26.121345520020 14.168993949890 4.990997314453 151 151 151
26.281623840332 14.266291618347 4.477996826172 85 85 85
26.285678863525 14.259612083435 4.438995361328 82 82 82
26.285678863525 14.259612083435 4.401000976563 88 88 88
26.285678863525 14.259612083435 4.361999511719 87 87 87
26.228197097778 14.233859062195 4.321990966797 84 84 84
26.228197097778 14.233859062195 4.283996582031 86 86 86
26.228197097778 14.233859062195 4.246002197266 85 85 85
26.254911422729 14.250075340271 4.208999633789 83 83 83
26.224143981934 14.240538597107 4.169998168945 83 83 83
26.228197097778 14.233859062195 4.131988525391 130 130 130
26.228197097778 14.233859062195 4.093994140625 88 88 88
26.224143981934 14.240538597107 4.055999755859 89 89 89
26.224143981934 14.240538597107 4.017990112305 78 78 78
26.224143981934 14.240538597107 3.979995727539 73 73 73
26.228197097778 14.233859062195 3.942001342773 73 73 73
26.254911422729 14.250075340271 3.903991699219 84 84 84
26.224143981934 14.240538597107 3.865997314453 74 74 74
26.228197097778 14.233859062195 3.828002929688 64 64 64
25.938911437988 14.469515800476 5.819000244141 62 62 62
26.019050598145 14.518164634705 5.809997558594 90 90 90
26.099189758301 14.566813468933 5.468002319336 122 122 122
26.099189758301 14.566813468933 5.427993774414 166 166 166
26.099189758301 14.566813468933 5.388992309570 169 169 169
26.099189758301 14.566813468933 5.348999023438 166 166 166
26.095134735107 14.573493003845 5.309997558594 173 173 173
26.099189758301 14.566813468933 5.268997192383 170 170 170
26.099189758301 14.566813468933 5.228988647461 114 114 114
26.072477340698 14.550597190857 5.185989379883 101 101 101
26.095134735107 14.573493003845 5.149002075195 179 179 179
26.095134735107 14.573493003845 5.108993530273 177 177 177
26.095134735107 14.573493003845 5.070999145508 178 178 178
26.095134735107 14.573493003845 5.030990600586 175 175 175
26.095134735107 14.573493003845 4.991989135742 175 175 175
26.095134735107 14.573493003845 4.951995849609 165 165 165
26.255413055420 14.670790672302 4.422988891602 78 78 78
26.255413055420 14.670790672302 4.382995605469 90 90 90
26.220592498779 14.667931556702 4.343002319336 88 88 88
26.220592498779 14.667931556702 4.304000854492 92 92 92
26.220592498779 14.667931556702 4.263992309570 90 90 90
26.220592498779 14.667931556702 4.224990844727 92 92 92
26.220592498779 14.667931556702 4.185989379883 95 95 95
26.224647521973 14.661253929138 4.147003173828 69 69 69
25.906478881836 14.522940635681 2.018997192383 192 192 192
25.883819580078 14.500046730042 2.069992065430 196 196 196
25.865213394165 14.470473289490 2.128997802734 112 112 112
26.119239807129 14.834887504578 4.785995483398 37 37 37
26.112798690796 14.785281181335 4.826995849609 126 126 126
26.104690551758 14.798636436462 4.873992919922 110 110 110
26.108743667603 14.791958808899 4.917999267578 129 129 129
26.104690551758 14.798636436462 4.962997436523 111 111 111
26.108743667603 14.791958808899 5.006988525391 128 128 128
26.086084365845 14.769062995911 5.050994873047 17 17 17
26.145952224731 14.851103782654 5.378997802734 193 193 193
26.135456085205 14.808175086975 5.417999267578 180 180 180
26.131402969360 14.814852714539 5.464996337891 156 156 156
26.135456085205 14.808175086975 5.509002685547 108 108 108
26.112798690796 14.785281181335 5.552993774414 112 112 112
26.131402969360 14.814852714539 5.602996826172 47 47 47
25.942964553833 14.462836265564 5.793991088867 77 77 77
26.223199844360 14.422751426697 3.826995849609 104 104 104
26.245861053467 14.445647239685 3.868988037109 124 124 124
26.249914169312 14.438967704773 3.912994384766 135 135 135
26.208650588989 14.386500358582 3.959991455078 33 33 33
26.231307983398 14.409396171570 4.002990722656 58 58 58
26.249914169312 14.438967704773 4.045989990234 32 32 32
26.138286590576 14.261530876160 4.093002319336 136 136 136
26.138286590576 14.261530876160 4.136001586914 129 129 129
26.115625381470 14.238635063171 4.179000854492 134 134 134
26.115625381470 14.238635063171 4.222000122070 129 129 129
26.138286590576 14.261530876160 4.264999389648 127 127 127
26.245861053467 14.445647239685 4.310989379883 91 91 91
26.241806030273 14.452324867249 4.354995727539 80 80 80
26.272573471069 14.461863517761 4.399993896484 86 86 86
26.264465332031 14.475218772888 4.444992065430 81 81 81
26.127788543701 14.218600273132 4.993988037109 17 17 17
26.127788543701 14.218600273132 5.037994384766 139 139 139
26.146394729614 14.248173713684 5.082992553711 147 147 147
26.127788543701 14.218600273132 5.123992919922 134 134 134
26.127788543701 14.218600273132 5.166992187500 144 144 144
26.127788543701 14.218600273132 5.210998535156 144 144 144
26.127788543701 14.218600273132 5.253997802734 144 144 144
26.123733520508 14.225279808044 5.300003051758 136 136 136
26.127788543701 14.218600273132 5.341995239258 144 144 144
26.135896682739 14.205245018005 5.647003173828 78 78 78
26.117292404175 14.175671577454 5.685989379883 99 99 99
26.216758728027 14.373145103455 5.779998779297 125 125 125
26.206262588501 14.330214500427 5.817001342773 125 125 125
26.084136962891 14.109847068787 5.804992675781 101 101 101
26.135896682739 14.205245018005 5.871002197266 16 16 16
26.385837554932 14.064513206482 4.284988403320 18 18 18
26.408496856689 14.087409019470 4.328994750977 15 15 15
25.949407577515 14.512444496155 5.789993286133 31 31 31
26.087026596069 14.586848258972 5.462997436523 163 163 163
26.087026596069 14.586848258972 5.422988891602 172 172 172
26.087026596069 14.586848258972 5.381988525391 169 169 169
26.087026596069 14.586848258972 5.343002319336 170 170 170
26.087026596069 14.586848258972 5.302993774414 171 171 171
26.087026596069 14.586848258972 5.261993408203 164 164 164
26.082973480225 14.593527793884 5.140991210938 160 160 160
26.082973480225 14.593527793884 5.100997924805 182 182 182
26.082973480225 14.593527793884 5.060989379883 175 175 175
26.082973480225 14.593527793884 5.020996093750 177 177 177
26.091081619263 14.580170631409 4.983993530273 176 176 176
26.082973480225 14.593527793884 4.942993164063 178 178 178
26.091081619263 14.580170631409 4.904998779297 110 110 110
26.220592498779 14.667931556702 4.408996582031 47 47 47
26.220592498779 14.667931556702 4.369995117188 83 83 83
26.220592498779 14.667931556702 4.330993652344 94 94 94
26.220592498779 14.667931556702 4.291992187500 88 88 88
26.220592498779 14.667931556702 4.251998901367 93 93 93
26.216539382935 14.674609184265 4.211990356445 93 93 93
26.220592498779 14.667931556702 4.172988891602 93 93 93
26.201988220215 14.638358116150 4.132995605469 58 58 58
25.980175018311 14.521983146667 2.078002929688 191 191 191
25.998277664185 14.130839347839 5.804000854492 99 99 99
26.189323425293 14.237677574158 5.824996948242 109 109 109
26.216035842896 14.253893852234 5.796997070313 116 116 116
26.082471847534 14.172812461853 5.703994750977 86 86 86
26.047649383545 14.169951438904 5.662994384766 75 75 75
26.105129241943 14.195706367493 5.358001708984 171 171 171
26.109184265137 14.189028739929 5.319992065430 182 182 182
26.078416824341 14.179490089417 5.278991699219 178 178 178
26.105129241943 14.195706367493 5.240997314453 183 183 183
26.109184265137 14.189028739929 5.203994750977 180 180 180
26.105129241943 14.195706367493 5.162994384766 181 181 181
26.109184265137 14.189028739929 5.126998901367 177 177 177
26.109184265137 14.189028739929 5.087997436523 191 191 191
26.105129241943 14.195706367493 5.048995971680 193 193 193
26.109184265137 14.189028739929 5.013000488281 165 165 165
26.242750167847 14.270110130310 4.455001831055 88 88 88
26.242750167847 14.270110130310 4.416992187500 90 90 90
26.273515701294 14.279646873474 4.378997802734 87 87 87
26.242750167847 14.270110130310 4.339996337891 89 89 89
26.242750167847 14.270110130310 4.300994873047 91 91 91
26.242750167847 14.270110130310 4.263000488281 91 91 91
26.246803283691 14.263430595398 4.223999023438 86 86 86
26.216035842896 14.253893852234 4.184997558594 89 89 89
26.216035842896 14.253893852234 4.145996093750 106 106 106
26.224143981934 14.240538597107 4.108993530273 142 142 142
26.246803283691 14.263430595398 4.070999145508 64 64 64
26.220088958740 14.247214317322 4.032989501953 67 67 67
26.220088958740 14.247214317322 3.993988037109 68 68 68
26.216035842896 14.253893852234 3.955993652344 74 74 74
26.220088958740 14.247214317322 3.917999267578 77 77 77
26.216035842896 14.253893852234 3.879989624023 74 74 74
26.220088958740 14.247214317322 3.841995239258 72 72 72
26.220088958740 14.247214317322 3.802993774414 60 60 60
26.109874725342 13.796454429626 5.598999023438 68 68 68
26.109874725342 13.796454429626 5.567993164063 182 182 182
26.140644073486 13.805993080139 5.529998779297 178 178 178
26.109874725342 13.796454429626 5.490997314453 180 180 180
26.109874725342 13.796454429626 5.451995849609 181 181 181
26.109874725342 13.796454429626 5.414993286133 179 179 179
26.140644073486 13.805993080139 5.376998901367 178 178 178
26.140644073486 13.805993080139 5.341995239258 34 34 34
26.140644073486 13.805993080139 5.001998901367 120 120 120
26.144697189331 13.799315452576 4.962997436523 188 188 188
26.109874725342 13.796454429626 4.925994873047 195 195 195
26.109874725342 13.796454429626 4.888000488281 189 189 189
26.109874725342 13.796454429626 4.850997924805 196 196 196
26.109874725342 13.796454429626 4.813995361328 198 198 198
26.109874725342 13.796454429626 4.776992797852 173 173 173
26.081306457520 14.656491279602 5.544998168945 149 149 149
26.081306457520 14.656491279602 5.496994018555 240 240 240
26.081306457520 14.656491279602 5.450988769531 240 240 240
26.073198318481 14.669848442078 5.403991699219 241 241 241
26.081306457520 14.656491279602 5.358993530273 243 243 243
26.081306457520 14.656491279602 5.312988281250 243 243 243
26.116128921509 14.659350395203 5.272994995117 24 24 24
26.081306457520 14.656491279602 5.129989624023 52 52 52
26.073198318481 14.669848442078 5.082992553711 242 242 242
26.073198318481 14.669848442078 5.037994384766 213 213 213
26.073198318481 14.669848442078 4.991989135742 241 241 241
26.073198318481 14.669848442078 4.946990966797 251 251 251
26.073198318481 14.669848442078 4.902999877930 249 249 249
26.073198318481 14.669848442078 4.858001708984 148 148 148
26.220592498779 14.667931556702 4.410995483398 49 49 49
26.220592498779 14.667931556702 4.364990234375 87 87 87
26.220592498779 14.667931556702 4.319000244141 85 85 85
26.216539382935 14.674609184265 4.274002075195 86 86 86
26.216539382935 14.674609184265 4.227996826172 89 89 89
26.189826965332 14.658392906189 4.181991577148 82 82 82
26.216539382935 14.674609184265 4.136993408203 36 36 36
25.895259857178 14.360760688782 5.858001708984 89 89 89
25.856384277344 14.364579200745 5.804992675781 109 109 109
25.968955993652 14.359803199768 5.780990600586 114 114 114
25.930080413818 14.363619804382 5.727996826172 110 110 110
25.934133529663 14.356942176819 5.684997558594 113 113 113
25.968955993652 14.359803199768 5.647994995117 89 89 89
26.042652130127 14.358843803406 5.616989135742 110 110 110
26.042652130127 14.358843803406 5.570999145508 108 108 108
26.015939712524 14.342627525330 5.524002075195 106 106 106
26.042652130127 14.358843803406 5.481994628906 103 103 103
26.007831573486 14.355984687805 5.433990478516 100 100 100
26.007831573486 14.355984687805 5.388992309570 99 99 99
26.073419570923 14.368382453918 5.349990844727 164 164 164
26.077474594116 14.361704826355 5.307998657227 224 224 224
26.077474594116 14.361704826355 5.261993408203 219 219 219
26.073419570923 14.368382453918 5.215988159180 216 216 216
26.073419570923 14.368382453918 5.171997070313 216 216 216
26.073419570923 14.368382453918 5.127990722656 220 220 220
26.073419570923 14.368382453918 5.083999633789 222 222 222
26.050760269165 14.345488548279 5.037994384766 206 206 206
26.007831573486 14.355984687805 4.988998413086 124 124 124
26.007831573486 14.355984687805 4.944992065430 125 125 125
26.007831573486 14.355984687805 4.901000976563 132 132 132
26.003776550293 14.362662315369 4.856994628906 130 130 130
26.007831573486 14.355984687805 4.813995361328 132 132 132
26.003776550293 14.362662315369 4.769989013672 141 141 141
26.007831573486 14.355984687805 4.726989746094 146 146 146
26.007831573486 14.355984687805 4.682998657227 142 142 142
26.007831573486 14.355984687805 4.639999389648 148 148 148
26.007831573486 14.355984687805 4.595993041992 161 161 161
26.007831573486 14.355984687805 4.552001953125 167 167 167
26.007831573486 14.355984687805 4.509002685547 175 175 175
26.038597106934 14.365523338318 4.465988159180 183 183 183
26.003776550293 14.362662315369 4.421997070313 195 195 195
26.038597106934 14.365523338318 4.378997802734 205 205 205
26.038597106934 14.365523338318 4.334991455078 219 219 219
26.038597106934 14.365523338318 4.291000366211 213 213 213
26.038597106934 14.365523338318 4.248001098633 242 242 242
26.038597106934 14.365523338318 4.203994750977 33 33 33
26.038597106934 14.365523338318 4.160995483398 33 33 33
26.038597106934 14.365523338318 4.116989135742 236 236 236
26.003776550293 14.362662315369 4.073989868164 184 184 184
26.038597106934 14.365523338318 4.029998779297 233 233 233
26.038597106934 14.365523338318 3.986999511719 215 215 215
26.003776550293 14.362662315369 3.942993164063 205 205 205
26.003776550293 14.362662315369 3.899993896484 185 185 185
26.003776550293 14.362662315369 3.856994628906 175 175 175
25.968955993652 14.359803199768 3.813995361328 168 168 168
25.968955993652 14.359803199768 3.770996093750 158 158 158
25.964900970459 14.366480827332 3.728988647461 158 158 158
25.964900970459 14.366480827332 3.684997558594 153 153 153
25.960847854614 14.373160362244 3.642990112305 145 145 145
25.964900970459 14.366480827332 3.598999023438 138 138 138
25.960847854614 14.373160362244 3.555999755859 140 140 140
25.960847854614 14.373160362244 3.513000488281 140 140 140
25.964900970459 14.366480827332 3.470001220703 141 141 141
25.960847854614 14.373160362244 3.425994873047 140 140 140
25.964900970459 14.366480827332 3.382995605469 142 142 142
25.960847854614 14.373160362244 3.337997436523 141 141 141
25.960847854614 14.373160362244 3.294998168945 148 148 148
25.960847854614 14.373160362244 3.250991821289 147 147 147
25.960847854614 14.373160362244 3.207000732422 140 140 140
25.960847854614 14.373160362244 3.164001464844 149 149 149
25.930080413818 14.363619804382 3.121002197266 143 143 143
25.930080413818 14.363619804382 3.076995849609 149 149 149
25.960847854614 14.373160362244 3.031997680664 147 147 147
25.930080413818 14.363619804382 2.988998413086 138 138 138
25.960847854614 14.373160362244 2.944000244141 144 144 144
25.960847854614 14.373160362244 2.899002075195 147 147 147
25.930080413818 14.363619804382 2.856994628906 147 147 147
25.926025390625 14.370299339294 2.810989379883 147 147 147
26.081748962402 14.053561210632 5.440002441406 208 208 208
26.081748962402 14.053561210632 5.395996093750 235 235 235
26.081748962402 14.053561210632 5.350997924805 236 236 236
26.081748962402 14.053561210632 5.307998657227 217 217 217
26.077693939209 14.060238838196 5.263992309570 209 209 209
26.077693939209 14.060238838196 5.220001220703 227 227 227
26.124677658081 14.043063163757 5.181991577148 72 72 72
26.112514495850 14.063097953796 5.134994506836 246 246 246
26.112514495850 14.063097953796 5.090988159180 208 208 208
26.112514495850 14.063097953796 5.046997070313 242 242 242
26.112514495850 14.063097953796 5.003997802734 201 201 201
26.077693939209 14.060238838196 4.959991455078 239 239 239
26.077693939209 14.060238838196 4.916000366211 201 201 201
26.268016815186 14.047825813293 4.447998046875 60 60 60
26.263963699341 14.054503440857 4.402999877930 81 81 81
26.263963699341 14.054503440857 4.358993530273 87 87 87
26.259908676147 14.061182975769 4.315002441406 82 82 82
26.259908676147 14.061182975769 4.272003173828 82 82 82
26.255855560303 14.067860603333 4.227996826172 83 83 83
26.259908676147 14.061182975769 4.183990478516 84 84 84
26.259908676147 14.061182975769 4.139999389648 83 83 83
26.259908676147 14.061182975769 4.095993041992 82 82 82
26.229141235352 14.051644325256 4.052993774414 55 55 55
26.130146026611 13.763064384460 5.611999511719 138 138 138
26.099378585815 13.753523826599 5.565994262695 216 216 216
26.095325469971 13.760203361511 5.522994995117 232 232 232
26.095325469971 13.760203361511 5.479995727539 233 233 233
26.095325469971 13.760203361511 5.435989379883 233 233 233
26.095325469971 13.760203361511 5.393997192383 221 221 221
26.130146026611 13.763064384460 4.968002319336 235 235 235
26.095325469971 13.760203361511 4.925003051758 228 228 228
26.130146026611 13.763064384460 4.882995605469 208 208 208
26.130146026611 13.763064384460 4.840988159180 253 253 253
26.095325469971 13.760203361511 4.796997070313 232 232 232
26.130146026611 13.763064384460 4.755996704102 50 50 50
