24.234325408936 7.384364128113 56.488998413086 30 30 30
24.234325408936 7.384364128113 56.524002075195 152 152 152
24.234325408936 7.384364128113 56.557998657227 176 176 176
24.234325408936 7.384364128113 56.592002868652 159 159 159
24.234325408936 7.384364128113 56.626998901367 162 162 162
24.234325408936 7.384364128113 56.662002563477 150 150 150
24.234325408936 7.384364128113 56.695999145508 162 162 162
24.234325408936 7.384364128113 56.732002258301 142 142 142
24.234325408936 7.384364128113 57.042999267578 80 80 80
24.234325408936 7.384364128113 57.079002380371 147 147 147
24.224868774414 7.371925354004 57.114997863770 145 145 145
24.224868774414 7.371925354004 57.150001525879 144 144 144
24.234325408936 7.384364128113 57.183998107910 143 143 143
24.224868774414 7.371925354004 57.221000671387 141 141 141
24.234325408936 7.384364128113 57.254997253418 143 143 143
24.075145721436 7.897904396057 54.034996032715 147 147 147
24.075145721436 7.897904396057 54.069999694824 157 157 157
24.075145721436 7.897904396057 54.106002807617 157 157 157
24.084600448608 7.910343170166 54.139999389648 159 159 159
24.075145721436 7.897904396057 54.178001403809 161 161 161
24.075145721436 7.897904396057 54.213996887207 165 165 165
24.075145721436 7.897904396057 54.249000549316 167 167 167
24.075145721436 7.897904396057 54.282997131348 168 168 168
24.075145721436 7.897904396057 54.319999694824 172 172 172
24.075145721436 7.897904396057 54.353996276855 171 171 171
24.075145721436 7.897904396057 54.388999938965 175 175 175
24.075145721436 7.897904396057 54.426002502441 170 170 170
24.084600448608 7.910343170166 54.457000732422 169 169 169
24.075145721436 7.897904396057 54.492996215820 171 171 171
24.075145721436 7.897904396057 54.527999877930 176 176 176
24.075145721436 7.897904396057 54.561996459961 175 175 175
24.075145721436 7.897904396057 54.597000122070 174 174 174
24.075145721436 7.897904396057 54.629997253418 174 174 174
24.075145721436 7.897904396057 54.664001464844 178 178 178
24.075145721436 7.897904396057 54.699996948242 176 176 176
24.075145721436 7.897904396057 54.734001159668 180 180 180
24.084600448608 7.910343170166 54.764999389648 180 180 180
24.075145721436 7.897904396057 54.799995422363 179 179 179
24.075145721436 7.897904396057 54.833999633789 179 179 179
24.075145721436 7.897904396057 54.867996215820 184 184 184
24.075145721436 7.897904396057 54.901000976563 185 185 185
24.075145721436 7.897904396057 54.933998107910 183 183 183
24.050268173218 7.916815757751 54.969001770020 183 183 183
24.075145721436 7.897904396057 55.000999450684 185 185 185
24.075145721436 7.897904396057 55.032997131348 190 190 190
24.075145721436 7.897904396057 55.067001342773 192 192 192
24.075145721436 7.897904396057 55.098999023438 192 192 192
24.075145721436 7.897904396057 55.132995605469 195 195 195
24.075145721436 7.897904396057 55.165000915527 198 198 198
24.075145721436 7.897904396057 55.197998046875 201 201 201
24.075145721436 7.897904396057 55.231002807617 203 203 203
24.075145721436 7.897904396057 55.263999938965 197 197 197
24.075145721436 7.897904396057 55.294998168945 196 196 196
24.075145721436 7.897904396057 55.326995849609 198 198 198
24.075145721436 7.897904396057 55.360000610352 206 206 206
24.075145721436 7.897904396057 55.391998291016 207 207 207
24.075145721436 7.897904396057 55.423995971680 206 206 206
24.075145721436 7.897904396057 55.457000732422 207 207 207
24.075145721436 7.897904396057 55.488998413086 211 211 211
24.075145721436 7.897904396057 55.521995544434 211 211 211
24.075145721436 7.897904396057 55.554000854492 216 216 216
24.075145721436 7.897904396057 55.585998535156 217 217 217
24.075145721436 7.897904396057 55.616996765137 221 221 221
24.084600448608 7.910343170166 55.649002075195 224 224 224
24.075145721436 7.897904396057 55.680999755859 226 226 226
24.084600448608 7.910343170166 55.712997436523 230 230 230
24.084600448608 7.910343170166 55.745002746582 232 232 232
24.084600448608 7.910343170166 55.777000427246 238 238 238
24.075145721436 7.897904396057 55.808998107910 238 238 238
24.075145721436 7.897904396057 55.840995788574 242 242 242
24.084600448608 7.910343170166 55.873001098633 9 9 9
24.084600448608 7.910343170166 55.904998779297 15 15 15
24.084600448608 7.910343170166 55.935997009277 15 15 15
24.084600448608 7.910343170166 55.968002319336 15 15 15
24.084600448608 7.910343170166 56.000000000000 15 15 15
24.084600448608 7.910343170166 56.031997680664 15 15 15
24.075145721436 7.897904396057 56.063995361328 15 15 15
24.075145721436 7.897904396057 56.096000671387 15 15 15
24.075145721436 7.897904396057 56.127998352051 15 15 15
24.075145721436 7.897904396057 56.159996032715 8 8 8
24.075145721436 7.897904396057 56.192001342773 3 3 3
24.075145721436 7.897904396057 56.223999023438 253 253 253
24.075145721436 7.897904396057 56.255996704102 247 247 247
24.075145721436 7.897904396057 56.287002563477 233 233 233
24.075145721436 7.897904396057 56.319000244141 225 225 225
24.084600448608 7.910343170166 56.350997924805 224 224 224
24.075145721436 7.897904396057 56.382995605469 217 217 217
24.075145721436 7.897904396057 56.414001464844 217 217 217
24.075145721436 7.897904396057 56.446998596191 216 216 216
24.075145721436 7.897904396057 56.478996276855 214 214 214
24.075145721436 7.897904396057 56.511001586914 214 214 214
24.075145721436 7.897904396057 56.542999267578 209 209 209
24.075145721436 7.897904396057 56.574996948242 205 205 205
24.075145721436 7.897904396057 56.606002807617 199 199 199
24.075145721436 7.897904396057 56.638999938965 200 200 200
24.084600448608 7.910343170166 56.671997070313 197 197 197
24.075145721436 7.897904396057 56.702995300293 197 197 197
24.075145721436 7.897904396057 56.735000610352 196 196 196
24.075145721436 7.897904396057 56.767997741699 195 195 195
24.075145721436 7.897904396057 56.799995422363 194 194 194
24.084600448608 7.910343170166 56.833999633789 187 187 187
24.075145721436 7.897904396057 56.865997314453 186 186 186
24.084600448608 7.910343170166 56.899002075195 182 182 182
24.075145721436 7.897904396057 56.930999755859 176 176 176
24.075145721436 7.897904396057 56.962997436523 180 180 180
24.084600448608 7.910343170166 56.997001647949 178 178 178
24.084600448608 7.910343170166 57.028999328613 179 179 179
24.084600448608 7.910343170166 57.061996459961 180 180 180
24.084600448608 7.910343170166 57.095001220703 173 173 173
24.075145721436 7.897904396057 57.126998901367 174 174 174
24.084600448608 7.910343170166 57.160995483398 173 173 173
24.084600448608 7.910343170166 57.194000244141 179 179 179
24.084600448608 7.910343170166 57.227996826172 168 168 168
24.084600448608 7.910343170166 57.262001037598 164 164 164
24.084600448608 7.910343170166 57.294998168945 164 164 164
24.084600448608 7.910343170166 57.327995300293 167 167 167
24.075145721436 7.897904396057 57.362998962402 165 165 165
24.084600448608 7.910343170166 57.395996093750 163 163 163
24.314016342163 8.108862876892 55.729995727539 25 25 25
24.289136886597 8.127774238586 55.795997619629 38 38 38
24.289136886597 8.127774238586 55.826995849609 31 31 31
24.314016342163 8.108862876892 55.858001708984 37 37 37
24.338893890381 8.089951515198 55.888999938965 26 26 26
24.314016342163 8.108862876892 55.921997070313 131 131 131
24.289136886597 8.127774238586 55.955001831055 146 146 146
24.314016342163 8.108862876892 55.986999511719 140 140 140
24.314016342163 8.108862876892 56.018997192383 140 140 140
24.164747238159 8.222332000732 56.583000183105 101 101 101
24.189624786377 8.203419685364 56.616996765137 153 153 153
24.189624786377 8.203419685364 56.648002624512 148 148 148
24.189624786377 8.203419685364 56.678001403809 151 151 151
24.189624786377 8.203419685364 56.710998535156 155 155 155
24.189624786377 8.203419685364 56.741996765137 151 151 151
24.189624786377 8.203419685364 56.774002075195 153 153 153
24.189624786377 8.203419685364 56.806999206543 138 138 138
24.189624786377 8.203419685364 57.000000000000 145 145 145
24.189624786377 8.203419685364 57.031997680664 163 163 163
24.189624786377 8.203419685364 57.063995361328 152 152 152
24.189624786377 8.203419685364 57.097999572754 166 166 166
24.189624786377 8.203419685364 57.128997802734 162 162 162
24.189624786377 8.203419685364 57.163002014160 158 158 158
24.189624786377 8.203419685364 57.193000793457 167 167 167
24.189624786377 8.203419685364 57.224998474121 122 122 122
24.246257781982 7.296785354614 56.512001037598 37 37 37
24.246257781982 7.296785354614 56.553001403809 215 215 215
24.261680603027 7.265434265137 56.593002319336 240 240 240
24.261680603027 7.265434265137 56.632995605469 246 246 246
24.236803054810 7.284345626831 56.671997070313 242 242 242
24.236803054810 7.284345626831 56.711997985840 147 147 147
24.261680603027 7.265434265137 57.114997863770 45 45 45
24.227348327637 7.271906852722 57.153999328613 232 232 232
24.227348327637 7.271906852722 57.194999694824 224 224 224
24.227348327637 7.271906852722 57.235000610352 230 230 230
24.227348327637 7.271906852722 57.275001525879 191 191 191
24.322914123535 7.552543640137 55.982002258301 85 85 85
24.401039123535 7.552038192749 56.016998291016 75 75 75
24.401039123535 7.552038192749 56.056999206543 79 79 79
24.401039123535 7.552038192749 56.097000122070 78 78 78
24.244791030884 7.553049087524 56.643997192383 237 237 237
24.244791030884 7.553049087524 56.682998657227 240 240 240
24.244791030884 7.553049087524 56.721000671387 237 237 237
24.244791030884 7.553049087524 56.760002136230 236 236 236
24.244791030884 7.553049087524 56.798995971680 240 240 240
24.244791030884 7.553049087524 56.837997436523 240 240 240
24.235336303711 7.540611267090 56.875999450684 133 133 133
24.244791030884 7.553049087524 56.956001281738 83 83 83
24.235336303711 7.540611267090 56.993995666504 239 239 239
24.235336303711 7.540611267090 57.031997680664 233 233 233
24.235336303711 7.540611267090 57.070999145508 233 233 233
24.235336303711 7.540611267090 57.111000061035 231 231 231
24.235336303711 7.540611267090 57.150001525879 233 233 233
24.235336303711 7.540611267090 57.188995361328 231 231 231
24.118934631348 7.903871536255 53.929000854492 137 137 137
24.118934631348 7.903871536255 53.971000671387 143 143 143
24.084600448608 7.910343170166 54.013000488281 141 141 141
24.084600448608 7.910343170166 54.055000305176 141 141 141
24.084600448608 7.910343170166 54.096000671387 145 145 145
24.084600448608 7.910343170166 54.139999389648 146 146 146
24.084600448608 7.910343170166 54.180000305176 154 154 154
24.084600448608 7.910343170166 54.221000671387 155 155 155
24.118934631348 7.903871536255 54.257995605469 155 155 155
24.084600448608 7.910343170166 54.302001953125 165 165 165
24.084600448608 7.910343170166 54.342002868652 160 160 160
24.109477996826 7.891431808472 54.380996704102 162 162 162
24.109477996826 7.891431808472 54.419998168945 160 160 160
24.084600448608 7.910343170166 54.461997985840 159 159 159
24.084600448608 7.910343170166 54.501998901367 162 162 162
24.084600448608 7.910343170166 54.541999816895 161 161 161
24.084600448608 7.910343170166 54.582000732422 162 162 162
24.084600448608 7.910343170166 54.621002197266 166 166 166
24.084600448608 7.910343170166 54.660995483398 169 169 169
24.084600448608 7.910343170166 54.699996948242 165 165 165
24.084600448608 7.910343170166 54.739997863770 167 167 167
24.084600448608 7.910343170166 54.777999877930 168 168 168
24.084600448608 7.910343170166 54.817001342773 169 169 169
24.075145721436 7.897904396057 54.857002258301 173 173 173
24.084600448608 7.910343170166 54.893997192383 174 174 174
24.109477996826 7.891431808472 54.931999206543 176 176 176
24.075145721436 7.897904396057 54.971000671387 175 175 175
24.075145721436 7.897904396057 55.010002136230 179 179 179
24.075145721436 7.897904396057 55.048995971680 183 183 183
24.075145721436 7.897904396057 55.085998535156 182 182 182
24.075145721436 7.897904396057 55.123001098633 186 186 186
24.100023269653 7.878993034363 55.160995483398 189 189 189
24.075145721436 7.897904396057 55.199996948242 187 187 187
24.090566635132 7.866554260254 55.238998413086 188 188 188
24.090566635132 7.866554260254 55.275001525879 184 184 184
24.090566635132 7.866554260254 55.312995910645 189 189 189
24.100023269653 7.878993034363 55.349998474121 188 188 188
24.090566635132 7.866554260254 55.388000488281 191 191 191
24.090566635132 7.866554260254 55.424995422363 191 191 191
24.090566635132 7.866554260254 55.462997436523 193 193 193
24.090566635132 7.866554260254 55.500000000000 196 196 196
24.090566635132 7.866554260254 55.538002014160 196 196 196
24.090566635132 7.866554260254 55.574996948242 205 205 205
24.090566635132 7.866554260254 55.611999511719 205 205 205
24.090566635132 7.866554260254 55.649002075195 206 206 206
24.090566635132 7.866554260254 55.685997009277 212 212 212
24.090566635132 7.866554260254 55.722999572754 212 212 212
24.090566635132 7.866554260254 55.760002136230 219 219 219
24.090566635132 7.866554260254 55.796997070313 219 219 219
24.090566635132 7.866554260254 55.833000183105 223 223 223
24.090566635132 7.866554260254 55.870002746582 227 227 227
24.090566635132 7.866554260254 55.907997131348 229 229 229
24.090566635132 7.866554260254 55.944000244141 233 233 233
24.090566635132 7.866554260254 55.979995727539 243 243 243
24.090566635132 7.866554260254 56.016998291016 241 241 241
24.090566635132 7.866554260254 56.054000854492 247 247 247
24.090566635132 7.866554260254 56.090995788574 1 1 1
24.090566635132 7.866554260254 56.126998901367 12 12 12
24.090566635132 7.866554260254 56.164001464844 18 18 18
24.090566635132 7.866554260254 56.200996398926 22 22 22
24.090566635132 7.866554260254 56.237998962402 22 22 22
24.090566635132 7.866554260254 56.274002075195 22 22 22
24.081111907959 7.854114532471 56.310997009277 22 22 22
24.081111907959 7.854114532471 56.347999572754 22 22 22
24.081111907959 7.854114532471 56.384002685547 22 22 22
24.090566635132 7.866554260254 56.420997619629 22 22 22
24.081111907959 7.854114532471 56.458000183105 4 4 4
24.081111907959 7.854114532471 56.493995666504 252 252 252
24.081111907959 7.854114532471 56.530998229980 240 240 240
24.081111907959 7.854114532471 56.567001342773 239 239 239
24.081111907959 7.854114532471 56.603996276855 230 230 230
24.081111907959 7.854114532471 56.640998840332 229 229 229
24.071655273438 7.841675758362 56.677001953125 227 227 227
24.071655273438 7.841675758362 56.713996887207 223 223 223
24.071655273438 7.841675758362 56.750999450684 221 221 221
24.071655273438 7.841675758362 56.788002014160 219 219 219
24.071655273438 7.841675758362 56.823997497559 216 216 216
24.071655273438 7.841675758362 56.861000061035 212 212 212
24.071655273438 7.841675758362 56.899002075195 215 215 215
24.071655273438 7.841675758362 56.934997558594 212 212 212
24.071655273438 7.841675758362 56.972000122070 209 209 209
24.071655273438 7.841675758362 57.010002136230 208 208 208
24.071655273438 7.841675758362 57.045997619629 204 204 204
24.071655273438 7.841675758362 57.083999633789 202 202 202
24.071655273438 7.841675758362 57.121002197266 201 201 201
24.071655273438 7.841675758362 57.157997131348 198 198 198
24.071655273438 7.841675758362 57.195999145508 196 196 196
24.071655273438 7.841675758362 57.234001159668 198 198 198
24.071655273438 7.841675758362 57.269996643066 197 197 197
24.071655273438 7.841675758362 57.307998657227 194 194 194
24.071655273438 7.841675758362 57.346000671387 196 196 196
24.071655273438 7.841675758362 57.382995605469 194 194 194
24.071655273438 7.841675758362 57.420997619629 194 194 194
24.348348617554 8.102390289307 55.736000061035 77 77 77
24.314016342163 8.108862876892 55.776000976563 68 68 68
24.314016342163 8.108862876892 55.813995361328 76 76 76
24.348348617554 8.102390289307 55.847000122070 87 87 87
24.348348617554 8.102390289307 55.884002685547 90 90 90
24.348348617554 8.102390289307 55.921997070313 89 89 89
24.323471069336 8.121301651001 55.959999084473 169 169 169
24.323471069336 8.121301651001 55.997001647949 175 175 175
24.348348617554 8.102390289307 56.032997131348 90 90 90
24.348348617554 8.102390289307 56.069999694824 83 83 83
24.348348617554 8.102390289307 56.108001708984 77 77 77
24.382682800293 8.095918655396 56.143997192383 91 91 91
24.348348617554 8.102390289307 56.180999755859 24 24 24
24.211013793945 8.128279685974 56.655998229980 227 227 227
24.211013793945 8.128279685974 56.692001342773 240 240 240
24.235891342163 8.109368324280 56.729995727539 248 248 248
24.201559066772 8.115840911865 56.764999389648 233 233 233
24.211013793945 8.128279685974 56.802001953125 239 239 239
24.201559066772 8.115840911865 56.838996887207 242 242 242
24.201559066772 8.115840911865 56.874000549316 231 231 231
24.201559066772 8.115840911865 56.948997497559 179 179 179
24.201559066772 8.115840911865 56.985000610352 237 237 237
24.226436614990 8.096929550171 57.023002624512 238 238 238
24.226436614990 8.096929550171 57.059997558594 235 235 235
24.201559066772 8.115840911865 57.096000671387 235 235 235
24.201559066772 8.115840911865 57.132995605469 235 235 235
24.226436614990 8.096929550171 57.169998168945 235 235 235
24.226436614990 8.096929550171 57.208999633789 81 81 81
24.184669494629 8.403456687927 56.488998413086 166 166 166
24.184669494629 8.403456687927 56.524002075195 230 230 230
24.184669494629 8.403456687927 56.558998107910 241 241 241
24.200092315674 8.372106552124 56.594001770020 237 237 237
24.209547042847 8.384545326233 56.629997253418 242 242 242
24.209547042847 8.384545326233 56.665000915527 241 241 241
24.200092315674 8.372106552124 56.699996948242 241 241 241
24.209547042847 8.384545326233 56.736000061035 119 119 119
24.209547042847 8.384545326233 57.092002868652 45 45 45
24.200092315674 8.372106552124 57.125999450684 229 229 229
24.200092315674 8.372106552124 57.162002563477 236 236 236
24.200092315674 8.372106552124 57.196998596191 232 232 232
24.200092315674 8.372106552124 57.236000061035 235 235 235
24.200092315674 8.372106552124 57.270996093750 234 234 234
24.200092315674 8.372106552124 57.306999206543 235 235 235
24.200092315674 8.372106552124 57.340995788574 200 200 200
24.187602996826 7.890926361084 57.427001953125 175 175 175
24.187602996826 7.890926361084 57.388999938965 195 195 195
24.178146362305 7.878487586975 57.350997924805 200 200 200
24.178146362305 7.878487586975 57.313995361328 200 200 200
24.187602996826 7.890926361084 57.274002075195 200 200 200
24.187602996826 7.890926361084 57.236999511719 201 201 201
24.187602996826 7.890926361084 57.198997497559 199 199 199
24.178146362305 7.878487586975 57.162002563477 198 198 198
24.178146362305 7.878487586975 57.123001098633 201 201 201
24.187602996826 7.890926361084 57.084999084473 200 200 200
24.187602996826 7.890926361084 57.046997070313 201 201 201
24.178146362305 7.878487586975 57.010002136230 200 200 200
24.178146362305 7.878487586975 56.972999572754 202 202 202
24.153268814087 7.897398948669 56.934997558594 205 205 205
24.178146362305 7.878487586975 56.898002624512 200 200 200
24.153268814087 7.897398948669 56.859001159668 201 201 201
24.153268814087 7.897398948669 56.821998596191 200 200 200
24.153268814087 7.897398948669 56.784996032715 203 203 203
24.153268814087 7.897398948669 56.747001647949 199 199 199
24.153268814087 7.897398948669 56.709999084473 195 195 195
24.153268814087 7.897398948669 56.672996520996 192 192 192
24.153268814087 7.897398948669 56.636001586914 193 193 193
24.153268814087 7.897398948669 56.597999572754 190 190 190
24.153268814087 7.897398948669 56.560997009277 190 190 190
24.153268814087 7.897398948669 56.524002075195 192 192 192
24.153268814087 7.897398948669 56.486999511719 196 196 196
24.153268814087 7.897398948669 56.448997497559 196 196 196
24.153268814087 7.897398948669 56.412002563477 200 200 200
24.153268814087 7.897398948669 56.375000000000 204 204 204
24.153268814087 7.897398948669 56.337997436523 218 218 218
24.153268814087 7.897398948669 56.301002502441 229 229 229
24.162725448608 7.909837722778 56.263999938965 214 214 214
24.162725448608 7.909837722778 56.226997375488 204 204 204
24.162725448608 7.909837722778 56.190002441406 202 202 202
24.153268814087 7.897398948669 56.152999877930 199 199 199
24.128389358521 7.916310310364 56.115997314453 198 198 198
24.137845993042 7.928749084473 56.079002380371 195 195 195
24.137845993042 7.928749084473 56.041999816895 192 192 192
24.137845993042 7.928749084473 56.004997253418 192 192 192
24.128389358521 7.916310310364 55.968002319336 184 184 184
24.153268814087 7.897398948669 55.929000854492 199 199 199
24.134357452393 7.872520446777 55.889999389648 202 202 202
24.134357452393 7.872520446777 55.851997375488 199 199 199
24.153268814087 7.897398948669 55.817001342773 175 175 175
24.112968444824 7.947660446167 55.783996582031 181 181 181
24.112968444824 7.947660446167 55.747001647949 186 186 186
24.112968444824 7.947660446167 55.708999633789 182 182 182
24.112968444824 7.947660446167 55.671997070313 186 186 186
24.112968444824 7.947660446167 55.635002136230 192 192 192
24.112968444824 7.947660446167 55.597000122070 194 194 194
24.112968444824 7.947660446167 55.559997558594 192 192 192
24.137845993042 7.928749084473 55.521995544434 192 192 192
24.112968444824 7.947660446167 55.486000061035 195 195 195
24.137845993042 7.928749084473 55.446998596191 191 191 191
24.112968444824 7.947660446167 55.409996032715 189 189 189
24.103511810303 7.935221672058 55.372001647949 190 190 190
24.112968444824 7.947660446167 55.334999084473 193 193 193
24.112968444824 7.947660446167 55.297996520996 189 189 189
24.112968444824 7.947660446167 55.259002685547 187 187 187
24.103511810303 7.935221672058 55.221000671387 198 198 198
24.103511810303 7.935221672058 55.181999206543 198 198 198
24.103511810303 7.935221672058 55.143997192383 195 195 195
24.112968444824 7.947660446167 55.107002258301 194 194 194
24.112968444824 7.947660446167 55.069999694824 192 192 192
24.112968444824 7.947660446167 55.030998229980 192 192 192
24.103511810303 7.935221672058 54.990997314453 187 187 187
24.103511810303 7.935221672058 54.951995849609 188 188 188
24.088090896606 7.966571807861 54.916000366211 187 187 187
24.103511810303 7.935221672058 54.875999450684 189 189 189
24.103511810303 7.935221672058 54.836997985840 186 186 186
24.103511810303 7.935221672058 54.796997070313 187 187 187
24.103511810303 7.935221672058 54.759002685547 188 188 188
24.103511810303 7.935221672058 54.719001770020 187 187 187
24.103511810303 7.935221672058 54.680000305176 184 184 184
24.103511810303 7.935221672058 54.639999389648 184 184 184
24.103511810303 7.935221672058 54.600997924805 180 180 180
24.103511810303 7.935221672058 54.557998657227 182 182 182
24.103511810303 7.935221672058 54.521995544434 181 181 181
24.088090896606 7.966571807861 54.484001159668 184 184 184
24.103511810303 7.935221672058 54.443000793457 179 179 179
24.103511810303 7.935221672058 54.402999877930 184 184 184
24.103511810303 7.935221672058 54.361999511719 184 184 184
24.103511810303 7.935221672058 54.321998596191 189 189 189
24.103511810303 7.935221672058 54.280998229980 180 180 180
24.103511810303 7.935221672058 54.238998413086 178 178 178
24.103511810303 7.935221672058 54.197998046875 176 176 176
24.103511810303 7.935221672058 54.155998229980 170 170 170
24.103511810303 7.935221672058 54.116996765137 170 170 170
24.103511810303 7.935221672058 54.073997497559 172 172 172
24.103511810303 7.935221672058 54.029998779297 170 170 170
24.103511810303 7.935221672058 53.989997863770 162 162 162
24.103511810303 7.935221672058 53.946998596191 164 164 164
24.342382431030 8.146180152893 55.986000061035 31 31 31
24.342382431030 8.146180152893 55.949996948242 35 35 35
24.317502975464 8.165091514587 55.839996337891 24 24 24
24.332927703857 8.133741378784 55.797996520996 22 22 22
24.363771438599 8.071040153503 55.755996704102 22 22 22
24.385160446167 7.995900154114 55.710998535156 105 105 105
24.385160446167 7.995900154114 55.671997070313 79 79 79
24.208536148071 8.228298187256 57.276000976563 82 82 82
24.208536148071 8.228298187256 57.239997863770 121 121 121
24.223957061768 8.196947097778 57.207000732422 111 111 111
24.199079513550 8.215858459473 57.168998718262 117 117 117
24.223957061768 8.196947097778 57.135002136230 119 119 119
24.223957061768 8.196947097778 57.097999572754 109 109 109
24.199079513550 8.215858459473 57.060997009277 116 116 116
24.214502334595 8.184508323669 57.027999877930 103 103 103
24.229925155640 8.153158187866 56.993995666504 25 25 25
24.189624786377 8.203419685364 56.879997253418 87 87 87
24.189624786377 8.203419685364 56.844001770020 104 104 104
24.205045700073 8.172069549561 56.808998107910 95 95 95
24.189624786377 8.203419685364 56.771995544434 106 106 106
24.189624786377 8.203419685364 56.736000061035 92 92 92
24.205045700073 8.172069549561 56.700996398926 103 103 103
24.199079513550 8.215858459473 56.663002014160 70 70 70
24.346326828003 7.789897918701 56.143997192383 107 107 107
24.358259201050 7.702318191528 56.100997924805 104 104 104
24.315481185913 7.852598190308 56.032997131348 107 107 107
24.269214630127 7.946649551392 56.000000000000 130 130 130
24.253791809082 7.978000640869 55.964996337891 178 178 178
24.253791809082 7.978000640869 55.928001403809 222 222 222
24.253791809082 7.978000640869 55.890998840332 182 182 182
24.275180816650 7.902860641479 55.846000671387 85 85 85
24.228914260864 7.996912002563 55.631996154785 58 58 58
24.225425720215 7.940683364868 54.775001525879 40 40 40
24.234880447388 7.953122138977 54.738998413086 67 67 67
24.210002899170 7.972033500671 54.702995300293 96 96 96
24.210002899170 7.972033500671 54.662002563477 105 105 105
24.234880447388 7.953122138977 54.620002746582 110 110 110
24.210002899170 7.972033500671 54.583999633789 113 113 113
24.225425720215 7.940683364868 54.539001464844 118 118 118
24.200548171997 7.959594726563 54.500999450684 115 115 115
24.225425720215 7.940683364868 54.458999633789 114 114 114
24.225425720215 7.940683364868 54.416000366211 125 125 125
24.215969085693 7.928243637085 54.375000000000 126 126 126
24.277658462524 7.802842140198 54.285995483398 6 6 6
24.262237548828 7.834192276001 54.251998901367 4 4 4
24.246812820435 7.865543365479 54.222000122070 238 238 238
24.206514358521 7.915804862976 54.195999145508 209 209 209
24.215969085693 7.928243637085 54.162002563477 189 189 189
24.215969085693 7.928243637085 54.124000549316 179 179 179
24.215969085693 7.928243637085 54.083000183105 164 164 164
24.191091537476 7.947154998779 54.041999816895 174 174 174
24.206514358521 7.915804862976 53.986000061035 222 222 222
24.243780136108 7.396802902222 57.348999023438 56 56 56
24.218902587891 7.415714263916 57.305000305176 91 91 91
24.243780136108 7.396802902222 57.267997741699 85 85 85
24.218902587891 7.415714263916 57.226997375488 95 95 95
24.224868774414 7.371925354004 57.192001342773 79 79 79
24.243780136108 7.396802902222 57.148002624512 95 95 95
24.224868774414 7.371925354004 56.753997802734 38 38 38
24.240291595459 7.340574264526 56.714996337891 102 102 102
24.255714416504 7.309224128723 56.677001953125 98 98 98
24.240291595459 7.340574264526 56.636001586914 93 93 93
24.240291595459 7.340574264526 56.596000671387 61 61 61
24.230836868286 7.328135490417 56.555999755859 39 39 39
24.207069396973 8.484563827515 56.705001831055 175 175 175
24.197612762451 8.472124099731 57.194999694824 172 172 172
24.197612762451 8.472124099731 57.231002807617 215 215 215
24.231948852539 8.465652465820 57.269996643066 85 85 85
24.355325698853 8.214847564697 55.940002441406 51 51 51
24.355325698853 8.214847564697 55.976997375488 85 85 85
24.355325698853 8.214847564697 56.013999938965 87 87 87
24.355325698853 8.214847564697 56.049995422363 95 95 95
24.355325698853 8.214847564697 56.086997985840 86 86 86
24.355325698853 8.214847564697 56.123001098633 60 60 60
24.223957061768 8.196947097778 56.627998352051 188 188 188
24.223957061768 8.196947097778 56.664001464844 238 238 238
24.223957061768 8.196947097778 56.699996948242 240 240 240
24.223957061768 8.196947097778 56.736000061035 237 237 237
24.223957061768 8.196947097778 56.771995544434 236 236 236
24.223957061768 8.196947097778 56.807998657227 240 240 240
24.223957061768 8.196947097778 56.844001770020 241 241 241
24.223957061768 8.196947097778 56.878997802734 167 167 167
24.223957061768 8.196947097778 57.026000976563 121 121 121
24.223957061768 8.196947097778 57.060997009277 233 233 233
24.223957061768 8.196947097778 57.098999023438 235 235 235
24.223957061768 8.196947097778 57.135002136230 235 235 235
24.223957061768 8.196947097778 57.170997619629 235 235 235
24.223957061768 8.196947097778 57.208000183105 239 239 239
24.223957061768 8.196947097778 57.243995666504 235 235 235
24.223957061768 8.196947097778 57.280998229980 158 158 158
24.381671905518 7.939672470093 55.562995910645 151 151 151
24.381671905518 7.939672470093 55.602996826172 156 156 156
24.347337722778 7.946144104004 55.643997192383 89 89 89
24.381671905518 7.939672470093 55.678001403809 116 116 116
24.347337722778 7.946144104004 55.717002868652 126 126 126
24.372215270996 7.927232742310 55.754997253418 124 124 124
24.234880447388 7.953122138977 55.804000854492 102 102 102
24.234880447388 7.953122138977 55.840995788574 195 195 195
24.234880447388 7.953122138977 55.876998901367 191 191 191
24.259757995605 7.934210777283 55.914001464844 148 148 148
24.259757995605 7.934210777283 55.950996398926 166 166 166
24.234880447388 7.953122138977 55.988998413086 191 191 191
24.225425720215 7.940683364868 56.026000976563 178 178 178
24.372215270996 7.927232742310 56.056999206543 90 90 90
24.372215270996 7.927232742310 56.095001220703 162 162 162
24.362760543823 7.914793014526 56.132995605469 177 177 177
24.372215270996 7.927232742310 56.169998168945 89 89 89
24.372215270996 7.927232742310 56.208000183105 87 87 87
24.225425720215 7.940683364868 56.320999145508 34 34 34
24.215969085693 7.928243637085 56.358001708984 28 28 28
24.215969085693 7.928243637085 56.691001892090 22 22 22
24.215969085693 7.928243637085 56.727996826172 59 59 59
24.215969085693 7.928243637085 56.764999389648 92 92 92
24.240846633911 7.909332275391 56.803001403809 219 219 219
24.240846633911 7.909332275391 56.839996337891 235 235 235
24.215969085693 7.928243637085 56.876998901367 233 233 233
24.206514358521 7.915804862976 56.914001464844 226 226 226
24.240846633911 7.909332275391 56.951995849609 230 230 230
24.240846633911 7.909332275391 56.988998413086 228 228 228
24.240846633911 7.909332275391 57.027000427246 226 226 226
24.240846633911 7.909332275391 57.063995361328 227 227 227
24.240846633911 7.909332275391 57.101997375488 223 223 223
24.240846633911 7.909332275391 57.138999938965 161 161 161
24.206514358521 7.915804862976 57.176002502441 162 162 162
24.206514358521 7.915804862976 57.213996887207 164 164 164
24.206514358521 7.915804862976 57.250999450684 163 163 163
24.240846633911 7.909332275391 57.289001464844 161 161 161
24.231391906738 7.896893501282 57.326995849609 164 164 164
24.206514358521 7.915804862976 57.362998962402 161 161 161
24.206514358521 7.915804862976 57.402000427246 157 157 157
24.206514358521 7.915804862976 57.440002441406 157 157 157
24.221935272217 7.884454727173 57.477996826172 69 69 69
24.364227294922 7.658529281616 55.711997985840 64 64 64
24.389104843140 7.639617919922 55.750999450684 90 90 90
24.217433929443 7.671978950500 55.804000854492 105 105 105
24.207979202271 7.659540176392 55.995002746582 117 117 117
24.354772567749 7.646089553833 56.026000976563 70 70 70
24.354772567749 7.646089553833 56.063995361328 131 131 131
24.354772567749 7.646089553833 56.102996826172 123 123 123
24.389104843140 7.639617919922 56.140998840332 83 83 83
24.423439025879 7.633145332336 56.180000305176 89 89 89
24.257736206055 7.621717453003 56.720001220703 230 230 230
24.257736206055 7.621717453003 56.757995605469 239 239 239
24.257736206055 7.621717453003 56.796997070313 241 241 241
24.257736206055 7.621717453003 56.835998535156 236 236 236
24.257736206055 7.621717453003 56.874000549316 239 239 239
24.257736206055 7.621717453003 56.912002563477 239 239 239
24.257736206055 7.621717453003 56.949996948242 178 178 178
24.257736206055 7.621717453003 56.988998413086 237 237 237
24.257736206055 7.621717453003 57.028999328613 237 237 237
24.257736206055 7.621717453003 57.067001342773 237 237 237
24.257736206055 7.621717453003 57.103996276855 231 231 231
24.257736206055 7.621717453003 57.143997192383 234 234 234
24.257736206055 7.621717453003 57.181999206543 231 231 231
24.257736206055 7.621717453003 57.223999023438 75 75 75
24.249748229980 7.353013992310 56.555000305176 231 231 231
24.249748229980 7.353013992310 56.595001220703 230 230 230
24.249748229980 7.353013992310 56.635002136230 239 239 239
24.249748229980 7.353013992310 56.673995971680 237 237 237
24.249748229980 7.353013992310 56.713996887207 238 238 238
24.249748229980 7.353013992310 56.752998352051 240 240 240
24.249748229980 7.353013992310 56.792999267578 123 123 123
24.240291595459 7.340574264526 57.110000610352 19 19 19
24.249748229980 7.353013992310 57.152000427246 233 233 233
24.249748229980 7.353013992310 57.191001892090 233 233 233
24.240291595459 7.340574264526 57.231002807617 229 229 229
24.249748229980 7.353013992310 57.271995544434 229 229 229
24.249748229980 7.353013992310 57.311996459961 232 232 232
24.249748229980 7.353013992310 57.351997375488 227 227 227
24.249748229980 7.353013992310 57.393997192383 23 23 23
24.344860076904 8.046161651611 55.608001708984 37 37 37
24.369737625122 8.027250289917 55.638999938965 74 74 74
24.319982528687 8.065073013306 55.674995422363 109 109 109
24.335403442383 8.033722877502 55.835998535156 126 126 126
24.335403442383 8.033722877502 55.867996215820 136 136 136
24.319982528687 8.065073013306 55.901000976563 164 164 164
24.335403442383 8.033722877502 55.932998657227 132 132 132
24.319982528687 8.065073013306 56.095001220703 145 145 145
24.335403442383 8.033722877502 56.126998901367 32 32 32
24.211013793945 8.128279685974 56.663002014160 56 56 56
24.211013793945 8.128279685974 56.694999694824 150 150 150
24.211013793945 8.128279685974 56.727996826172 154 154 154
24.211013793945 8.128279685974 56.760002136230 148 148 148
24.211013793945 8.128279685974 56.791999816895 153 153 153
24.211013793945 8.128279685974 56.823997497559 149 149 149
24.211013793945 8.128279685974 56.856002807617 146 146 146
24.211013793945 8.128279685974 56.888000488281 148 148 148
24.211013793945 8.128279685974 56.918998718262 37 37 37
24.211013793945 8.128279685974 56.986999511719 155 155 155
24.211013793945 8.128279685974 57.017997741699 157 157 157
24.235891342163 8.109368324280 57.054000854492 155 155 155
24.211013793945 8.128279685974 57.083000183105 167 167 167
24.211013793945 8.128279685974 57.114997863770 156 156 156
24.226436614990 8.096929550171 57.151000976563 165 165 165
24.211013793945 8.128279685974 57.181999206543 164 164 164
24.201559066772 8.115840911865 57.209999084473 90 90 90
24.115446090698 7.847642898560 54.069999694824 101 101 101
24.090566635132 7.866554260254 54.111000061035 106 106 106
24.090566635132 7.866554260254 54.148002624512 102 102 102
24.090566635132 7.866554260254 54.180999755859 98 98 98
24.165201187134 7.809820175171 54.192001342773 229 229 229
24.115446090698 7.847642898560 54.250000000000 102 102 102
24.090566635132 7.866554260254 54.292999267578 88 88 88
24.090566635132 7.866554260254 54.329002380371 95 95 95
24.090566635132 7.866554260254 54.361000061035 97 97 97
24.090566635132 7.866554260254 54.395996093750 93 93 93
24.090566635132 7.866554260254 54.432998657227 93 93 93
24.090566635132 7.866554260254 54.468002319336 92 92 92
24.090566635132 7.866554260254 54.500999450684 86 86 86
24.090566635132 7.866554260254 54.540000915527 89 89 89
24.090566635132 7.866554260254 54.569000244141 91 91 91
24.090566635132 7.866554260254 54.606002807617 94 94 94
24.090566635132 7.866554260254 54.638000488281 91 91 91
24.090566635132 7.866554260254 54.676002502441 89 89 89
24.090566635132 7.866554260254 54.708999633789 89 89 89
24.090566635132 7.866554260254 54.742996215820 90 90 90
24.090566635132 7.866554260254 54.776000976563 89 89 89
24.081111907959 7.854114532471 54.808998107910 88 88 88
24.081111907959 7.854114532471 54.843002319336 88 88 88
24.081111907959 7.854114532471 54.874000549316 80 80 80
24.081111907959 7.854114532471 54.907997131348 83 83 83
24.081111907959 7.854114532471 54.944000244141 81 81 81
24.081111907959 7.854114532471 54.977996826172 86 86 86
24.081111907959 7.854114532471 55.006996154785 83 83 83
24.081111907959 7.854114532471 55.041999816895 78 78 78
24.081111907959 7.854114532471 55.075996398926 80 80 80
24.081111907959 7.854114532471 55.107002258301 74 74 74
24.081111907959 7.854114532471 55.140998840332 79 79 79
24.081111907959 7.854114532471 55.173995971680 80 80 80
24.081111907959 7.854114532471 55.207000732422 83 83 83
24.081111907959 7.854114532471 55.237998962402 79 79 79
24.081111907959 7.854114532471 55.268997192383 74 74 74
24.081111907959 7.854114532471 55.305999755859 73 73 73
24.105991363525 7.835203170776 55.334999084473 77 77 77
24.071655273438 7.841675758362 55.370002746582 73 73 73
24.081111907959 7.854114532471 55.402000427246 74 74 74
24.081111907959 7.854114532471 55.432998657227 78 78 78
24.081111907959 7.854114532471 55.465995788574 74 74 74
24.081111907959 7.854114532471 55.498001098633 65 65 65
24.081111907959 7.854114532471 55.529998779297 67 67 67
24.071655273438 7.841675758362 55.563995361328 67 67 67
24.071655273438 7.841675758362 55.595001220703 74 74 74
24.081111907959 7.854114532471 55.626998901367 74 74 74
24.096534729004 7.822764396667 55.657997131348 70 70 70
24.071655273438 7.841675758362 55.692001342773 65 65 65
24.071655273438 7.841675758362 55.722999572754 69 69 69
24.071655273438 7.841675758362 55.755996704102 75 75 75
24.071655273438 7.841675758362 55.787002563477 81 81 81
24.071655273438 7.841675758362 55.819000244141 69 69 69
24.096534729004 7.822764396667 55.850997924805 78 78 78
24.096534729004 7.822764396667 55.882995605469 78 78 78
24.096534729004 7.822764396667 55.915000915527 78 78 78
24.096534729004 7.822764396667 55.946998596191 73 73 73
24.096534729004 7.822764396667 55.978996276855 74 74 74
24.096534729004 7.822764396667 56.011001586914 74 74 74
24.096534729004 7.822764396667 56.042999267578 73 73 73
24.071655273438 7.841675758362 56.074996948242 72 72 72
24.071655273438 7.841675758362 56.107002258301 70 70 70
24.096534729004 7.822764396667 56.138999938965 68 68 68
24.096534729004 7.822764396667 56.170997619629 61 61 61
24.071655273438 7.841675758362 56.202995300293 60 60 60
24.071655273438 7.841675758362 56.234001159668 55 55 55
24.071655273438 7.841675758362 56.266998291016 52 52 52
24.071655273438 7.841675758362 56.297996520996 51 51 51
24.071655273438 7.841675758362 56.330001831055 54 54 54
24.071655273438 7.841675758362 56.361999511719 52 52 52
24.071655273438 7.841675758362 56.393997192383 50 50 50
24.062198638916 7.829236984253 56.427001953125 52 52 52
24.062198638916 7.829236984253 56.458999633789 55 55 55
24.071655273438 7.841675758362 56.489997863770 55 55 55
24.062198638916 7.829236984253 56.523002624512 53 53 53
24.062198638916 7.829236984253 56.555000305176 50 50 50
24.071655273438 7.841675758362 56.585998535156 48 48 48
24.062198638916 7.829236984253 56.618995666504 47 47 47
24.096534729004 7.822764396667 56.652000427246 44 44 44
24.087078094482 7.810325622559 56.685997009277 50 50 50
24.186592102051 7.734680175781 56.732002258301 143 143 143
24.186592102051 7.734680175781 56.764999389648 135 135 135
24.211467742920 7.715768814087 56.799995422363 137 137 137
24.211467742920 7.715768814087 56.833000183105 152 152 152
24.186592102051 7.734680175781 56.864997863770 137 137 137
24.211467742920 7.715768814087 56.899002075195 144 144 144
24.177135467529 7.722240447998 56.931999206543 135 135 135
24.186592102051 7.734680175781 56.963996887207 134 134 134
24.177135467529 7.722240447998 56.999000549316 134 134 134
24.186592102051 7.734680175781 57.030998229980 138 138 138
24.186592102051 7.734680175781 57.065002441406 128 128 128
24.177135467529 7.722240447998 57.099998474121 136 136 136
24.177135467529 7.722240447998 57.131996154785 129 129 129
24.052743911743 7.816797256470 57.138000488281 37 37 37
24.062198638916 7.829236984253 57.173995971680 33 33 33
24.052743911743 7.816797256470 57.204002380371 37 37 37
24.062198638916 7.829236984253 57.238998413086 31 31 31
24.062198638916 7.829236984253 57.274002075195 32 32 32
24.077623367310 7.797885894775 57.307998657227 31 31 31
24.062198638916 7.829236984253 57.338996887207 30 30 30
24.077623367310 7.797885894775 57.375999450684 29 29 29
24.077623367310 7.797885894775 57.412002563477 26 26 26
24.077623367310 7.797885894775 57.446998596191 20 20 20
24.246257781982 7.296785354614 56.607002258301 122 122 122
24.236803054810 7.284345626831 56.642997741699 146 146 146
24.236803054810 7.284345626831 56.677001953125 164 164 164
24.236803054810 7.284345626831 56.710998535156 112 112 112
24.236803054810 7.284345626831 57.169998168945 122 122 122
24.236803054810 7.284345626831 57.207000732422 160 160 160
24.236803054810 7.284345626831 57.239997863770 153 153 153
24.236803054810 7.284345626831 57.276000976563 104 104 104
24.249748229980 7.353013992310 57.336997985840 49 49 49
24.249748229980 7.353013992310 57.302001953125 108 108 108
24.249748229980 7.353013992310 57.267997741699 139 139 139
24.259204864502 7.365452766418 57.226997375488 138 138 138
24.249748229980 7.353013992310 57.194999694824 170 170 170
24.249748229980 7.353013992310 57.158996582031 141 141 141
24.259204864502 7.365452766418 57.121002197266 104 104 104
24.259204864502 7.365452766418 56.697998046875 145 145 145
24.259204864502 7.365452766418 56.664001464844 154 154 154
24.259204864502 7.365452766418 56.628997802734 145 145 145
24.268659591675 7.377891540527 56.593002319336 157 157 157
24.268659591675 7.377891540527 56.558998107910 169 169 169
24.268659591675 7.377891540527 56.523002624512 120 120 120
24.268659591675 7.377891540527 56.487998962402 64 64 64
24.109477996826 7.891431808472 57.426002502441 124 124 124
24.084600448608 7.910343170166 57.390998840332 145 145 145
24.084600448608 7.910343170166 57.358001708984 146 146 146
24.084600448608 7.910343170166 57.323997497559 145 145 145
24.109477996826 7.891431808472 57.291999816895 145 145 145
24.084600448608 7.910343170166 57.256996154785 140 140 140
24.084600448608 7.910343170166 57.222999572754 144 144 144
24.109477996826 7.891431808472 57.191001892090 146 146 146
24.109477996826 7.891431808472 57.157997131348 141 141 141
24.109477996826 7.891431808472 57.124000549316 149 149 149
24.084600448608 7.910343170166 57.089996337891 154 154 154
24.084600448608 7.910343170166 57.056999206543 156 156 156
24.109477996826 7.891431808472 57.025001525879 166 166 166
24.109477996826 7.891431808472 56.991996765137 162 162 162
24.084600448608 7.910343170166 56.958000183105 169 169 169
24.118934631348 7.903871536255 56.926002502441 161 161 161
24.084600448608 7.910343170166 56.892997741699 162 162 162
24.084600448608 7.910343170166 56.860000610352 166 166 166
24.084600448608 7.910343170166 56.827995300293 166 166 166
24.118934631348 7.903871536255 56.794998168945 170 170 170
24.084600448608 7.910343170166 56.762001037598 171 171 171
24.084600448608 7.910343170166 56.729995727539 168 168 168
24.084600448608 7.910343170166 56.697998046875 173 173 173
24.084600448608 7.910343170166 56.666000366211 174 174 174
24.118934631348 7.903871536255 56.634002685547 172 172 172
24.118934631348 7.903871536255 56.600997924805 179 179 179
24.094057083130 7.922782897949 56.568000793457 178 178 178
24.094057083130 7.922782897949 56.535995483398 180 180 180
24.094057083130 7.922782897949 56.503997802734 183 183 183
24.094057083130 7.922782897949 56.472000122070 186 186 186
24.094057083130 7.922782897949 56.440002441406 190 190 190
24.094057083130 7.922782897949 56.407997131348 190 190 190
24.094057083130 7.922782897949 56.375999450684 192 192 192
24.103511810303 7.935221672058 56.344001770020 199 199 199
24.103511810303 7.935221672058 56.311996459961 196 196 196
24.103511810303 7.935221672058 56.279998779297 205 205 205
24.128389358521 7.916310310364 56.248001098633 207 207 207
24.103511810303 7.935221672058 56.215995788574 212 212 212
24.128389358521 7.916310310364 56.183998107910 219 219 219
24.103511810303 7.935221672058 56.152000427246 228 228 228
24.103511810303 7.935221672058 56.120002746582 240 240 240
24.103511810303 7.935221672058 56.087997436523 15 15 15
24.103511810303 7.935221672058 56.056999206543 15 15 15
24.103511810303 7.935221672058 56.025001525879 15 15 15
24.103511810303 7.935221672058 55.992996215820 1 1 1
24.103511810303 7.935221672058 55.960998535156 247 247 247
24.128389358521 7.916310310364 55.929000854492 242 242 242
24.128389358521 7.916310310364 55.896995544434 235 235 235
24.128389358521 7.916310310364 55.864997863770 234 234 234
24.103511810303 7.935221672058 55.833000183105 228 228 228
24.128389358521 7.916310310364 55.799995422363 231 231 231
24.103511810303 7.935221672058 55.768997192383 221 221 221
24.103511810303 7.935221672058 55.736999511719 219 219 219
24.103511810303 7.935221672058 55.705001831055 217 217 217
24.103511810303 7.935221672058 55.672996520996 216 216 216
24.103511810303 7.935221672058 55.640998840332 214 214 214
24.103511810303 7.935221672058 55.609001159668 210 210 210
24.103511810303 7.935221672058 55.576995849609 207 207 207
24.103511810303 7.935221672058 55.544998168945 204 204 204
24.103511810303 7.935221672058 55.512001037598 205 205 205
24.103511810303 7.935221672058 55.481002807617 206 206 206
24.103511810303 7.935221672058 55.447998046875 200 200 200
24.112968444824 7.947660446167 55.416999816895 197 197 197
24.112968444824 7.947660446167 55.384002685547 198 198 198
24.112968444824 7.947660446167 55.351997375488 197 197 197
24.112968444824 7.947660446167 55.319000244141 189 189 189
24.112968444824 7.947660446167 55.287002563477 196 196 196
24.112968444824 7.947660446167 55.254997253418 202 202 202
24.112968444824 7.947660446167 55.221000671387 199 199 199
24.112968444824 7.947660446167 55.188995361328 201 201 201
24.112968444824 7.947660446167 55.155998229980 194 194 194
24.112968444824 7.947660446167 55.123001098633 193 193 193
24.112968444824 7.947660446167 55.090995788574 185 185 185
24.122423171997 7.960100173950 55.057998657227 187 187 187
24.112968444824 7.947660446167 55.024002075195 186 186 186
24.112968444824 7.947660446167 54.990997314453 183 183 183
24.122423171997 7.960100173950 54.958999633789 182 182 182
24.122423171997 7.960100173950 54.924995422363 184 184 184
24.122423171997 7.960100173950 54.891998291016 181 181 181
24.122423171997 7.960100173950 54.857002258301 183 183 183
24.122423171997 7.960100173950 54.823997497559 179 179 179
24.122423171997 7.960100173950 54.790000915527 178 178 178
24.122423171997 7.960100173950 54.757995605469 183 183 183
24.122423171997 7.960100173950 54.724998474121 176 176 176
24.122423171997 7.960100173950 54.691001892090 181 181 181
24.122423171997 7.960100173950 54.655998229980 177 177 177
24.122423171997 7.960100173950 54.622001647949 176 176 176
24.122423171997 7.960100173950 54.587997436523 172 172 172
24.122423171997 7.960100173950 54.553001403809 175 175 175
24.122423171997 7.960100173950 54.518997192383 178 178 178
24.122423171997 7.960100173950 54.486999511719 172 172 172
24.122423171997 7.960100173950 54.448997497559 174 174 174
24.122423171997 7.960100173950 54.416999816895 175 175 175
24.122423171997 7.960100173950 54.379997253418 171 171 171
24.122423171997 7.960100173950 54.345001220703 171 171 171
24.122423171997 7.960100173950 54.310997009277 177 177 177
24.122423171997 7.960100173950 54.271995544434 170 170 170
24.122423171997 7.960100173950 54.239997863770 169 169 169
24.122423171997 7.960100173950 54.204002380371 166 166 166
24.122423171997 7.960100173950 54.167999267578 168 168 168
24.122423171997 7.960100173950 54.131996154785 162 162 162
24.122423171997 7.960100173950 54.097000122070 162 162 162
24.122423171997 7.960100173950 54.056999206543 163 163 163
24.248836517334 8.178035736084 57.194000244141 159 159 159
24.223957061768 8.196947097778 57.160995483398 158 158 158
24.223957061768 8.196947097778 57.128997802734 147 147 147
24.223957061768 8.196947097778 57.094001770020 170 170 170
24.223957061768 8.196947097778 57.061996459961 150 150 150
24.223957061768 8.196947097778 57.028999328613 148 148 148
24.223957061768 8.196947097778 56.997001647949 159 159 159
24.233413696289 8.209386825562 56.866996765137 82 82 82
24.233413696289 8.209386825562 56.833000183105 145 145 145
24.223957061768 8.196947097778 56.802001953125 143 143 143
24.233413696289 8.209386825562 56.767997741699 149 149 149
24.233413696289 8.209386825562 56.736999511719 146 146 146
24.233413696289 8.209386825562 56.705001831055 140 140 140
24.233413696289 8.209386825562 56.673995971680 149 149 149
24.233413696289 8.209386825562 56.641998291016 144 144 144
24.233413696289 8.209386825562 56.609001159668 45 45 45
24.392137527466 8.108357429504 56.073997497559 33 33 33
24.342382431030 8.146180152893 56.041999816895 136 136 136
24.342382431030 8.146180152893 56.010002136230 127 127 127
24.342382431030 8.146180152893 55.976997375488 139 139 139
24.342382431030 8.146180152893 55.944999694824 125 125 125
24.342382431030 8.146180152893 55.913002014160 130 130 130
24.367259979248 8.127268791199 55.878997802734 47 47 47
24.342382431030 8.146180152893 55.848999023438 50 50 50
24.317502975464 8.165091514587 55.819000244141 23 23 23
24.317502975464 8.165091514587 55.785995483398 19 19 19
24.147300720215 7.941188812256 57.444000244141 107 107 107
24.147300720215 7.941188812256 57.403999328613 177 177 177
24.147300720215 7.941188812256 57.367996215820 175 175 175
24.147300720215 7.941188812256 57.331001281738 176 176 176
24.147300720215 7.941188812256 57.292999267578 180 180 180
24.147300720215 7.941188812256 57.253997802734 182 182 182
24.147300720215 7.941188812256 57.217002868652 193 193 193
24.147300720215 7.941188812256 57.179000854492 190 190 190
24.147300720215 7.941188812256 57.140998840332 190 190 190
24.147300720215 7.941188812256 57.102996826172 193 193 193
24.147300720215 7.941188812256 57.067001342773 189 189 189
24.147300720215 7.941188812256 57.028999328613 192 192 192
24.147300720215 7.941188812256 56.990997314453 193 193 193
24.147300720215 7.941188812256 56.954002380371 195 195 195
24.147300720215 7.941188812256 56.916000366211 203 203 203
24.147300720215 7.941188812256 56.878997802734 205 205 205
24.147300720215 7.941188812256 56.840995788574 204 204 204
24.147300720215 7.941188812256 56.804000854492 210 210 210
24.147300720215 7.941188812256 56.766998291016 213 213 213
24.147300720215 7.941188812256 56.729995727539 217 217 217
24.147300720215 7.941188812256 56.693000793457 216 216 216
24.147300720215 7.941188812256 56.654998779297 222 222 222
24.147300720215 7.941188812256 56.617996215820 224 224 224
24.147300720215 7.941188812256 56.581001281738 228 228 228
24.147300720215 7.941188812256 56.543998718262 233 233 233
24.122423171997 7.960100173950 56.506996154785 234 234 234
24.147300720215 7.941188812256 56.470001220703 238 238 238
24.147300720215 7.941188812256 56.432998657227 245 245 245
24.147300720215 7.941188812256 56.395996093750 253 253 253
24.147300720215 7.941188812256 56.359001159668 23 23 23
24.122423171997 7.960100173950 56.321998596191 22 22 22
24.122423171997 7.960100173950 56.284996032715 23 23 23
24.122423171997 7.960100173950 56.248001098633 8 8 8
24.147300720215 7.941188812256 56.209999084473 241 241 241
24.122423171997 7.960100173950 56.172996520996 231 231 231
24.122423171997 7.960100173950 56.136001586914 225 225 225
24.122423171997 7.960100173950 56.098999023438 218 218 218
24.112968444824 7.947660446167 56.061996459961 212 212 212
24.122423171997 7.960100173950 56.025001525879 207 207 207
24.122423171997 7.960100173950 55.987998962402 203 203 203
24.122423171997 7.960100173950 55.950996398926 194 194 194
24.112968444824 7.947660446167 55.913002014160 190 190 190
24.112968444824 7.947660446167 55.875999450684 183 183 183
24.112968444824 7.947660446167 55.838996887207 177 177 177
24.122423171997 7.960100173950 55.802001953125 171 171 171
24.112968444824 7.947660446167 55.763999938965 168 168 168
24.112968444824 7.947660446167 55.725997924805 165 165 165
24.112968444824 7.947660446167 55.688995361328 165 165 165
24.112968444824 7.947660446167 55.651000976563 159 159 159
24.112968444824 7.947660446167 55.613998413086 156 156 156
24.112968444824 7.947660446167 55.575996398926 154 154 154
24.137845993042 7.928749084473 55.537002563477 148 148 148
24.112968444824 7.947660446167 55.500999450684 147 147 147
24.112968444824 7.947660446167 55.462997436523 145 145 145
24.128389358521 7.916310310364 55.422996520996 143 143 143
24.128389358521 7.916310310364 55.385002136230 143 143 143
24.128389358521 7.916310310364 55.347000122070 145 145 145
24.137845993042 7.928749084473 55.310997009277 129 129 129
24.137845993042 7.928749084473 55.271995544434 139 139 139
24.137845993042 7.928749084473 55.233001708984 135 135 135
24.128389358521 7.916310310364 55.194999694824 129 129 129
24.128389358521 7.916310310364 55.156997680664 138 138 138
24.128389358521 7.916310310364 55.117996215820 124 124 124
24.137845993042 7.928749084473 55.080001831055 126 126 126
24.137845993042 7.928749084473 55.041999816895 116 116 116
24.137845993042 7.928749084473 55.003997802734 110 110 110
24.137845993042 7.928749084473 54.963996887207 105 105 105
24.137845993042 7.928749084473 54.924995422363 108 108 108
24.128389358521 7.916310310364 54.884002685547 106 106 106
24.103511810303 7.935221672058 54.848999023438 103 103 103
24.137845993042 7.928749084473 54.807998657227 103 103 103
24.128389358521 7.916310310364 54.765998840332 99 99 99
24.128389358521 7.916310310364 54.727996826172 97 97 97
24.128389358521 7.916310310364 54.687995910645 97 97 97
24.128389358521 7.916310310364 54.648002624512 91 91 91
24.128389358521 7.916310310364 54.607002258301 96 96 96
24.128389358521 7.916310310364 54.568000793457 81 81 81
24.103511810303 7.935221672058 54.530998229980 77 77 77
24.128389358521 7.916310310364 54.487998962402 80 80 80
24.103511810303 7.935221672058 54.448997497559 76 76 76
24.103511810303 7.935221672058 54.408996582031 79 79 79
24.128389358521 7.916310310364 54.365997314453 78 78 78
24.118934631348 7.903871536255 54.319000244141 89 89 89
24.128389358521 7.916310310364 54.283996582031 54 54 54
24.118934631348 7.903871536255 54.239997863770 59 59 59
24.118934631348 7.903871536255 54.197998046875 54 54 54
24.118934631348 7.903871536255 54.155998229980 43 43 43
24.118934631348 7.903871536255 54.111999511719 36 36 36
24.256824493408 8.446741104126 57.345001220703 40 40 40
24.247369766235 8.434301376343 57.309997558594 62 62 62
24.231948852539 8.465652465820 57.269996643066 77 77 77
24.231948852539 8.465652465820 57.234001159668 113 113 113
24.241403579712 8.478091239929 57.192001342773 110 110 110
24.231948852539 8.465652465820 57.160995483398 105 105 105
24.272247314453 8.415390014648 57.129997253418 64 64 64
24.262790679932 8.402951240540 56.734001159668 23 23 23
24.231948852539 8.465652465820 56.695999145508 85 85 85
24.207069396973 8.484563827515 56.658996582031 90 90 90
24.231948852539 8.465652465820 56.625000000000 95 95 95
24.222492218018 8.453212738037 56.589996337891 82 82 82
24.237915039063 8.421862602234 56.555000305176 62 62 62
24.247369766235 8.434301376343 56.518997192383 52 52 52
24.425460815430 7.945638656616 56.146995544434 44 44 44
24.410037994385 7.976988792419 56.109001159668 104 104 104
24.379192352295 8.039690017700 56.073997497559 138 138 138
24.342382431030 8.146180152893 56.040000915527 154 154 154
24.342382431030 8.146180152893 56.003997802734 167 167 167
24.342382431030 8.146180152893 55.965995788574 162 162 162
24.367259979248 8.127268791199 55.927001953125 159 159 159
24.373226165771 8.083478927612 55.886001586914 171 171 171
24.373226165771 8.083478927612 55.848999023438 95 95 95
24.326959609985 8.177530288696 55.819000244141 30 30 30
24.326959609985 8.177530288696 55.780998229980 37 37 37
24.363771438599 8.071040153503 55.655998229980 76 76 76
24.394617080688 8.008338928223 55.611999511719 124 124 124
24.385160446167 7.995900154114 55.570999145508 127 127 127
24.410037994385 7.976988792419 55.530998229980 103 103 103
24.255714416504 7.309224128723 56.597000122070 155 155 155
24.255714416504 7.309224128723 56.636001586914 225 225 225
24.255714416504 7.309224128723 56.676002502441 210 210 210
24.246257781982 7.296785354614 57.153999328613 154 154 154
24.246257781982 7.296785354614 57.194000244141 183 183 183
24.395071029663 7.595828056335 55.986999511719 77 77 77
24.419950485229 7.576916694641 56.025001525879 77 77 77
24.419950485229 7.576916694641 56.065002441406 73 73 73
24.419950485229 7.576916694641 56.103996276855 30 30 30
24.263702392578 7.577927589417 56.608001708984 171 171 171
24.263702392578 7.577927589417 56.645996093750 234 234 234
24.263702392578 7.577927589417 56.683998107910 233 233 233
24.263702392578 7.577927589417 56.722999572754 233 233 233
24.263702392578 7.577927589417 56.761001586914 234 234 234
24.263702392578 7.577927589417 56.799995422363 235 235 235
24.263702392578 7.577927589417 56.837997436523 224 224 224
24.254245758057 7.565488815308 56.991996765137 189 189 189
24.254245758057 7.565488815308 57.030998229980 232 232 232
24.254245758057 7.565488815308 57.069999694824 231 231 231
24.254245758057 7.565488815308 57.108001708984 228 228 228
24.254245758057 7.565488815308 57.146995544434 229 229 229
24.254245758057 7.565488815308 57.185997009277 232 232 232
24.254245758057 7.565488815308 57.224998474121 212 212 212
24.228914260864 7.996912002563 53.963996887207 180 180 180
24.210002899170 7.972033500671 54.016998291016 158 158 158
24.210002899170 7.972033500671 54.058998107910 153 153 153
24.185123443604 7.990944862366 54.101997375488 145 145 145
24.175668716431 7.978506088257 54.148002624512 151 151 151
24.175668716431 7.978506088257 54.190002441406 143 143 143
24.175668716431 7.978506088257 54.233001708984 138 138 138
24.166212081909 7.966066360474 54.278999328613 130 130 130
24.166212081909 7.966066360474 54.317001342773 136 136 136
24.141334533691 7.984977722168 54.361999511719 128 128 128
24.166212081909 7.966066360474 54.401000976563 126 126 126
24.131879806519 7.972538948059 54.443000793457 119 119 119
24.131879806519 7.972538948059 54.486000061035 119 119 119
24.122423171997 7.960100173950 54.527000427246 123 123 123
24.122423171997 7.960100173950 54.567001342773 118 118 118
24.122423171997 7.960100173950 54.606002807617 120 120 120
24.122423171997 7.960100173950 54.644996643066 128 128 128
24.122423171997 7.960100173950 54.683998107910 128 128 128
24.097545623779 7.979011535645 54.725997924805 131 131 131
24.122423171997 7.960100173950 54.762001037598 138 138 138
24.122423171997 7.960100173950 54.798995971680 138 138 138
24.122423171997 7.960100173950 54.838996887207 141 141 141
24.122423171997 7.960100173950 54.876998901367 148 148 148
24.122423171997 7.960100173950 54.915000915527 148 148 148
24.122423171997 7.960100173950 54.954002380371 151 151 151
24.122423171997 7.960100173950 54.990997314453 154 154 154
24.122423171997 7.960100173950 55.030998229980 160 160 160
24.122423171997 7.960100173950 55.068000793457 177 177 177
24.122423171997 7.960100173950 55.107002258301 174 174 174
24.122423171997 7.960100173950 55.143997192383 169 169 169
24.122423171997 7.960100173950 55.181999206543 169 169 169
24.122423171997 7.960100173950 55.218002319336 167 167 167
24.088090896606 7.966571807861 55.256996154785 173 173 173
24.112968444824 7.947660446167 55.292999267578 174 174 174
24.112968444824 7.947660446167 55.331001281738 174 174 174
24.103511810303 7.935221672058 55.370002746582 177 177 177
24.103511810303 7.935221672058 55.405998229980 182 182 182
24.103511810303 7.935221672058 55.443000793457 185 185 185
24.103511810303 7.935221672058 55.479995727539 194 194 194
24.103511810303 7.935221672058 55.515998840332 195 195 195
24.103511810303 7.935221672058 55.553001403809 199 199 199
24.103511810303 7.935221672058 55.590995788574 203 203 203
24.103511810303 7.935221672058 55.627998352051 204 204 204
24.103511810303 7.935221672058 55.664001464844 208 208 208
24.103511810303 7.935221672058 55.701995849609 213 213 213
24.103511810303 7.935221672058 55.736999511719 215 215 215
24.103511810303 7.935221672058 55.774002075195 224 224 224
24.103511810303 7.935221672058 55.809997558594 225 225 225
24.094057083130 7.922782897949 55.847000122070 228 228 228
24.103511810303 7.935221672058 55.882995605469 228 228 228
24.103511810303 7.935221672058 55.918998718262 232 232 232
24.103511810303 7.935221672058 55.956001281738 237 237 237
24.103511810303 7.935221672058 55.991996765137 238 238 238
24.094057083130 7.922782897949 56.027999877930 240 240 240
24.094057083130 7.922782897949 56.065002441406 246 246 246
24.094057083130 7.922782897949 56.100997924805 3 3 3
24.094057083130 7.922782897949 56.137001037598 14 14 14
24.094057083130 7.922782897949 56.173995971680 15 15 15
24.084600448608 7.910343170166 56.209999084473 21 21 21
24.084600448608 7.910343170166 56.246002197266 21 21 21
24.084600448608 7.910343170166 56.282997131348 21 21 21
24.084600448608 7.910343170166 56.319000244141 21 21 21
24.084600448608 7.910343170166 56.354995727539 21 21 21
24.084600448608 7.910343170166 56.390998840332 21 21 21
24.084600448608 7.910343170166 56.428001403809 10 10 10
24.084600448608 7.910343170166 56.463996887207 1 1 1
24.084600448608 7.910343170166 56.500000000000 252 252 252
24.084600448608 7.910343170166 56.535995483398 236 236 236
24.084600448608 7.910343170166 56.571998596191 230 230 230
24.084600448608 7.910343170166 56.609001159668 224 224 224
24.084600448608 7.910343170166 56.644996643066 220 220 220
24.084600448608 7.910343170166 56.680999755859 213 213 213
24.075145721436 7.897904396057 56.717002868652 212 212 212
24.084600448608 7.910343170166 56.753997802734 205 205 205
24.084600448608 7.910343170166 56.791000366211 202 202 202
24.075145721436 7.897904396057 56.826995849609 197 197 197
24.075145721436 7.897904396057 56.863998413086 197 197 197
24.075145721436 7.897904396057 56.900001525879 192 192 192
24.075145721436 7.897904396057 56.936996459961 189 189 189
24.100023269653 7.878993034363 56.973999023438 184 184 184
24.075145721436 7.897904396057 57.010002136230 185 185 185
24.100023269653 7.878993034363 57.046997070313 178 178 178
24.100023269653 7.878993034363 57.083999633789 176 176 176
24.100023269653 7.878993034363 57.121002197266 172 172 172
24.090566635132 7.866554260254 57.156997680664 166 166 166
24.100023269653 7.878993034363 57.194999694824 163 163 163
24.090566635132 7.866554260254 57.232002258301 165 165 165
24.090566635132 7.866554260254 57.268997192383 161 161 161
24.090566635132 7.866554260254 57.306999206543 161 161 161
24.090566635132 7.866554260254 57.342002868652 161 161 161
24.090566635132 7.866554260254 57.380996704102 158 158 158
24.090566635132 7.866554260254 57.417999267578 151 151 151
24.361293792725 8.171058654785 55.752998352051 72 72 72
24.317502975464 8.165091514587 55.792999267578 50 50 50
24.326959609985 8.177530288696 55.829002380371 82 82 82
24.361293792725 8.171058654785 55.862998962402 85 85 85
24.351839065552 8.158618927002 55.900001525879 89 89 89
24.351839065552 8.158618927002 55.936996459961 91 91 91
24.317502975464 8.165091514587 55.974998474121 173 173 173
24.317502975464 8.165091514587 56.011001586914 168 168 168
24.351839065552 8.158618927002 56.046997070313 90 90 90
24.386171340942 8.152147293091 56.083000183105 86 86 86
24.351839065552 8.158618927002 56.120002746582 81 81 81
24.351839065552 8.158618927002 56.156997680664 80 80 80
24.229925155640 8.153158187866 56.662002563477 207 207 207
24.229925155640 8.153158187866 56.697998046875 234 234 234
24.229925155640 8.153158187866 56.733001708984 233 233 233
24.229925155640 8.153158187866 56.769996643066 230 230 230
24.229925155640 8.153158187866 56.805999755859 233 233 233
24.229925155640 8.153158187866 56.842002868652 232 232 232
24.229925155640 8.153158187866 56.877998352051 231 231 231
24.229925155640 8.153158187866 56.914001464844 63 63 63
24.229925155640 8.153158187866 56.951995849609 217 217 217
24.229925155640 8.153158187866 56.987998962402 233 233 233
24.229925155640 8.153158187866 57.025001525879 232 232 232
24.229925155640 8.153158187866 57.060997009277 229 229 229
24.229925155640 8.153158187866 57.097000122070 231 231 231
24.254802703857 8.134246826172 57.134002685547 231 231 231
24.220470428467 8.140718460083 57.167999267578 218 218 218
24.213035583496 8.440773963928 56.493995666504 161 161 161
24.213035583496 8.440773963928 56.528999328613 229 229 229
24.213035583496 8.440773963928 56.563995361328 234 234 234
24.213035583496 8.440773963928 56.597999572754 233 233 233
24.213035583496 8.440773963928 56.632995605469 233 233 233
24.213035583496 8.440773963928 56.667999267578 233 233 233
24.213035583496 8.440773963928 56.702995300293 234 234 234
24.203580856323 8.428335189819 56.736999511719 149 149 149
24.237915039063 8.421862602234 57.089996337891 95 95 95
24.228458404541 8.409423828125 57.124000549316 229 229 229
24.228458404541 8.409423828125 57.159996032715 230 230 230
24.228458404541 8.409423828125 57.195999145508 230 230 230
24.228458404541 8.409423828125 57.231002807617 230 230 230
24.228458404541 8.409423828125 57.265998840332 229 229 229
24.194126129150 8.415895462036 57.299995422363 229 229 229
24.228458404541 8.409423828125 57.336997985840 189 189 189
24.343395233154 8.302427291870 55.999000549316 17 17 17
24.246358871460 8.278054237366 56.533996582031 48 48 48
24.212024688721 8.284526824951 56.569000244141 230 230 230
24.212024688721 8.284526824951 56.603996276855 228 228 228
24.212024688721 8.284526824951 56.639999389648 231 231 231
24.202569961548 8.272089004517 56.674995422363 224 224 224
24.212024688721 8.284526824951 56.709999084473 227 227 227
24.212024688721 8.284526824951 56.746002197266 227 227 227
24.202569961548 8.272089004517 56.780998229980 213 213 213
24.227447509766 8.253175735474 56.996002197266 219 219 219
24.227447509766 8.253175735474 57.031997680664 222 222 222
24.227447509766 8.253175735474 57.068000793457 223 223 223
24.227447509766 8.253175735474 57.104995727539 219 219 219
24.217990875244 8.240736961365 57.139999389648 222 222 222
24.217990875244 8.240736961365 57.176002502441 220 220 220
24.217990875244 8.240736961365 57.212997436523 162 162 162
24.385160446167 7.995900154114 55.479995727539 33 33 33
24.360280990601 8.014811515808 55.519996643066 146 146 146
24.291614532471 8.027755737305 55.563995361328 117 117 117
24.341369628906 7.989933013916 55.597000122070 146 146 146
24.282159805298 8.015317916870 55.638999938965 79 79 79
24.316492080688 8.008844375610 55.673995971680 75 75 75
24.282159805298 8.015317916870 55.713996887207 86 86 86
24.204034805298 8.015823364258 55.755996704102 167 167 167
24.238370895386 8.009349822998 55.791000366211 176 176 176
24.272703170776 8.002878189087 55.826995849609 185 185 185
24.228914260864 7.996912002563 55.864997863770 156 156 156
24.228914260864 7.996912002563 55.902000427246 162 162 162
24.228914260864 7.996912002563 55.938995361328 194 194 194
24.341369628906 7.989933013916 55.971000671387 79 79 79
24.366249084473 7.971021652222 56.006996154785 147 147 147
24.366249084473 7.971021652222 56.043998718262 142 142 142
24.356794357300 7.958583831787 56.082000732422 149 149 149
24.400583267212 7.964550018311 56.117996215820 67 67 67
24.366249084473 7.971021652222 56.155998229980 30 30 30
24.228914260864 7.996912002563 56.267997741699 20 20 20
24.210002899170 7.972033500671 56.450996398926 26 26 26
24.210002899170 7.972033500671 56.486999511719 94 94 94
24.210002899170 7.972033500671 56.524002075195 131 131 131
24.210002899170 7.972033500671 56.559997558594 153 153 153
24.210002899170 7.972033500671 56.597000122070 165 165 165
24.210002899170 7.972033500671 56.632995605469 173 173 173
24.234880447388 7.953122138977 56.669998168945 173 173 173
24.234880447388 7.953122138977 56.707000732422 171 171 171
24.234880447388 7.953122138977 56.743995666504 220 220 220
24.234880447388 7.953122138977 56.779998779297 220 220 220
24.234880447388 7.953122138977 56.818000793457 220 220 220
24.225425720215 7.940683364868 56.853996276855 212 212 212
24.225425720215 7.940683364868 56.890998840332 216 216 216
24.225425720215 7.940683364868 56.928001403809 204 204 204
24.215969085693 7.928243637085 56.964996337891 195 195 195
24.215969085693 7.928243637085 57.002998352051 181 181 181
24.191091537476 7.947154998779 57.037002563477 158 158 158
24.191091537476 7.947154998779 57.073997497559 157 157 157
24.191091537476 7.947154998779 57.111000061035 157 157 157
24.181636810303 7.934716224670 57.148002624512 157 157 157
24.181636810303 7.934716224670 57.183998107910 153 153 153
24.181636810303 7.934716224670 57.221000671387 151 151 151
24.172180175781 7.922277450562 57.256996154785 139 139 139
24.172180175781 7.922277450562 57.292999267578 136 136 136
24.147300720215 7.941188812256 57.327995300293 130 130 130
24.112968444824 7.947660446167 57.361000061035 124 124 124
24.103511810303 7.935221672058 57.394996643066 81 81 81
24.339347839355 7.677440643311 55.670997619629 40 40 40
24.099010467529 7.722745895386 55.727996826172 95 95 95
24.270681381226 7.690384864807 55.943000793457 126 126 126
24.373683929443 7.670968055725 55.976997375488 48 48 48
24.364227294922 7.658529281616 56.015998840332 61 61 61
24.432893753052 7.645584106445 56.053001403809 34 34 34
24.408016204834 7.664495468140 56.092002868652 53 53 53
24.408016204834 7.664495468140 56.130996704102 37 37 37
24.267192840576 7.634156227112 56.627998352051 207 207 207
24.242313385010 7.653067588806 56.666000366211 229 229 229
24.267192840576 7.634156227112 56.704002380371 232 232 232
24.232858657837 7.640628814697 56.741996765137 228 228 228
24.257736206055 7.621717453003 56.780998229980 232 232 232
24.257736206055 7.621717453003 56.819000244141 227 227 227
24.257736206055 7.621717453003 56.857002258301 161 161 161
24.232858657837 7.640628814697 56.932998657227 214 214 214
24.232858657837 7.640628814697 56.972000122070 217 217 217
24.257736206055 7.621717453003 57.010002136230 222 222 222
24.223403930664 7.628189086914 57.047996520996 213 213 213
24.257736206055 7.621717453003 57.086997985840 218 218 218
24.223403930664 7.628189086914 57.125000000000 213 213 213
24.223403930664 7.628189086914 57.163002014160 171 171 171
24.249748229980 7.353013992310 56.463996887207 148 148 148
24.249748229980 7.353013992310 56.502998352051 221 221 221
24.249748229980 7.353013992310 56.541999816895 232 232 232
24.249748229980 7.353013992310 56.582000732422 232 232 232
24.249748229980 7.353013992310 56.621002197266 233 233 233
24.249748229980 7.353013992310 56.660995483398 228 228 228
24.255714416504 7.309224128723 57.096000671387 150 150 150
24.255714416504 7.309224128723 57.135002136230 218 218 218
24.255714416504 7.309224128723 57.176002502441 210 210 210
24.255714416504 7.309224128723 57.215995788574 188 188 188
24.265171051025 7.321662902832 57.259002685547 29 29 29
24.200092315674 8.372106552124 57.278999328613 52 52 52
24.200092315674 8.372106552124 57.250000000000 161 161 161
24.224967956543 8.353195190430 57.219001770020 151 151 151
24.224967956543 8.353195190430 57.186996459961 137 137 137
24.224967956543 8.353195190430 57.153999328613 166 166 166
24.224967956543 8.353195190430 57.124000549316 143 143 143
24.224967956543 8.353195190430 57.089996337891 147 147 147
24.224967956543 8.353195190430 57.058998107910 160 160 160
24.224967956543 8.353195190430 56.739997863770 104 104 104
24.200092315674 8.372106552124 56.707000732422 138 138 138
24.200092315674 8.372106552124 56.677001953125 139 139 139
24.200092315674 8.372106552124 56.644996643066 144 144 144
24.200092315674 8.372106552124 56.613998413086 142 142 142
24.200092315674 8.372106552124 56.582000732422 138 138 138
24.200092315674 8.372106552124 56.551002502441 143 143 143
24.200092315674 8.372106552124 56.518997192383 127 127 127
24.181636810303 7.934716224670 57.387001037598 137 137 137
24.181636810303 7.934716224670 57.352996826172 142 142 142
24.181636810303 7.934716224670 57.319000244141 142 142 142
24.181636810303 7.934716224670 57.285995483398 145 145 145
24.181636810303 7.934716224670 57.250999450684 145 145 145
24.181636810303 7.934716224670 57.215995788574 143 143 143
24.181636810303 7.934716224670 57.183998107910 148 148 148
24.181636810303 7.934716224670 57.148002624512 151 151 151
24.181636810303 7.934716224670 57.115997314453 150 150 150
24.181636810303 7.934716224670 57.082000732422 153 153 153
24.181636810303 7.934716224670 57.048995971680 156 156 156
24.181636810303 7.934716224670 57.015998840332 160 160 160
24.181636810303 7.934716224670 56.982002258301 163 163 163
24.181636810303 7.934716224670 56.949996948242 165 165 165
24.181636810303 7.934716224670 56.916999816895 168 168 168
24.181636810303 7.934716224670 56.882995605469 166 166 166
24.181636810303 7.934716224670 56.849998474121 168 168 168
24.181636810303 7.934716224670 56.817001342773 176 176 176
24.181636810303 7.934716224670 56.782997131348 170 170 170
24.206514358521 7.915804862976 56.751998901367 171 171 171
24.181636810303 7.934716224670 56.718002319336 175 175 175
24.181636810303 7.934716224670 56.685997009277 175 175 175
24.181636810303 7.934716224670 56.652999877930 173 173 173
24.181636810303 7.934716224670 56.618995666504 181 181 181
24.181636810303 7.934716224670 56.585998535156 177 177 177
24.181636810303 7.934716224670 56.554000854492 180 180 180
24.181636810303 7.934716224670 56.521995544434 183 183 183
24.181636810303 7.934716224670 56.489997863770 185 185 185
24.181636810303 7.934716224670 56.456001281738 188 188 188
24.181636810303 7.934716224670 56.422996520996 187 187 187
24.181636810303 7.934716224670 56.390998840332 190 190 190
24.181636810303 7.934716224670 56.359001159668 192 192 192
24.181636810303 7.934716224670 56.325996398926 195 195 195
24.181636810303 7.934716224670 56.293998718262 200 200 200
24.181636810303 7.934716224670 56.262001037598 202 202 202
24.181636810303 7.934716224670 56.228996276855 205 205 205
24.181636810303 7.934716224670 56.196998596191 211 211 211
24.181636810303 7.934716224670 56.164001464844 216 216 216
24.181636810303 7.934716224670 56.131996154785 222 222 222
24.181636810303 7.934716224670 56.099998474121 221 221 221
24.206514358521 7.915804862976 56.067001342773 244 244 244
24.206514358521 7.915804862976 56.034996032715 246 246 246
24.206514358521 7.915804862976 56.001998901367 239 239 239
24.181636810303 7.934716224670 55.970001220703 226 226 226
24.181636810303 7.934716224670 55.937995910645 216 216 216
24.181636810303 7.934716224670 55.904998779297 212 212 212
24.181636810303 7.934716224670 55.873001098633 214 214 214
24.181636810303 7.934716224670 55.839996337891 201 201 201
24.181636810303 7.934716224670 55.807998657227 200 200 200
24.156757354736 7.953627586365 55.777000427246 142 142 142
24.181636810303 7.934716224670 55.743995666504 181 181 181
24.191091537476 7.947154998779 55.711997985840 181 181 181
24.191091537476 7.947154998779 55.679000854492 176 176 176
24.181636810303 7.934716224670 55.645996093750 182 182 182
24.181636810303 7.934716224670 55.613998413086 176 176 176
24.191091537476 7.947154998779 55.582000732422 172 172 172
24.191091537476 7.947154998779 55.548995971680 174 174 174
24.191091537476 7.947154998779 55.516998291016 174 174 174
24.156757354736 7.953627586365 55.485000610352 166 166 166
24.191091537476 7.947154998779 55.450996398926 164 164 164
24.191091537476 7.947154998779 55.418998718262 167 167 167
24.191091537476 7.947154998779 55.386001586914 164 164 164
24.156757354736 7.953627586365 55.354995727539 156 156 156
24.191091537476 7.947154998779 55.320999145508 156 156 156
24.191091537476 7.947154998779 55.288002014160 157 157 157
24.156757354736 7.953627586365 55.255996704102 154 154 154
24.156757354736 7.953627586365 55.222999572754 152 152 152
24.156757354736 7.953627586365 55.190002441406 152 152 152
24.156757354736 7.953627586365 55.157997131348 150 150 150
24.156757354736 7.953627586365 55.125999450684 151 151 151
24.166212081909 7.966066360474 55.094001770020 139 139 139
24.166212081909 7.966066360474 55.060997009277 148 148 148
24.166212081909 7.966066360474 55.027000427246 139 139 139
24.166212081909 7.966066360474 54.995002746582 132 132 132
24.166212081909 7.966066360474 54.962997436523 133 133 133
24.131879806519 7.972538948059 54.930000305176 130 130 130
24.166212081909 7.966066360474 54.895996093750 125 125 125
24.166212081909 7.966066360474 54.861999511719 125 125 125
24.131879806519 7.972538948059 54.831001281738 120 120 120
24.131879806519 7.972538948059 54.795997619629 128 128 128
24.131879806519 7.972538948059 54.763000488281 121 121 121
24.131879806519 7.972538948059 54.728996276855 122 122 122
24.141334533691 7.984977722168 54.697998046875 118 118 118
24.141334533691 7.984977722168 54.663002014160 119 119 119
24.141334533691 7.984977722168 54.627998352051 127 127 127
24.131879806519 7.972538948059 54.592002868652 123 123 123
24.131879806519 7.972538948059 54.557998657227 121 121 121
24.141334533691 7.984977722168 54.526000976563 118 118 118
24.141334533691 7.984977722168 54.491996765137 110 110 110
24.141334533691 7.984977722168 54.455001831055 117 117 117
24.141334533691 7.984977722168 54.422996520996 117 117 117
24.141334533691 7.984977722168 54.388000488281 120 120 120
24.141334533691 7.984977722168 54.351997375488 124 124 124
24.141334533691 7.984977722168 54.320999145508 116 116 116
24.141334533691 7.984977722168 54.283996582031 126 126 126
24.141334533691 7.984977722168 54.248001098633 113 113 113
24.141334533691 7.984977722168 54.213996887207 110 110 110
24.141334533691 7.984977722168 54.179000854492 114 114 114
24.141334533691 7.984977722168 54.144996643066 112 112 112
24.141334533691 7.984977722168 54.103996276855 112 112 112
24.141334533691 7.984977722168 54.067001342773 115 115 115
24.141334533691 7.984977722168 54.031997680664 109 109 109
24.141334533691 7.984977722168 53.992996215820 81 81 81
24.237813949585 7.440591812134 57.270996093750 94 94 94
24.237813949585 7.440591812134 57.233001708984 130 130 130
24.237813949585 7.440591812134 57.199996948242 129 129 129
24.237813949585 7.440591812134 57.162002563477 127 127 127
24.237813949585 7.440591812134 57.125000000000 131 131 131
24.237813949585 7.440591812134 57.092002868652 138 138 138
24.237813949585 7.440591812134 57.054000854492 116 116 116
24.237813949585 7.440591812134 56.738998413086 30 30 30
24.237813949585 7.440591812134 56.707000732422 148 148 148
24.237813949585 7.440591812134 56.671997070313 148 148 148
24.237813949585 7.440591812134 56.636001586914 140 140 140
24.237813949585 7.440591812134 56.601997375488 157 157 157
24.262691497803 7.421680450439 56.569000244141 145 145 145
24.262691497803 7.421680450439 56.532997131348 167 167 167
24.237813949585 7.440591812134 56.498001098633 125 125 125
24.368270874023 8.283515930176 55.973999023438 138 138 138
24.374237060547 8.239726066589 55.933998107910 25 25 25
24.215969085693 7.928243637085 57.391998291016 119 119 119
24.225425720215 7.940683364868 57.350997924805 127 127 127
24.215969085693 7.928243637085 57.316001892090 142 142 142
24.215969085693 7.928243637085 57.277999877930 146 146 146
24.215969085693 7.928243637085 57.236999511719 152 152 152
24.215969085693 7.928243637085 57.198997497559 161 161 161
24.215969085693 7.928243637085 57.159996032715 162 162 162
24.191091537476 7.947154998779 57.121002197266 166 166 166
24.215969085693 7.928243637085 57.083999633789 172 172 172
24.191091537476 7.947154998779 57.044998168945 176 176 176
24.215969085693 7.928243637085 57.007995605469 178 178 178
24.215969085693 7.928243637085 56.971000671387 178 178 178
24.215969085693 7.928243637085 56.931999206543 181 181 181
24.215969085693 7.928243637085 56.893997192383 185 185 185
24.191091537476 7.947154998779 56.856002807617 186 186 186
24.181636810303 7.934716224670 56.818000793457 190 190 190
24.181636810303 7.934716224670 56.779998779297 192 192 192
24.181636810303 7.934716224670 56.741996765137 193 193 193
24.206514358521 7.915804862976 56.705001831055 193 193 193
24.181636810303 7.934716224670 56.666999816895 198 198 198
24.206514358521 7.915804862976 56.628997802734 195 195 195
24.181636810303 7.934716224670 56.590995788574 194 194 194
24.181636810303 7.934716224670 56.554000854492 197 197 197
24.181636810303 7.934716224670 56.515998840332 203 203 203
24.181636810303 7.934716224670 56.477996826172 204 204 204
24.181636810303 7.934716224670 56.440002441406 205 205 205
24.181636810303 7.934716224670 56.402999877930 208 208 208
24.181636810303 7.934716224670 56.364997863770 209 209 209
24.181636810303 7.934716224670 56.326995849609 220 220 220
24.181636810303 7.934716224670 56.290000915527 238 238 238
24.181636810303 7.934716224670 56.251998901367 227 227 227
24.172180175781 7.922277450562 56.214996337891 198 198 198
24.156757354736 7.953627586365 56.177001953125 190 190 190
24.181636810303 7.934716224670 56.138999938965 184 184 184
24.156757354736 7.953627586365 56.101997375488 177 177 177
24.156757354736 7.953627586365 56.065002441406 175 175 175
24.156757354736 7.953627586365 56.027999877930 174 174 174
24.166212081909 7.966066360474 55.989997863770 170 170 170
24.156757354736 7.953627586365 55.952995300293 165 165 165
24.156757354736 7.953627586365 55.914001464844 168 168 168
24.187602996826 7.890926361084 55.873001098633 176 176 176
24.197057723999 7.903366088867 55.835998535156 176 176 176
24.172180175781 7.922277450562 55.798995971680 165 165 165
24.131879806519 7.972538948059 55.765998840332 163 163 163
24.141334533691 7.984977722168 55.728996276855 168 168 168
24.166212081909 7.966066360474 55.690002441406 166 166 166
24.141334533691 7.984977722168 55.653999328613 171 171 171
24.131879806519 7.972538948059 55.615997314453 175 175 175
24.131879806519 7.972538948059 55.577995300293 176 176 176
24.141334533691 7.984977722168 55.541000366211 175 175 175
24.131879806519 7.972538948059 55.502998352051 178 178 178
24.131879806519 7.972538948059 55.464996337891 178 178 178
24.141334533691 7.984977722168 55.428001403809 174 174 174
24.141334533691 7.984977722168 55.389999389648 175 175 175
24.131879806519 7.972538948059 55.350997924805 175 175 175
24.131879806519 7.972538948059 55.312995910645 176 176 176
24.141334533691 7.984977722168 55.276000976563 173 173 173
24.131879806519 7.972538948059 55.236999511719 173 173 173
24.131879806519 7.972538948059 55.197998046875 180 180 180
24.131879806519 7.972538948059 55.160995483398 178 178 178
24.131879806519 7.972538948059 55.123001098633 175 175 175
24.131879806519 7.972538948059 55.083000183105 175 175 175
24.131879806519 7.972538948059 55.045997619629 172 172 172
24.131879806519 7.972538948059 55.005996704102 172 172 172
24.122423171997 7.960100173950 54.967002868652 168 168 168
24.131879806519 7.972538948059 54.929000854492 167 167 167
24.122423171997 7.960100173950 54.888000488281 167 167 167
24.122423171997 7.960100173950 54.849998474121 167 167 167
24.122423171997 7.960100173950 54.809997558594 166 166 166
24.122423171997 7.960100173950 54.769996643066 165 165 165
24.122423171997 7.960100173950 54.731002807617 162 162 162
24.097545623779 7.979011535645 54.693000793457 160 160 160
24.122423171997 7.960100173950 54.651000976563 155 155 155
24.097545623779 7.979011535645 54.614997863770 153 153 153
24.097545623779 7.979011535645 54.571998596191 155 155 155
24.122423171997 7.960100173950 54.530998229980 149 149 149
24.097545623779 7.979011535645 54.492996215820 148 148 148
24.097545623779 7.979011535645 54.452995300293 151 151 151
24.097545623779 7.979011535645 54.412002563477 150 150 150
24.088090896606 7.966571807861 54.370002746582 146 146 146
24.088090896606 7.966571807861 54.330001831055 150 150 150
24.088090896606 7.966571807861 54.289001464844 147 147 147
24.088090896606 7.966571807861 54.249000549316 142 142 142
24.088090896606 7.966571807861 54.208000183105 139 139 139
24.088090896606 7.966571807861 54.166000366211 135 135 135
24.088090896606 7.966571807861 54.123001098633 138 138 138
24.088090896606 7.966571807861 54.081001281738 130 130 130
24.088090896606 7.966571807861 54.041999816895 122 122 122
24.088090896606 7.966571807861 53.997001647949 120 120 120
24.088090896606 7.966571807861 53.957000732422 112 112 112
