13.208781242371 17.640146255493 5.850000381470 104 104 104
13.208781242371 17.640146255493 5.291999816895 101 101 101
13.246010780334 17.446041107178 5.926000595093 145 145 145
13.184056282043 17.454282760620 5.847000122070 142 142 142
13.246010780334 17.446041107178 5.764999389648 139 139 139
13.184056282043 17.454282760620 5.370000839233 148 148 148
13.184056282043 17.454282760620 5.291000366211 157 157 157
13.184056282043 17.454282760620 5.211999893188 146 146 146
13.291481018066 17.313890457153 5.840000152588 131 131 131
13.221285820007 17.260177612305 5.761999130249 147 147 147
13.221285820007 17.260177612305 5.683000564575 144 144 144
13.221285820007 17.260177612305 5.521999359131 109 109 109
13.221285820007 17.260177612305 5.445999145508 142 142 142
13.221285820007 17.260177612305 5.367000579834 142 142 142
13.221285820007 17.260177612305 5.290000915527 108 108 108
13.506331443787 17.033107757568 2.840000152588 46 46 46
13.506331443787 17.033107757568 6.184999465942 61 61 61
13.444376945496 17.041349411011 6.111000061035 192 192 192
13.444376945496 17.041349411011 6.033000946045 188 188 188
13.444376945496 17.041349411011 5.954000473022 190 190 190
13.444376945496 17.041349411011 5.878000259399 194 194 194
13.444376945496 17.041349411011 5.802000045776 194 194 194
13.444376945496 17.041349411011 5.724000930786 195 195 195
13.444376945496 17.041349411011 5.649999618530 192 192 192
13.444376945496 17.041349411011 5.572999954224 194 194 194
13.444376945496 17.041349411011 5.496999740601 189 189 189
13.444376945496 17.041349411011 5.422000885010 189 189 189
13.444376945496 17.041349411011 5.346000671387 179 179 179
13.444376945496 17.041349411011 5.270999908447 180 180 180
13.444376945496 17.041349411011 5.195999145508 176 176 176
13.444376945496 17.041349411011 5.121000289917 167 167 167
13.444376945496 17.041349411011 5.045000076294 164 164 164
13.444376945496 17.041349411011 4.969999313354 156 156 156
13.452618598938 17.103303909302 4.895000457764 155 155 155
13.452618598938 17.103303909302 4.819999694824 146 146 146
13.444376945496 17.041349411011 4.745000839233 109 109 109
13.452618598938 17.103303909302 4.669000625610 103 103 103
13.452618598938 17.103303909302 4.593999862671 91 91 91
13.452618598938 17.103303909302 4.518999099731 74 74 74
13.374180793762 16.987636566162 4.443000793457 70 70 70
13.382423400879 17.049591064453 4.367000579834 47 47 47
13.382423400879 17.049591064453 4.291000366211 36 36 36
13.312226295471 16.995878219604 5.746999740601 94 94 94
13.312226295471 16.995878219604 5.669000625610 181 181 181
13.312226295471 16.995878219604 5.592000961304 170 170 170
13.312226295471 16.995878219604 5.514999389648 169 169 169
13.312226295471 16.995878219604 5.438999176025 169 169 169
13.312226295471 16.995878219604 5.361000061035 143 143 143
13.312226295471 16.995878219604 5.284000396729 159 159 159
13.312226295471 16.995878219604 5.208000183105 169 169 169
13.312226295471 16.995878219604 5.129999160767 190 190 190
13.312226295471 16.995878219604 5.054000854492 211 211 211
13.312226295471 16.995878219604 4.975999832153 220 220 220
13.312226295471 16.995878219604 4.899999618530 255 255 255
13.312226295471 16.995878219604 4.822999954224 255 255 255
13.312226295471 16.995878219604 4.746000289917 243 243 243
13.312226295471 16.995878219604 4.669000625610 219 219 219
13.312226295471 16.995878219604 4.593000411987 193 193 193
13.312226295471 16.995878219604 4.516000747681 198 198 198
13.312226295471 16.995878219604 4.438999176025 197 197 197
13.312226295471 16.995878219604 4.361999511719 191 191 191
13.312226295471 16.995878219604 4.285999298096 182 182 182
13.312226295471 16.995878219604 4.208999633789 171 171 171
13.374180793762 16.987636566162 4.132999420166 159 159 159
13.295742988586 16.871969223022 4.058000564575 152 152 152
13.295742988586 16.871969223022 3.981000900269 156 156 156
13.295742988586 16.871969223022 3.903999328613 165 165 165
13.295742988586 16.871969223022 3.826999664307 170 170 170
13.295742988586 16.871969223022 3.747999191284 171 171 171
13.295742988586 16.871969223022 3.670999526978 174 174 174
13.295742988586 16.871969223022 3.593999862671 177 177 177
13.295742988586 16.871969223022 3.516000747681 178 178 178
13.295742988586 16.871969223022 3.436000823975 183 183 183
13.295742988586 16.871969223022 3.357999801636 183 183 183
13.295742988586 16.871969223022 3.277000427246 184 184 184
13.295742988586 16.871969223022 3.197000503540 183 183 183
13.295742988586 16.871969223022 3.114000320435 176 176 176
13.295742988586 16.871969223022 3.033000946045 181 181 181
13.295742988586 16.871969223022 2.950000762939 176 176 176
13.295742988586 16.871969223022 2.867000579834 169 169 169
13.295742988586 16.871969223022 2.784999847412 170 170 170
13.295742988586 16.871969223022 2.704000473022 155 155 155
13.349455833435 16.801774978638 5.815999984741 147 147 147
13.349455833435 16.801774978638 5.739999771118 151 151 151
13.349455833435 16.801774978638 5.663000106812 146 146 146
13.349455833435 16.801774978638 5.590000152588 94 94 94
13.349455833435 16.801774978638 5.513000488281 148 148 148
13.349455833435 16.801774978638 5.434999465942 146 146 146
13.349455833435 16.801774978638 5.360000610352 140 140 140
13.180077552795 16.950407028198 5.139999389648 107 107 107
13.180077552795 16.950407028198 5.061000823975 103 103 103
13.180077552795 16.950407028198 4.982999801636 69 69 69
13.180077552795 16.950407028198 4.903999328613 48 48 48
13.171835899353 16.888452529907 4.825000762939 101 101 101
13.118123054504 16.958648681641 4.746999740601 44 44 44
13.118123054504 16.958648681641 4.667999267578 43 43 43
13.118123054504 16.958648681641 4.587999343872 43 43 43
13.180077552795 16.950407028198 4.510999679565 38 38 38
13.225546836853 16.818258285522 2.915000915527 20 20 20
13.394927024841 16.669624328613 5.888999938965 151 151 151
13.386685371399 16.607669830322 5.809999465942 165 165 165
13.394927024841 16.669624328613 5.736000061035 159 159 159
13.332972526550 16.677865982056 5.433000564575 149 149 149
13.332972526550 16.677865982056 5.357000350952 146 146 146
13.332972526550 16.677865982056 5.281000137329 146 146 146
13.163594245911 16.826499938965 5.139999389648 62 62 62
13.163594245911 16.826499938965 5.062000274658 78 78 78
13.217305183411 16.756303787231 4.982000350952 91 91 91
13.225546836853 16.818258285522 4.903999328613 68 68 68
13.225546836853 16.818258285522 4.670000076294 16 16 16
13.163594245911 16.826499938965 4.590999603271 30 30 30
13.378442764282 16.545715332031 5.961000442505 64 64 64
13.378442764282 16.545715332031 5.884000778198 159 159 159
13.370201110840 16.483760833740 5.806999206543 144 144 144
13.308247566223 16.492002487183 5.354000091553 142 142 142
13.308247566223 16.492002487183 5.278999328613 145 145 145
13.308247566223 16.492002487183 5.204000473022 146 146 146
13.138869285583 16.640636444092 5.062999725342 54 54 54
13.138869285583 16.640636444092 4.985000610352 68 68 68
13.138869285583 16.640636444092 4.906999588013 53 53 53
13.200539588928 17.578191757202 5.243999481201 206 206 206
13.200539588928 17.578191757202 5.312999725342 208 208 208
13.200539588928 17.578191757202 5.805999755859 199 199 199
13.200539588928 17.578191757202 5.878999710083 193 193 193
13.246010780334 17.446041107178 5.173999786377 109 109 109
13.246010780334 17.446041107178 5.242000579834 214 214 214
13.246010780334 17.446041107178 5.311000823975 212 212 212
13.246010780334 17.446041107178 5.381000518799 212 212 212
13.246010780334 17.446041107178 5.729999542236 201 201 201
13.246010780334 17.446041107178 5.801000595093 200 200 200
13.246010780334 17.446041107178 5.871000289917 199 199 199
13.246010780334 17.446041107178 5.943000793457 90 90 90
13.035422325134 17.284902572632 4.910999298096 75 75 75
13.105618476868 17.338615417480 4.979999542236 82 82 82
13.105618476868 17.338615417480 5.049999237061 57 57 57
13.221285820007 17.260177612305 5.306999206543 210 210 210
13.221285820007 17.260177612305 5.375999450684 210 210 210
13.221285820007 17.260177612305 5.444000244141 208 208 208
13.221285820007 17.260177612305 5.513000488281 147 147 147
13.221285820007 17.260177612305 5.653999328613 200 200 200
13.221285820007 17.260177612305 5.722000122070 200 200 200
13.221285820007 17.260177612305 5.795000076294 200 200 200
13.221285820007 17.260177612305 5.864000320435 84 84 84
13.080893516541 17.152753829956 4.631999969482 30 30 30
13.080893516541 17.152753829956 4.701000213623 81 81 81
13.080893516541 17.152753829956 4.770999908447 88 88 88
13.080893516541 17.152753829956 4.839000701904 80 80 80
13.142848014832 17.144512176514 4.906000137329 88 88 88
13.151089668274 17.206466674805 4.972999572754 100 100 100
13.080893516541 17.152753829956 5.047000885010 89 89 89
13.080893516541 17.152753829956 5.117000579834 87 87 87
13.274997711182 17.189983367920 5.371999740601 205 205 205
13.274997711182 17.189983367920 5.438999176025 212 212 212
13.274997711182 17.189983367920 5.509000778198 214 214 214
13.274997711182 17.189983367920 5.576999664307 205 205 205
13.274997711182 17.189983367920 5.646999359131 201 201 201
13.274997711182 17.189983367920 5.717000961304 203 203 203
13.274997711182 17.189983367920 5.788999557495 55 55 55
13.312226295471 16.995878219604 3.211999893188 14 14 14
13.312226295471 16.995878219604 3.285999298096 58 58 58
13.312226295471 16.995878219604 3.357000350952 76 76 76
13.312226295471 16.995878219604 3.424999237061 89 89 89
13.312226295471 16.995878219604 3.496000289917 95 95 95
13.374180793762 16.987636566162 3.565000534058 101 101 101
13.374180793762 16.987636566162 3.632999420166 110 110 110
13.312226295471 16.995878219604 3.700000762939 116 116 116
13.382423400879 17.049591064453 3.767999649048 120 120 120
13.382423400879 17.049591064453 3.834999084473 136 136 136
13.382423400879 17.049591064453 3.902000427246 138 138 138
13.382423400879 17.049591064453 3.968999862671 147 147 147
13.382423400879 17.049591064453 4.034999847412 154 154 154
13.374180793762 16.987636566162 4.100999832153 159 159 159
13.374180793762 16.987636566162 4.167999267578 161 161 161
13.374180793762 16.987636566162 4.233999252319 170 170 170
13.374180793762 16.987636566162 4.299999237061 176 176 176
13.374180793762 16.987636566162 4.364999771118 179 179 179
13.374180793762 16.987636566162 4.430999755859 188 188 188
13.374180793762 16.987636566162 4.496000289917 195 195 195
13.374180793762 16.987636566162 4.561000823975 210 210 210
13.374180793762 16.987636566162 4.627000808716 242 242 242
13.436135292053 16.979394912720 4.690999984741 255 255 255
13.436135292053 16.979394912720 4.756999969482 255 255 255
13.374180793762 16.987636566162 4.822999954224 255 255 255
13.374180793762 16.987636566162 4.888000488281 254 254 254
13.374180793762 16.987636566162 4.954000473022 233 233 233
13.374180793762 16.987636566162 5.018999099731 222 222 222
13.436135292053 16.979394912720 5.083000183105 212 212 212
13.436135292053 16.979394912720 5.149999618530 202 202 202
13.436135292053 16.979394912720 5.215000152588 200 200 200
13.436135292053 16.979394912720 5.281000137329 193 193 193
13.436135292053 16.979394912720 5.347000122070 190 190 190
13.436135292053 16.979394912720 5.413000106812 190 190 190
13.436135292053 16.979394912720 5.479999542236 185 185 185
13.436135292053 16.979394912720 5.548999786377 186 186 186
13.436135292053 16.979394912720 5.614000320435 181 181 181
13.436135292053 16.979394912720 5.679000854492 180 180 180
13.436135292053 16.979394912720 5.746999740601 174 174 174
13.436135292053 16.979394912720 5.815999984741 173 173 173
13.436135292053 16.979394912720 5.885999679565 171 171 171
13.436135292053 16.979394912720 5.951999664307 162 162 162
13.436135292053 16.979394912720 6.024999618530 160 160 160
13.436135292053 16.979394912720 6.093999862671 156 156 156
13.444376945496 17.041349411011 6.159999847412 117 117 117
13.233788490295 16.880210876465 2.770999908447 137 137 137
13.233788490295 16.880210876465 2.843999862671 154 154 154
13.233788490295 16.880210876465 2.916000366211 146 146 146
13.233788490295 16.880210876465 2.985000610352 160 160 160
13.233788490295 16.880210876465 3.054000854492 179 179 179
13.233788490295 16.880210876465 3.127000808716 146 146 146
13.233788490295 16.880210876465 3.201000213623 126 126 126
13.233788490295 16.880210876465 3.271999359131 121 121 121
13.233788490295 16.880210876465 3.340000152588 121 121 121
13.233788490295 16.880210876465 3.410999298096 118 118 118
13.233788490295 16.880210876465 3.482999801636 106 106 106
13.233788490295 16.880210876465 3.552000045776 106 106 106
13.233788490295 16.880210876465 3.618999481201 105 105 105
13.233788490295 16.880210876465 3.687999725342 97 97 97
13.233788490295 16.880210876465 3.756999969482 94 94 94
13.233788490295 16.880210876465 3.825000762939 87 87 87
13.233788490295 16.880210876465 3.892000198364 65 65 65
13.233788490295 16.880210876465 3.961000442505 14 14 14
13.109881401062 16.896694183350 4.496999740601 67 67 67
13.233788490295 16.880210876465 4.563999176025 71 71 71
13.109881401062 16.896694183350 4.634000778198 78 78 78
13.109881401062 16.896694183350 4.701999664307 80 80 80
13.233788490295 16.880210876465 4.763999938965 154 154 154
13.233788490295 16.880210876465 4.832000732422 143 143 143
13.233788490295 16.880210876465 4.898000717163 126 126 126
13.295742988586 16.871969223022 4.964000701904 157 157 157
13.171835899353 16.888452529907 5.042999267578 118 118 118
13.109881401062 16.896694183350 5.114000320435 130 130 130
13.287501335144 16.810016632080 5.364999771118 103 103 103
13.287501335144 16.810016632080 5.433000564575 205 205 205
13.295742988586 16.871969223022 5.500000000000 208 208 208
13.357697486877 16.863727569580 5.565999984741 209 209 209
13.357697486877 16.863727569580 5.635000228882 210 210 210
13.357697486877 16.863727569580 5.701999664307 209 209 209
13.357697486877 16.863727569580 5.768999099731 154 154 154
13.093398094177 16.772787094116 4.634000778198 82 82 82
13.217305183411 16.756303787231 4.700000762939 72 72 72
13.217305183411 16.756303787231 4.767999649048 66 66 66
13.093398094177 16.772787094116 4.837999343872 85 85 85
13.225546836853 16.818258285522 4.905000686646 88 88 88
13.217305183411 16.756303787231 4.969999313354 103 103 103
13.225546836853 16.818258285522 5.041000366211 92 92 92
13.225546836853 16.818258285522 5.110000610352 87 87 87
13.341214179993 16.739820480347 5.295000076294 182 182 182
13.341214179993 16.739820480347 5.361000061035 205 205 205
13.341214179993 16.739820480347 5.429000854492 202 202 202
13.341214179993 16.739820480347 5.495000839233 205 205 205
13.332972526550 16.677865982056 5.628000259399 204 204 204
13.332972526550 16.677865982056 5.694999694824 213 213 213
13.332972526550 16.677865982056 5.763999938965 207 207 207
13.332972526550 16.677865982056 5.832000732422 197 197 197
13.138869285583 16.640636444092 4.905000686646 90 90 90
13.138869285583 16.640636444092 4.974000930786 90 90 90
13.138869285583 16.640636444092 5.041999816895 82 82 82
13.324730873108 16.615911483765 5.225000381470 202 202 202
13.324730873108 16.615911483765 5.291000366211 208 208 208
13.324730873108 16.615911483765 5.357000350952 207 207 207
13.324730873108 16.615911483765 5.426000595093 205 205 205
13.386685371399 16.607669830322 5.691999435425 164 164 164
13.386685371399 16.607669830322 5.757999420166 211 211 211
13.386685371399 16.607669830322 5.825000762939 203 203 203
13.386685371399 16.607669830322 5.893999099731 205 205 205
13.308247566223 16.492002487183 5.156999588013 118 118 118
13.370201110840 16.483760833740 5.222000122070 207 207 207
13.370201110840 16.483760833740 5.288000106812 209 209 209
13.370201110840 16.483760833740 5.354000091553 193 193 193
13.370201110840 16.483760833740 5.819999694824 205 205 205
13.370201110840 16.483760833740 5.888000488281 207 207 207
13.370201110840 16.483760833740 5.958000183105 149 149 149
13.208781242371 17.640146255493 5.295999526978 200 200 200
13.208781242371 17.640146255493 5.856000900269 194 194 194
13.254252433777 17.507995605469 5.215000152588 203 203 203
13.254252433777 17.507995605469 5.294000625610 204 204 204
13.254252433777 17.507995605469 5.371999740601 204 204 204
13.254252433777 17.507995605469 5.770000457764 201 201 201
13.254252433777 17.507995605469 5.850999832153 206 206 206
13.254252433777 17.507995605469 5.930000305176 206 206 206
13.113860130310 17.400569915771 4.827999114990 22 22 22
13.105618476868 17.338615417480 4.908000946045 83 83 83
13.105618476868 17.338615417480 4.988000869751 79 79 79
13.113860130310 17.400569915771 5.068000793457 61 61 61
13.237769126892 17.384086608887 5.292999267578 203 203 203
13.237769126892 17.384086608887 5.371999740601 205 205 205
13.237769126892 17.384086608887 5.451000213623 201 201 201
13.237769126892 17.384086608887 5.687000274658 201 201 201
13.237769126892 17.384086608887 5.767000198364 206 206 206
13.246010780334 17.446041107178 5.846000671387 206 206 206
13.089135169983 17.214708328247 4.669000625610 60 60 60
13.089135169983 17.214708328247 4.747999191284 69 69 69
13.089135169983 17.214708328247 4.827999114990 68 68 68
13.080893516541 17.152753829956 4.906999588013 65 65 65
13.151089668274 17.206466674805 4.985000610352 84 84 84
13.089135169983 17.214708328247 5.066999435425 73 73 73
13.089135169983 17.214708328247 5.146999359131 68 68 68
13.283239364624 17.251935958862 5.368999481201 205 205 205
13.283239364624 17.251935958862 5.445999145508 204 204 204
13.283239364624 17.251935958862 5.524999618530 202 202 202
13.221285820007 17.260177612305 5.604999542236 197 197 197
13.221285820007 17.260177612305 5.683000564575 205 205 205
13.221285820007 17.260177612305 5.761999130249 205 205 205
13.283239364624 17.251935958862 5.839000701904 110 110 110
13.134606361389 17.082557678223 4.511999130249 65 65 65
13.134606361389 17.082557678223 4.592000961304 67 67 67
13.134606361389 17.082557678223 4.670999526978 63 63 63
13.142848014832 17.144512176514 4.750000000000 126 126 126
13.142848014832 17.144512176514 4.827999114990 165 165 165
13.134606361389 17.082557678223 4.908000946045 123 123 123
13.142848014832 17.144512176514 4.986999511719 103 103 103
13.134606361389 17.082557678223 5.065999984741 92 92 92
13.134606361389 17.082557678223 5.146999359131 65 65 65
13.274997711182 17.189983367920 5.365999221802 83 83 83
13.274997711182 17.189983367920 5.444999694824 203 203 203
13.274997711182 17.189983367920 5.523000717163 204 204 204
13.274997711182 17.189983367920 5.601999282837 202 202 202
13.274997711182 17.189983367920 5.679000854492 204 204 204
13.274997711182 17.189983367920 5.756999969482 180 180 180
13.250271797180 17.004119873047 2.670000076294 158 158 158
13.242030143738 16.942165374756 2.766000747681 124 124 124
13.250271797180 17.004119873047 2.851999282837 127 127 127
13.250271797180 17.004119873047 2.937000274658 128 128 128
13.312226295471 16.995878219604 3.021999359131 129 129 129
13.312226295471 16.995878219604 3.104999542236 128 128 128
13.312226295471 16.995878219604 3.187999725342 134 134 134
13.312226295471 16.995878219604 3.270000457764 137 137 137
13.312226295471 16.995878219604 3.351999282837 133 133 133
13.312226295471 16.995878219604 3.431999206543 136 136 136
13.320468902588 17.057832717896 3.513999938965 134 134 134
13.320468902588 17.057832717896 3.593999862671 133 133 133
13.312226295471 16.995878219604 3.670000076294 138 138 138
13.320468902588 17.057832717896 3.752000808716 137 137 137
13.320468902588 17.057832717896 3.829999923706 141 141 141
13.320468902588 17.057832717896 3.909000396729 130 130 130
13.382423400879 17.049591064453 3.986000061035 136 136 136
13.320468902588 17.057832717896 4.062999725342 141 141 141
13.382423400879 17.049591064453 4.139999389648 148 148 148
13.382423400879 17.049591064453 4.217000961304 153 153 153
13.382423400879 17.049591064453 4.294000625610 154 154 154
13.382423400879 17.049591064453 4.368999481201 164 164 164
13.382423400879 17.049591064453 4.444999694824 164 164 164
13.382423400879 17.049591064453 4.520999908447 180 180 180
13.390665054321 17.111545562744 4.597000122070 182 182 182
13.390665054321 17.111545562744 4.673000335693 185 185 185
13.390665054321 17.111545562744 4.747999191284 192 192 192
13.390665054321 17.111545562744 4.822999954224 195 195 195
13.390665054321 17.111545562744 4.899000167847 198 198 198
13.390665054321 17.111545562744 4.974000930786 207 207 207
13.390665054321 17.111545562744 5.049999237061 241 241 241
13.390665054321 17.111545562744 5.125000000000 198 198 198
13.390665054321 17.111545562744 5.200000762939 197 197 197
13.390665054321 17.111545562744 5.274999618530 197 197 197
13.390665054321 17.111545562744 5.351999282837 195 195 195
13.390665054321 17.111545562744 5.426000595093 194 194 194
13.390665054321 17.111545562744 5.502000808716 194 194 194
13.390665054321 17.111545562744 5.579000473022 192 192 192
13.452618598938 17.103303909302 5.652999877930 191 191 191
13.452618598938 17.103303909302 5.729999542236 191 191 191
13.452618598938 17.103303909302 5.805999755859 192 192 192
13.452618598938 17.103303909302 5.884000778198 192 192 192
13.452618598938 17.103303909302 5.959999084473 190 190 190
13.452618598938 17.103303909302 6.034999847412 186 186 186
13.452618598938 17.103303909302 6.111999511719 188 188 188
13.163594245911 16.826499938965 4.596000671387 59 59 59
13.163594245911 16.826499938965 4.674999237061 59 59 59
13.163594245911 16.826499938965 4.753000259399 123 123 123
13.225546836853 16.818258285522 4.829999923706 195 195 195
13.233788490295 16.880210876465 4.905000686646 136 136 136
13.225546836853 16.818258285522 4.985000610352 102 102 102
13.163594245911 16.826499938965 5.066999435425 78 78 78
13.163594245911 16.826499938965 5.143999099731 68 68 68
13.295742988586 16.871969223022 5.364000320435 96 96 96
13.295742988586 16.871969223022 5.441999435425 207 207 207
13.295742988586 16.871969223022 5.517000198364 202 202 202
13.295742988586 16.871969223022 5.593999862671 201 201 201
13.295742988586 16.871969223022 5.672000885010 201 201 201
13.295742988586 16.871969223022 5.750000000000 198 198 198
13.155352592468 16.764545440674 4.832000732422 70 70 70
13.155352592468 16.764545440674 4.909999847412 80 80 80
13.155352592468 16.764545440674 4.988000869751 85 85 85
13.155352592468 16.764545440674 5.065999984741 82 82 82
13.147110939026 16.702590942383 5.143999099731 48 48 48
13.279259681702 16.748062133789 5.288000106812 29 29 29
13.349455833435 16.801774978638 5.361000061035 203 203 203
13.349455833435 16.801774978638 5.438999176025 205 205 205
13.349455833435 16.801774978638 5.514999389648 204 204 204
13.349455833435 16.801774978638 5.589000701904 149 149 149
13.349455833435 16.801774978638 5.666999816895 204 204 204
13.349455833435 16.801774978638 5.743999481201 201 201 201
13.349455833435 16.801774978638 5.822000503540 198 198 198
13.332972526550 16.677865982056 5.284999847412 207 207 207
13.332972526550 16.677865982056 5.361000061035 204 204 204
13.332972526550 16.677865982056 5.437000274658 204 204 204
13.394927024841 16.669624328613 5.662000656128 158 158 158
13.394927024841 16.669624328613 5.739999771118 201 201 201
13.394927024841 16.669624328613 5.816999435425 201 201 201
13.394927024841 16.669624328613 5.895000457764 198 198 198
13.316489219666 16.553956985474 5.209999084473 204 204 204
13.316489219666 16.553956985474 5.284999847412 202 202 202
13.316489219666 16.553956985474 5.361000061035 205 205 205
13.448639869690 16.599428176880 5.736000061035 176 176 176
13.448639869690 16.599428176880 5.812999725342 204 204 204
13.316489219666 16.553956985474 5.891000747681 201 201 201
13.316489219666 16.553956985474 5.968000411987 196 196 196
13.370201110840 16.483760833740 5.283000946045 169 169 169
13.361959457397 16.421806335449 5.806999206543 185 185 185
13.361959457397 16.421806335449 5.885999679565 159 159 159
13.200539588928 17.578191757202 5.177000045776 204 204 204
13.200539588928 17.578191757202 5.246000289917 213 213 213
13.200539588928 17.578191757202 5.315999984741 211 211 211
13.200539588928 17.578191757202 5.385999679565 18 18 18
13.200539588928 17.578191757202 5.806999206543 199 199 199
13.200539588928 17.578191757202 5.877000808716 197 197 197
13.200539588928 17.578191757202 5.947999954224 189 189 189
13.237769126892 17.384086608887 5.242000579834 210 210 210
13.237769126892 17.384086608887 5.311000823975 208 208 208
13.237769126892 17.384086608887 5.378999710083 209 209 209
13.237769126892 17.384086608887 5.448999404907 199 199 199
13.237769126892 17.384086608887 5.659000396729 109 109 109
13.237769126892 17.384086608887 5.729999542236 201 201 201
13.237769126892 17.384086608887 5.801000595093 198 198 198
13.237769126892 17.384086608887 5.870000839233 197 197 197
13.097376823425 17.276660919189 4.773000717163 71 71 71
13.097376823425 17.276660919189 4.840999603271 83 83 83
13.097376823425 17.276660919189 4.910999298096 86 86 86
13.097376823425 17.276660919189 4.982000350952 88 88 88
13.097376823425 17.276660919189 5.051000595093 87 87 87
13.097376823425 17.276660919189 5.118999481201 77 77 77
13.221285820007 17.260177612305 5.308000564575 120 120 120
13.221285820007 17.260177612305 5.375999450684 209 209 209
13.221285820007 17.260177612305 5.444999694824 206 206 206
13.283239364624 17.251935958862 5.511999130249 208 208 208
13.221285820007 17.260177612305 5.584999084473 185 185 185
13.221285820007 17.260177612305 5.652999877930 202 202 202
13.283239364624 17.251935958862 5.722000122070 198 198 198
13.283239364624 17.251935958862 5.791000366211 196 196 196
13.196560859680 17.074316024780 4.565000534058 81 81 81
13.328710556030 17.119787216187 4.629999160767 88 88 88
13.320468902588 17.057832717896 4.694999694824 92 92 92
13.320468902588 17.057832717896 4.761999130249 137 137 137
13.320468902588 17.057832717896 4.827999114990 138 138 138
13.320468902588 17.057832717896 4.892999649048 142 142 142
13.382423400879 17.049591064453 4.958000183105 128 128 128
13.382423400879 17.049591064453 5.021999359131 115 115 115
13.390665054321 17.111545562744 5.086999893188 129 129 129
13.390665054321 17.111545562744 5.152000427246 123 123 123
13.390665054321 17.111545562744 5.218000411987 129 129 129
13.390665054321 17.111545562744 5.284999847412 137 137 137
13.390665054321 17.111545562744 5.350999832153 143 143 143
13.390665054321 17.111545562744 5.420999526978 158 158 158
13.390665054321 17.111545562744 5.483999252319 156 156 156
13.452618598938 17.103303909302 5.549999237061 157 157 157
13.452618598938 17.103303909302 5.615999221802 158 158 158
13.444376945496 17.041349411011 5.680999755859 163 163 163
13.444376945496 17.041349411011 5.749000549316 164 164 164
13.452618598938 17.103303909302 5.819999694824 164 164 164
13.444376945496 17.041349411011 5.886999130249 166 166 166
13.444376945496 17.041349411011 5.954000473022 167 167 167
13.444376945496 17.041349411011 6.020999908447 162 162 162
13.444376945496 17.041349411011 6.092000961304 174 174 174
13.444376945496 17.041349411011 6.162000656128 145 145 145
13.295742988586 16.871969223022 2.725000381470 146 146 146
13.295742988586 16.871969223022 2.798999786377 141 141 141
13.295742988586 16.871969223022 2.870000839233 140 140 140
13.295742988586 16.871969223022 2.943000793457 133 133 133
13.295742988586 16.871969223022 3.013000488281 131 131 131
13.295742988586 16.871969223022 3.083000183105 137 137 137
13.295742988586 16.871969223022 3.152000427246 137 137 137
13.295742988586 16.871969223022 3.222000122070 130 130 130
13.295742988586 16.871969223022 3.291000366211 136 136 136
13.295742988586 16.871969223022 3.358999252319 137 137 137
13.303984642029 16.933923721313 3.423999786377 153 153 153
13.233788490295 16.880210876465 3.489000320435 155 155 155
13.233788490295 16.880210876465 3.558000564575 167 167 167
13.233788490295 16.880210876465 3.625000000000 169 169 169
13.233788490295 16.880210876465 3.693000793457 169 169 169
13.233788490295 16.880210876465 3.760000228882 173 173 173
13.233788490295 16.880210876465 3.829000473022 175 175 175
13.233788490295 16.880210876465 3.895000457764 173 173 173
13.233788490295 16.880210876465 3.962999343872 170 170 170
13.233788490295 16.880210876465 4.030000686646 152 152 152
13.233788490295 16.880210876465 4.099000930786 142 142 142
13.233788490295 16.880210876465 4.165000915527 143 143 143
13.233788490295 16.880210876465 4.232000350952 144 144 144
13.233788490295 16.880210876465 4.298999786377 148 148 148
13.233788490295 16.880210876465 4.365999221802 153 153 153
13.233788490295 16.880210876465 4.431999206543 150 150 150
13.233788490295 16.880210876465 4.499000549316 160 160 160
13.303984642029 16.933923721313 4.565999984741 131 131 131
13.233788490295 16.880210876465 4.631999969482 173 173 173
13.303984642029 16.933923721313 4.698999404907 232 232 232
13.303984642029 16.933923721313 4.764999389648 169 169 169
13.303984642029 16.933923721313 4.832000732422 175 175 175
13.303984642029 16.933923721313 4.899000167847 170 170 170
13.295742988586 16.871969223022 4.964000701904 177 177 177
13.109881401062 16.896694183350 5.045999526978 93 93 93
13.109881401062 16.896694183350 5.114999771118 159 159 159
13.303984642029 16.933923721313 5.436000823975 202 202 202
13.303984642029 16.933923721313 5.503999710083 203 203 203
13.295742988586 16.871969223022 5.569000244141 209 209 209
13.295742988586 16.871969223022 5.636999130249 205 205 205
13.295742988586 16.871969223022 5.705999374390 209 209 209
13.093398094177 16.772787094116 4.636999130249 87 87 87
13.217305183411 16.756303787231 4.702999114990 75 75 75
13.217305183411 16.756303787231 4.770999908447 81 81 81
13.093398094177 16.772787094116 4.842000961304 84 84 84
13.217305183411 16.756303787231 4.906000137329 89 89 89
13.217305183411 16.756303787231 4.972000122070 100 100 100
13.163594245911 16.826499938965 5.045000076294 111 111 111
13.163594245911 16.826499938965 5.113000869751 83 83 83
13.341214179993 16.739820480347 5.298999786377 151 151 151
13.341214179993 16.739820480347 5.364000320435 204 204 204
13.341214179993 16.739820480347 5.431999206543 201 201 201
13.341214179993 16.739820480347 5.497999191284 199 199 199
13.341214179993 16.739820480347 5.631000518799 205 205 205
13.341214179993 16.739820480347 5.698999404907 208 208 208
13.341214179993 16.739820480347 5.767000198364 203 203 203
13.341214179993 16.739820480347 5.834999084473 187 187 187
13.138869285583 16.640636444092 4.908000946045 85 85 85
13.138869285583 16.640636444092 4.975000381470 88 88 88
13.138869285583 16.640636444092 5.044000625610 85 85 85
13.324730873108 16.615911483765 5.226999282837 202 202 202
13.324730873108 16.615911483765 5.292999267578 207 207 207
13.324730873108 16.615911483765 5.358999252319 203 203 203
13.324730873108 16.615911483765 5.426000595093 201 201 201
13.324730873108 16.615911483765 5.693000793457 137 137 137
13.386685371399 16.607669830322 5.760000228882 204 204 204
13.386685371399 16.607669830322 5.826999664307 202 202 202
13.386685371399 16.607669830322 5.895000457764 202 202 202
13.300005912781 16.430047988892 5.224000930786 169 169 169
13.370201110840 16.483760833740 5.288999557495 207 207 207
13.300005912781 16.430047988892 5.357000350952 152 152 152
13.370201110840 16.483760833740 5.819999694824 202 202 202
13.370201110840 16.483760833740 5.888000488281 194 194 194
13.200539588928 17.578191757202 5.139999389648 101 101 101
13.200539588928 17.578191757202 5.218999862671 203 203 203
13.200539588928 17.578191757202 5.298000335693 206 206 206
13.200539588928 17.578191757202 5.375999450684 141 141 141
13.200539588928 17.578191757202 5.774999618530 199 199 199
13.200539588928 17.578191757202 5.854000091553 201 201 201
13.200539588928 17.578191757202 5.934999465942 200 200 200
13.051905632019 17.408811569214 4.990999221802 28 28 28
13.246010780334 17.446041107178 5.218000411987 191 191 191
13.246010780334 17.446041107178 5.297000885010 203 203 203
13.246010780334 17.446041107178 5.375000000000 202 202 202
13.246010780334 17.446041107178 5.454000473022 167 167 167
13.246010780334 17.446041107178 5.691999435425 192 192 192
13.246010780334 17.446041107178 5.771999359131 203 203 203
13.246010780334 17.446041107178 5.850999832153 202 202 202
13.246010780334 17.446041107178 5.927999496460 150 150 150
13.027180671692 17.222949981689 4.673000335693 21 21 21
13.097376823425 17.276660919189 4.752000808716 65 65 65
13.097376823425 17.276660919189 4.832000732422 67 67 67
13.097376823425 17.276660919189 4.912000656128 68 68 68
13.097376823425 17.276660919189 4.989999771118 82 82 82
13.097376823425 17.276660919189 5.070999145508 72 72 72
13.097376823425 17.276660919189 5.150999069214 60 60 60
13.221285820007 17.260177612305 5.295000076294 166 166 166
13.221285820007 17.260177612305 5.372999191284 205 205 205
13.221285820007 17.260177612305 5.451000213623 203 203 203
13.221285820007 17.260177612305 5.530000686646 187 187 187
13.221285820007 17.260177612305 5.610000610352 184 184 184
13.221285820007 17.260177612305 5.688999176025 201 201 201
13.221285820007 17.260177612305 5.766000747681 201 201 201
13.291481018066 17.313890457153 5.843999862671 182 182 182
13.072651863098 17.090799331665 4.516000747681 50 50 50
13.072651863098 17.090799331665 4.596000671387 66 66 66
13.072651863098 17.090799331665 4.674999237061 63 63 63
13.142848014832 17.144512176514 4.753000259399 115 115 115
13.142848014832 17.144512176514 4.832000732422 153 153 153
13.134606361389 17.082557678223 4.912000656128 104 104 104
13.142848014832 17.144512176514 4.989999771118 110 110 110
13.072651863098 17.090799331665 5.070999145508 66 66 66
13.072651863098 17.090799331665 5.149999618530 69 69 69
13.274997711182 17.189983367920 5.371000289917 135 135 135
13.274997711182 17.189983367920 5.448999404907 200 200 200
13.274997711182 17.189983367920 5.527000427246 200 200 200
13.274997711182 17.189983367920 5.604999542236 202 202 202
13.274997711182 17.189983367920 5.684000015259 203 203 203
13.274997711182 17.189983367920 5.761999130249 192 192 192
13.250271797180 17.004119873047 2.678999900818 144 144 144
13.242030143738 16.942165374756 2.774000167847 116 116 116
13.250271797180 17.004119873047 2.860000610352 120 120 120
13.250271797180 17.004119873047 2.945999145508 127 127 127
13.250271797180 17.004119873047 3.028999328613 129 129 129
13.312226295471 16.995878219604 3.113000869751 123 123 123
13.312226295471 16.995878219604 3.198999404907 128 128 128
13.312226295471 16.995878219604 3.277000427246 129 129 129
13.312226295471 16.995878219604 3.357999801636 130 130 130
13.312226295471 16.995878219604 3.438999176025 130 130 130
13.320468902588 17.057832717896 3.518999099731 134 134 134
13.320468902588 17.057832717896 3.600999832153 135 135 135
13.320468902588 17.057832717896 3.679000854492 133 133 133
13.320468902588 17.057832717896 3.756999969482 137 137 137
13.320468902588 17.057832717896 3.833999633789 146 146 146
13.320468902588 17.057832717896 3.913000106812 147 147 147
13.320468902588 17.057832717896 3.989999771118 149 149 149
13.320468902588 17.057832717896 4.066999435425 160 160 160
13.320468902588 17.057832717896 4.143999099731 164 164 164
13.382423400879 17.049591064453 4.221000671387 166 166 166
13.382423400879 17.049591064453 4.297000885010 178 178 178
13.382423400879 17.049591064453 4.374000549316 180 180 180
13.382423400879 17.049591064453 4.448999404907 185 185 185
13.390665054321 17.111545562744 4.524999618530 189 189 189
13.390665054321 17.111545562744 4.600999832153 193 193 193
13.390665054321 17.111545562744 4.676000595093 196 196 196
13.390665054321 17.111545562744 4.752000808716 198 198 198
13.390665054321 17.111545562744 4.826999664307 199 199 199
13.390665054321 17.111545562744 4.902000427246 216 216 216
13.390665054321 17.111545562744 4.978000640869 245 245 245
13.390665054321 17.111545562744 5.052999496460 255 255 255
13.390665054321 17.111545562744 5.128000259399 227 227 227
13.390665054321 17.111545562744 5.202999114990 209 209 209
13.390665054321 17.111545562744 5.278999328613 201 201 201
13.390665054321 17.111545562744 5.354000091553 198 198 198
13.390665054321 17.111545562744 5.429000854492 198 198 198
13.390665054321 17.111545562744 5.504999160767 197 197 197
13.390665054321 17.111545562744 5.580999374390 196 196 196
13.452618598938 17.103303909302 5.655000686646 195 195 195
13.452618598938 17.103303909302 5.732000350952 193 193 193
13.452618598938 17.103303909302 5.809000015259 196 196 196
13.452618598938 17.103303909302 5.885000228882 193 193 193
13.452618598938 17.103303909302 5.959999084473 192 192 192
13.452618598938 17.103303909302 6.038000106812 190 190 190
13.452618598938 17.103303909302 6.117000579834 191 191 191
13.163594245911 16.826499938965 4.599000930786 38 38 38
13.163594245911 16.826499938965 4.677000045776 32 32 32
13.163594245911 16.826499938965 4.754999160767 106 106 106
13.163594245911 16.826499938965 4.833000183105 125 125 125
13.233788490295 16.880210876465 4.908000946045 117 117 117
13.225546836853 16.818258285522 4.986999511719 91 91 91
13.163594245911 16.826499938965 5.068000793457 78 78 78
13.163594245911 16.826499938965 5.146999359131 68 68 68
13.295742988586 16.871969223022 5.365999221802 161 161 161
13.295742988586 16.871969223022 5.443000793457 202 202 202
13.295742988586 16.871969223022 5.520999908447 201 201 201
13.295742988586 16.871969223022 5.594999313354 199 199 199
13.295742988586 16.871969223022 5.672000885010 200 200 200
13.295742988586 16.871969223022 5.750999450684 199 199 199
13.076914787292 16.648878097534 4.836000442505 51 51 51
13.147110939026 16.702590942383 4.913000106812 78 78 78
13.147110939026 16.702590942383 4.990999221802 79 79 79
13.076914787292 16.648878097534 5.069999694824 76 76 76
13.341214179993 16.739820480347 5.288000106812 182 182 182
13.341214179993 16.739820480347 5.364000320435 203 203 203
13.341214179993 16.739820480347 5.440999984741 201 201 201
13.341214179993 16.739820480347 5.516000747681 199 199 199
13.349455833435 16.801774978638 5.667999267578 200 200 200
13.349455833435 16.801774978638 5.745000839233 200 200 200
13.341214179993 16.739820480347 5.819999694824 199 199 199
13.332972526550 16.677865982056 5.209999084473 189 189 189
13.332972526550 16.677865982056 5.285999298096 203 203 203
13.332972526550 16.677865982056 5.361999511719 200 200 200
13.332972526550 16.677865982056 5.437999725342 197 197 197
13.394927024841 16.669624328613 5.739999771118 199 199 199
13.394927024841 16.669624328613 5.813999176025 199 199 199
13.394927024841 16.669624328613 5.892999649048 198 198 198
13.308247566223 16.492002487183 5.211000442505 187 187 187
13.308247566223 16.492002487183 5.284999847412 201 201 201
13.308247566223 16.492002487183 5.360000610352 196 196 196
13.378442764282 16.545715332031 5.812000274658 199 199 199
13.378442764282 16.545715332031 5.888999938965 199 199 199
13.378442764282 16.545715332031 5.962999343872 183 183 183
13.254252433777 17.507995605469 5.924999237061 135 135 135
13.254252433777 17.507995605469 5.846000671387 154 154 154
13.254252433777 17.507995605469 5.766000747681 137 137 137
13.254252433777 17.507995605469 5.368999481201 150 150 150
13.200539588928 17.578191757202 5.290000915527 149 149 149
13.200539588928 17.578191757202 5.211000442505 141 141 141
13.291481018066 17.313890457153 5.837999343872 134 134 134
13.291481018066 17.313890457153 5.760000228882 140 140 140
13.229527473450 17.322132110596 5.683000564575 140 140 140
13.291481018066 17.313890457153 5.520999908447 78 78 78
13.291481018066 17.313890457153 5.444999694824 138 138 138
13.291481018066 17.313890457153 5.365999221802 144 144 144
13.229527473450 17.322132110596 5.288999557495 135 135 135
13.560044288635 16.962911605835 3.031000137329 64 64 64
13.444376945496 17.041349411011 6.186000823975 65 65 65
13.444376945496 17.041349411011 6.113000869751 188 188 188
13.444376945496 17.041349411011 6.034000396729 181 181 181
13.444376945496 17.041349411011 5.958000183105 186 186 186
13.444376945496 17.041349411011 5.878999710083 187 187 187
13.444376945496 17.041349411011 5.804000854492 188 188 188
13.444376945496 17.041349411011 5.725999832153 191 191 191
13.444376945496 17.041349411011 5.649000167847 189 189 189
13.444376945496 17.041349411011 5.572999954224 194 194 194
13.444376945496 17.041349411011 5.496999740601 191 191 191
13.444376945496 17.041349411011 5.422000885010 191 191 191
13.444376945496 17.041349411011 5.347000122070 191 191 191
13.452618598938 17.103303909302 5.271999359131 193 193 193
13.444376945496 17.041349411011 5.195999145508 187 187 187
13.444376945496 17.041349411011 5.120000839233 181 181 181
13.452618598938 17.103303909302 5.045999526978 178 178 178
13.452618598938 17.103303909302 4.971000671387 174 174 174
13.452618598938 17.103303909302 4.895999908447 175 175 175
13.444376945496 17.041349411011 4.819999694824 176 176 176
13.374180793762 16.987636566162 4.745000839233 142 142 142
13.374180793762 16.987636566162 4.670000076294 120 120 120
13.374180793762 16.987636566162 4.594999313354 107 107 107
13.374180793762 16.987636566162 4.518999099731 106 106 106
13.382423400879 17.049591064453 4.443000793457 91 91 91
13.382423400879 17.049591064453 4.367000579834 72 72 72
13.382423400879 17.049591064453 4.291000366211 69 69 69
13.382423400879 17.049591064453 4.215999603271 51 51 51
13.382423400879 17.049591064453 4.139999389648 33 33 33
13.374180793762 16.987636566162 5.746999740601 121 121 121
13.312226295471 16.995878219604 5.670999526978 163 163 163
13.374180793762 16.987636566162 5.592000961304 162 162 162
13.312226295471 16.995878219604 5.516000747681 164 164 164
13.312226295471 16.995878219604 5.440999984741 150 150 150
13.303984642029 16.933923721313 5.284999847412 52 52 52
13.242030143738 16.942165374756 5.208000183105 86 86 86
13.242030143738 16.942165374756 5.132999420166 130 130 130
13.250271797180 17.004119873047 5.056999206543 165 165 165
13.242030143738 16.942165374756 4.978000640869 160 160 160
13.242030143738 16.942165374756 4.900999069214 180 180 180
13.242030143738 16.942165374756 4.823999404907 233 233 233
13.242030143738 16.942165374756 4.746999740601 196 196 196
13.242030143738 16.942165374756 4.670000076294 202 202 202
13.242030143738 16.942165374756 4.593999862671 188 188 188
13.242030143738 16.942165374756 4.516000747681 201 201 201
13.242030143738 16.942165374756 4.438999176025 200 200 200
13.242030143738 16.942165374756 4.361999511719 200 200 200
13.242030143738 16.942165374756 4.284999847412 195 195 195
13.242030143738 16.942165374756 4.205999374390 183 183 183
13.242030143738 16.942165374756 4.129999160767 171 171 171
13.242030143738 16.942165374756 4.052000045776 174 174 174
13.242030143738 16.942165374756 3.974000930786 172 172 172
13.242030143738 16.942165374756 3.896999359131 172 172 172
13.242030143738 16.942165374756 3.819000244141 173 173 173
13.303984642029 16.933923721313 3.743000030518 158 158 158
13.303984642029 16.933923721313 3.665000915527 156 156 156
13.303984642029 16.933923721313 3.586999893188 150 150 150
13.303984642029 16.933923721313 3.510000228882 147 147 147
13.295742988586 16.871969223022 3.431999206543 148 148 148
13.295742988586 16.871969223022 3.354000091553 153 153 153
13.295742988586 16.871969223022 3.274999618530 161 161 161
13.295742988586 16.871969223022 3.191999435425 165 165 165
13.295742988586 16.871969223022 3.113000869751 163 163 163
13.295742988586 16.871969223022 3.031999588013 171 171 171
13.295742988586 16.871969223022 2.950000762939 170 170 170
13.295742988586 16.871969223022 2.868999481201 166 166 166
13.295742988586 16.871969223022 2.784999847412 170 170 170
13.295742988586 16.871969223022 2.697000503540 159 159 159
13.341214179993 16.739820480347 5.816999435425 155 155 155
13.341214179993 16.739820480347 5.739999771118 153 153 153
13.341214179993 16.739820480347 5.663999557495 153 153 153
13.341214179993 16.739820480347 5.511999130249 142 142 142
13.341214179993 16.739820480347 5.436000823975 146 146 146
13.279259681702 16.748062133789 5.361000061035 144 144 144
13.171835899353 16.888452529907 5.141000747681 61 61 61
13.171835899353 16.888452529907 5.062000274658 149 149 149
13.163594245911 16.826499938965 4.982000350952 83 83 83
13.163594245911 16.826499938965 4.905000686646 104 104 104
13.109881401062 16.896694183350 4.826999664307 80 80 80
13.109881401062 16.896694183350 4.747999191284 57 57 57
13.109881401062 16.896694183350 4.669000625610 39 39 39
13.109881401062 16.896694183350 4.590000152588 33 33 33
13.109881401062 16.896694183350 4.510999679565 33 33 33
13.448639869690 16.599428176880 5.964000701904 148 148 148
13.448639869690 16.599428176880 5.885999679565 146 146 146
13.448639869690 16.599428176880 5.809999465942 196 196 196
13.324730873108 16.615911483765 5.739000320435 87 87 87
13.324730873108 16.615911483765 5.434000015259 95 95 95
13.324730873108 16.615911483765 5.357000350952 142 142 142
13.324730873108 16.615911483765 5.281000137329 142 142 142
13.324730873108 16.615911483765 5.204999923706 109 109 109
13.147110939026 16.702590942383 5.142000198364 58 58 58
13.155352592468 16.764545440674 5.063999176025 70 70 70
13.155352592468 16.764545440674 4.986000061035 72 72 72
13.155352592468 16.764545440674 4.906999588013 72 72 72
13.147110939026 16.702590942383 4.829000473022 39 39 39
13.378442764282 16.545715332031 5.958999633789 133 133 133
13.378442764282 16.545715332031 5.879999160767 165 165 165
13.378442764282 16.545715332031 5.802999496460 162 162 162
13.378442764282 16.545715332031 5.350999832153 141 141 141
13.316489219666 16.553956985474 5.275999069214 141 141 141
13.316489219666 16.553956985474 5.201000213623 142 142 142
13.209063529968 16.694349288940 5.058000564575 67 67 67
13.147110939026 16.702590942383 4.979999542236 75 75 75
13.209063529968 16.694349288940 4.902000427246 74 74 74
13.147110939026 16.702590942383 4.823999404907 41 41 41
13.403168678284 16.731578826904 5.882999420166 79 79 79
13.403168678284 16.731578826904 5.812999725342 140 140 140
13.403168678284 16.731578826904 5.735000610352 152 152 152
13.403168678284 16.731578826904 5.659000396729 145 145 145
13.341214179993 16.739820480347 5.509000778198 130 130 130
13.341214179993 16.739820480347 5.431999206543 138 138 138
13.403168678284 16.731578826904 5.354000091553 140 140 140
13.403168678284 16.731578826904 5.277000427246 57 57 57
13.171835899353 16.888452529907 5.138000488281 58 58 58
13.163594245911 16.826499938965 5.059000015259 67 67 67
13.225546836853 16.818258285522 4.978000640869 86 86 86
13.163594245911 16.826499938965 4.900999069214 137 137 137
13.163594245911 16.826499938965 4.822000503540 129 129 129
13.163594245911 16.826499938965 4.743999481201 63 63 63
13.171835899353 16.888452529907 4.665000915527 36 36 36
13.171835899353 16.888452529907 4.586000442505 41 41 41
13.109881401062 16.896694183350 4.506000518799 28 28 28
13.365939140320 16.925682067871 5.739999771118 119 119 119
13.374180793762 16.987636566162 5.663999557495 157 157 157
13.374180793762 16.987636566162 5.589000701904 164 164 164
13.374180793762 16.987636566162 5.510999679565 163 163 163
13.312226295471 16.995878219604 5.436000823975 155 155 155
13.374180793762 16.987636566162 5.278999328613 73 73 73
13.374180793762 16.987636566162 5.201999664307 108 108 108
13.312226295471 16.995878219604 5.127000808716 135 135 135
13.312226295471 16.995878219604 5.051000595093 174 174 174
13.312226295471 16.995878219604 4.972000122070 164 164 164
13.312226295471 16.995878219604 4.895999908447 188 188 188
13.312226295471 16.995878219604 4.819000244141 255 255 255
13.312226295471 16.995878219604 4.742000579834 226 226 226
13.312226295471 16.995878219604 4.665000915527 214 214 214
13.312226295471 16.995878219604 4.587999343872 200 200 200
13.312226295471 16.995878219604 4.510999679565 209 209 209
13.312226295471 16.995878219604 4.433000564575 196 196 196
13.312226295471 16.995878219604 4.356000900269 185 185 185
13.312226295471 16.995878219604 4.277999877930 181 181 181
13.312226295471 16.995878219604 4.201999664307 178 178 178
13.312226295471 16.995878219604 4.125000000000 173 173 173
13.312226295471 16.995878219604 4.048000335693 178 178 178
13.312226295471 16.995878219604 3.971000671387 165 165 165
13.374180793762 16.987636566162 3.893999099731 158 158 158
13.374180793762 16.987636566162 3.819000244141 155 155 155
13.365939140320 16.925682067871 3.743000030518 151 151 151
13.365939140320 16.925682067871 3.666000366211 148 148 148
13.365939140320 16.925682067871 3.587999343872 159 159 159
13.365939140320 16.925682067871 3.510000228882 166 166 166
13.365939140320 16.925682067871 3.430000305176 171 171 171
13.365939140320 16.925682067871 3.350000381470 177 177 177
13.365939140320 16.925682067871 3.268999099731 181 181 181
13.365939140320 16.925682067871 3.188999176025 176 176 176
13.365939140320 16.925682067871 3.107999801636 173 173 173
13.365939140320 16.925682067871 3.025999069214 177 177 177
13.365939140320 16.925682067871 2.944999694824 172 172 172
13.365939140320 16.925682067871 2.863000869751 168 168 168
13.365939140320 16.925682067871 2.778999328613 164 164 164
13.365939140320 16.925682067871 2.694000244141 155 155 155
13.506331443787 17.033107757568 6.180000305176 55 55 55
13.444376945496 17.041349411011 6.107000350952 179 179 179
13.444376945496 17.041349411011 6.027000427246 184 184 184
13.444376945496 17.041349411011 5.951999664307 182 182 182
13.444376945496 17.041349411011 5.874000549316 182 182 182
13.444376945496 17.041349411011 5.795999526978 181 181 181
13.444376945496 17.041349411011 5.719999313354 175 175 175
13.444376945496 17.041349411011 5.645000457764 176 176 176
13.444376945496 17.041349411011 5.568000793457 166 166 166
13.444376945496 17.041349411011 5.493999481201 165 165 165
13.444376945496 17.041349411011 5.417999267578 154 154 154
13.444376945496 17.041349411011 5.342000961304 146 146 146
13.444376945496 17.041349411011 5.266000747681 129 129 129
13.444376945496 17.041349411011 5.190999984741 119 119 119
13.444376945496 17.041349411011 5.114999771118 109 109 109
13.452618598938 17.103303909302 5.041000366211 111 111 111
13.390665054321 17.111545562744 4.965999603271 108 108 108
13.390665054321 17.111545562744 4.891000747681 107 107 107
13.452618598938 17.103303909302 4.815000534058 63 63 63
13.452618598938 17.103303909302 4.739999771118 40 40 40
13.390665054321 17.111545562744 4.663999557495 14 14 14
13.299722671509 17.375844955444 5.836999893188 140 140 140
13.299722671509 17.375844955444 5.756999969482 137 137 137
13.299722671509 17.375844955444 5.677999496460 130 130 130
13.246010780334 17.446041107178 5.441999435425 151 151 151
13.299722671509 17.375844955444 5.361999511719 154 154 154
13.299722671509 17.375844955444 5.284000396729 144 144 144
13.270735740662 17.631904602051 5.923000335693 118 118 118
13.208781242371 17.640146255493 5.843000411987 187 187 187
13.208781242371 17.640146255493 5.763000488281 36 36 36
13.208781242371 17.640146255493 5.363000869751 24 24 24
13.208781242371 17.640146255493 5.284999847412 141 141 141
13.270735740662 17.631904602051 5.204000473022 101 101 101
13.308247566223 16.492002487183 5.193000793457 192 192 192
13.308247566223 16.492002487183 5.267999649048 200 200 200
13.308247566223 16.492002487183 5.343000411987 198 198 198
13.378442764282 16.545715332031 5.795000076294 198 198 198
13.378442764282 16.545715332031 5.870000839233 199 199 199
13.378442764282 16.545715332031 5.947000503540 198 198 198
13.332972526550 16.677865982056 5.194999694824 46 46 46
13.332972526550 16.677865982056 5.270000457764 202 202 202
13.332972526550 16.677865982056 5.344999313354 202 202 202
13.332972526550 16.677865982056 5.420999526978 198 198 198
13.394927024841 16.669624328613 5.648000717163 41 41 41
13.394927024841 16.669624328613 5.724000930786 199 199 199
13.394927024841 16.669624328613 5.801000595093 200 200 200
13.394927024841 16.669624328613 5.875999450684 198 198 198
13.093398094177 16.772787094116 4.818000793457 53 53 53
13.093398094177 16.772787094116 4.895999908447 80 80 80
13.217305183411 16.756303787231 4.972999572754 82 82 82
13.093398094177 16.772787094116 5.052999496460 77 77 77
13.093398094177 16.772787094116 5.129999160767 57 57 57
13.349455833435 16.801774978638 5.347999572754 199 199 199
13.349455833435 16.801774978638 5.423999786377 200 200 200
13.349455833435 16.801774978638 5.500999450684 200 200 200
13.349455833435 16.801774978638 5.575000762939 177 177 177
13.349455833435 16.801774978638 5.652999877930 200 200 200
13.349455833435 16.801774978638 5.731000900269 200 200 200
13.349455833435 16.801774978638 5.808000564575 183 183 183
13.303984642029 16.933923721313 2.690000534058 124 124 124
13.374180793762 16.987636566162 2.788000106812 137 137 137
13.374180793762 16.987636566162 2.875000000000 154 154 154
13.374180793762 16.987636566162 2.967000961304 165 165 165
13.303984642029 16.933923721313 3.018999099731 168 168 168
13.374180793762 16.987636566162 3.114999771118 95 95 95
13.374180793762 16.987636566162 3.191999435425 111 111 111
13.374180793762 16.987636566162 3.273000717163 115 115 115
13.374180793762 16.987636566162 3.351999282837 115 115 115
13.374180793762 16.987636566162 3.433000564575 119 119 119
13.374180793762 16.987636566162 3.510999679565 112 112 112
13.374180793762 16.987636566162 3.589000701904 115 115 115
13.374180793762 16.987636566162 3.666999816895 113 113 113
13.374180793762 16.987636566162 3.745000839233 115 115 115
13.374180793762 16.987636566162 3.822999954224 117 117 117
13.374180793762 16.987636566162 3.902000427246 112 112 112
13.374180793762 16.987636566162 3.978000640869 117 117 117
13.374180793762 16.987636566162 4.055000305176 119 119 119
13.374180793762 16.987636566162 4.131000518799 122 122 122
13.374180793762 16.987636566162 4.208000183105 133 133 133
13.374180793762 16.987636566162 4.283000946045 186 186 186
13.374180793762 16.987636566162 4.358999252319 117 117 117
13.374180793762 16.987636566162 4.434999465942 119 119 119
13.374180793762 16.987636566162 4.510000228882 126 126 126
13.374180793762 16.987636566162 4.584999084473 122 122 122
13.374180793762 16.987636566162 4.659999847412 128 128 128
13.374180793762 16.987636566162 4.735000610352 129 129 129
13.382423400879 17.049591064453 4.811000823975 163 163 163
13.374180793762 16.987636566162 4.885999679565 151 151 151
13.374180793762 16.987636566162 4.961000442505 148 148 148
13.452618598938 17.103303909302 5.034999847412 149 149 149
13.374180793762 16.987636566162 5.110000610352 131 131 131
13.374180793762 16.987636566162 5.186000823975 119 119 119
13.452618598938 17.103303909302 5.260000228882 122 122 122
13.452618598938 17.103303909302 5.334999084473 113 113 113
13.382423400879 17.049591064453 5.419000625610 189 189 189
13.382423400879 17.049591064453 5.493999481201 189 189 189
13.382423400879 17.049591064453 5.570999145508 190 190 190
13.382423400879 17.049591064453 5.648000717163 184 184 184
13.452618598938 17.103303909302 5.715999603271 124 124 124
13.444376945496 17.041349411011 5.788000106812 108 108 108
13.444376945496 17.041349411011 5.864999771118 104 104 104
13.444376945496 17.041349411011 5.940000534058 101 101 101
13.444376945496 17.041349411011 6.017999649048 104 104 104
13.444376945496 17.041349411011 6.093000411987 104 104 104
13.134606361389 17.082557678223 4.497999191284 61 61 61
13.134606361389 17.082557678223 4.576999664307 69 69 69
13.204802513123 17.136270523071 4.656999588013 114 114 114
13.134606361389 17.082557678223 4.735000610352 72 72 72
13.266756057739 17.128028869629 4.811000823975 155 155 155
13.266756057739 17.128028869629 4.888999938965 154 154 154
13.266756057739 17.128028869629 4.967000961304 101 101 101
13.204802513123 17.136270523071 5.048000335693 128 128 128
13.134606361389 17.082557678223 5.128000259399 77 77 77
13.266756057739 17.128028869629 5.429000854492 200 200 200
13.266756057739 17.128028869629 5.507999420166 200 200 200
13.274997711182 17.189983367920 5.584999084473 200 200 200
13.266756057739 17.128028869629 5.663999557495 202 202 202
13.274997711182 17.189983367920 5.739999771118 82 82 82
13.089135169983 17.214708328247 4.652999877930 56 56 56
13.089135169983 17.214708328247 4.732999801636 67 67 67
13.089135169983 17.214708328247 4.812999725342 65 65 65
13.097376823425 17.276660919189 4.891000747681 68 68 68
13.159331321716 17.268419265747 4.968999862671 87 87 87
13.097376823425 17.276660919189 5.051000595093 76 76 76
13.097376823425 17.276660919189 5.131000518799 63 63 63
13.221285820007 17.260177612305 5.354000091553 201 201 201
13.221285820007 17.260177612305 5.430999755859 202 202 202
13.221285820007 17.260177612305 5.510000228882 200 200 200
13.221285820007 17.260177612305 5.589000701904 195 195 195
13.221285820007 17.260177612305 5.666999816895 202 202 202
13.221285820007 17.260177612305 5.746999740601 203 203 203
13.221285820007 17.260177612305 5.823999404907 129 129 129
13.051905632019 17.408811569214 4.891000747681 42 42 42
13.051905632019 17.408811569214 4.971000671387 54 54 54
13.246010780334 17.446041107178 5.197999954224 115 115 115
13.246010780334 17.446041107178 5.275999069214 202 202 202
13.246010780334 17.446041107178 5.354999542236 202 202 202
13.246010780334 17.446041107178 5.434000015259 198 198 198
13.184056282043 17.454282760620 5.673000335693 190 190 190
13.184056282043 17.454282760620 5.752000808716 201 201 201
13.246010780334 17.446041107178 5.829999923706 202 202 202
13.246010780334 17.446041107178 5.909000396729 181 181 181
13.200539588928 17.578191757202 5.121000289917 51 51 51
13.200539588928 17.578191757202 5.200000762939 200 200 200
13.200539588928 17.578191757202 5.278999328613 203 203 203
13.200539588928 17.578191757202 5.357999801636 160 160 160
13.208781242371 17.640146255493 5.756000518799 148 148 148
13.208781242371 17.640146255493 5.836999893188 202 202 202
13.208781242371 17.640146255493 5.917999267578 197 197 197
13.353717803955 16.359853744507 5.274999618530 66 66 66
13.423913955688 16.413564682007 5.802999496460 92 92 92
13.316489219666 16.553956985474 5.209999084473 205 205 205
13.316489219666 16.553956985474 5.275999069214 202 202 202
13.316489219666 16.553956985474 5.342000961304 203 203 203
13.316489219666 16.553956985474 5.409000396729 186 186 186
13.316489219666 16.553956985474 5.742000579834 204 204 204
13.386685371399 16.607669830322 5.809000015259 210 210 210
13.386685371399 16.607669830322 5.878000259399 200 200 200
13.448639869690 16.599428176880 5.944999694824 171 171 171
13.093398094177 16.772787094116 4.621000289917 32 32 32
13.217305183411 16.756303787231 4.687000274658 70 70 70
13.217305183411 16.756303787231 4.753999710083 69 69 69
13.217305183411 16.756303787231 4.822999954224 87 87 87
13.225546836853 16.818258285522 4.892000198364 88 88 88
13.217305183411 16.756303787231 4.957000732422 100 100 100
13.225546836853 16.818258285522 5.027000427246 89 89 89
13.225546836853 16.818258285522 5.097000122070 85 85 85
13.225546836853 16.818258285522 5.165000915527 40 40 40
13.341214179993 16.739820480347 5.281000137329 146 146 146
13.341214179993 16.739820480347 5.347999572754 205 205 205
13.341214179993 16.739820480347 5.415000915527 200 200 200
13.341214179993 16.739820480347 5.481000900269 200 200 200
13.341214179993 16.739820480347 5.615999221802 195 195 195
13.341214179993 16.739820480347 5.684000015259 208 208 208
13.341214179993 16.739820480347 5.750999450684 202 202 202
13.341214179993 16.739820480347 5.819999694824 195 195 195
13.295742988586 16.871969223022 2.704000473022 124 124 124
13.295742988586 16.871969223022 2.774000167847 123 123 123
13.295742988586 16.871969223022 2.850000381470 117 117 117
13.295742988586 16.871969223022 2.917999267578 118 118 118
13.295742988586 16.871969223022 2.988000869751 120 120 120
13.295742988586 16.871969223022 3.058000564575 131 131 131
13.303984642029 16.933923721313 3.124000549316 141 141 141
13.303984642029 16.933923721313 3.193000793457 148 148 148
13.303984642029 16.933923721313 3.263000488281 150 150 150
13.303984642029 16.933923721313 3.332000732422 156 156 156
13.303984642029 16.933923721313 3.400999069214 158 158 158
13.233788490295 16.880210876465 3.467000961304 160 160 160
13.303984642029 16.933923721313 3.538999557495 165 165 165
13.303984642029 16.933923721313 3.606000900269 166 166 166
13.303984642029 16.933923721313 3.674999237061 168 168 168
13.242030143738 16.942165374756 3.742000579834 170 170 170
13.242030143738 16.942165374756 3.809999465942 166 166 166
13.303984642029 16.933923721313 3.878000259399 161 161 161
13.242030143738 16.942165374756 3.945999145508 153 153 153
13.303984642029 16.933923721313 4.013000488281 137 137 137
13.242030143738 16.942165374756 4.079999923706 137 137 137
13.303984642029 16.933923721313 4.148000717163 139 139 139
13.242030143738 16.942165374756 4.215000152588 140 140 140
13.303984642029 16.933923721313 4.281999588013 145 145 145
13.303984642029 16.933923721313 4.347999572754 148 148 148
13.242030143738 16.942165374756 4.415000915527 155 155 155
13.242030143738 16.942165374756 4.482000350952 166 166 166
13.303984642029 16.933923721313 4.548999786377 155 155 155
13.303984642029 16.933923721313 4.614999771118 178 178 178
13.303984642029 16.933923721313 4.680999755859 228 228 228
13.303984642029 16.933923721313 4.747999191284 174 174 174
13.303984642029 16.933923721313 4.815000534058 184 184 184
13.303984642029 16.933923721313 4.881999969482 160 160 160
13.303984642029 16.933923721313 4.947000503540 171 171 171
13.242030143738 16.942165374756 5.017000198364 122 122 122
13.242030143738 16.942165374756 5.086999893188 126 126 126
13.242030143738 16.942165374756 5.153999328613 79 79 79
13.303984642029 16.933923721313 5.214000701904 13 13 13
13.303984642029 16.933923721313 5.420999526978 200 200 200
13.303984642029 16.933923721313 5.486999511719 203 203 203
13.303984642029 16.933923721313 5.554000854492 210 210 210
13.303984642029 16.933923721313 5.621999740601 205 205 205
13.303984642029 16.933923721313 5.690000534058 201 201 201
13.072651863098 17.090799331665 4.548000335693 70 70 70
13.072651863098 17.090799331665 4.617000579834 80 80 80
13.072651863098 17.090799331665 4.687000274658 79 79 79
13.266756057739 17.128028869629 4.749000549316 125 125 125
13.142848014832 17.144512176514 4.819999694824 167 167 167
13.204802513123 17.136270523071 4.886999130249 88 88 88
13.266756057739 17.128028869629 4.950000762939 146 146 146
13.142848014832 17.144512176514 5.031000137329 98 98 98
13.142848014832 17.144512176514 5.100999832153 81 81 81
13.266756057739 17.128028869629 5.423000335693 208 208 208
13.266756057739 17.128028869629 5.492000579834 205 205 205
13.266756057739 17.128028869629 5.559999465942 204 204 204
13.266756057739 17.128028869629 5.629999160767 196 196 196
13.266756057739 17.128028869629 5.701000213623 190 190 190
13.390665054321 17.111545562744 5.809999465942 30 30 30
13.452618598938 17.103303909302 5.875999450684 55 55 55
13.452618598938 17.103303909302 5.944999694824 71 71 71
13.452618598938 17.103303909302 6.011999130249 72 72 72
13.452618598938 17.103303909302 6.082000732422 81 81 81
13.452618598938 17.103303909302 6.152999877930 72 72 72
13.035422325134 17.284902572632 4.825000762939 18 18 18
13.105618476868 17.338615417480 4.895000457764 87 87 87
13.105618476868 17.338615417480 4.965000152588 91 91 91
13.105618476868 17.338615417480 5.034000396729 81 81 81
13.221285820007 17.260177612305 5.292999267578 203 203 203
13.221285820007 17.260177612305 5.361000061035 211 211 211
13.221285820007 17.260177612305 5.430000305176 207 207 207
13.221285820007 17.260177612305 5.497999191284 194 194 194
13.221285820007 17.260177612305 5.638000488281 197 197 197
13.221285820007 17.260177612305 5.708000183105 198 198 198
13.221285820007 17.260177612305 5.778999328613 199 199 199
13.221285820007 17.260177612305 5.847000122070 110 110 110
13.184056282043 17.454282760620 5.159999847412 124 124 124
13.184056282043 17.454282760620 5.226999282837 214 214 214
13.184056282043 17.454282760620 5.297000885010 210 210 210
13.184056282043 17.454282760620 5.365999221802 205 205 205
13.184056282043 17.454282760620 5.715999603271 172 172 172
13.184056282043 17.454282760620 5.785999298096 199 199 199
13.184056282043 17.454282760620 5.858999252319 196 196 196
13.184056282043 17.454282760620 5.927999496460 192 192 192
13.448639869690 16.599428176880 5.968000411987 147 147 147
13.448639869690 16.599428176880 5.891000747681 150 150 150
13.448639869690 16.599428176880 5.815000534058 198 198 198
13.448639869690 16.599428176880 5.739999771118 93 93 93
13.324730873108 16.615911483765 5.437999725342 66 66 66
13.324730873108 16.615911483765 5.361999511719 140 140 140
13.316489219666 16.553956985474 5.284999847412 141 141 141
13.316489219666 16.553956985474 5.209999084473 107 107 107
13.147110939026 16.702590942383 5.145000457764 37 37 37
13.147110939026 16.702590942383 5.068000793457 67 67 67
13.147110939026 16.702590942383 4.989999771118 68 68 68
13.147110939026 16.702590942383 4.910999298096 68 68 68
13.155352592468 16.764545440674 4.833000183105 16 16 16
13.403168678284 16.731578826904 5.822000503540 151 151 151
13.403168678284 16.731578826904 5.743999481201 157 157 157
13.403168678284 16.731578826904 5.666999816895 152 152 152
13.341214179993 16.739820480347 5.516000747681 128 128 128
13.341214179993 16.739820480347 5.440000534058 139 139 139
13.341214179993 16.739820480347 5.364000320435 139 139 139
13.109881401062 16.896694183350 5.145999908447 58 58 58
13.163594245911 16.826499938965 5.065999984741 125 125 125
13.225546836853 16.818258285522 4.986000061035 83 83 83
13.163594245911 16.826499938965 4.909000396729 102 102 102
13.171835899353 16.888452529907 4.830999374390 80 80 80
13.109881401062 16.896694183350 4.752000808716 52 52 52
13.109881401062 16.896694183350 4.673000335693 42 42 42
13.109881401062 16.896694183350 4.593999862671 34 34 34
13.109881401062 16.896694183350 4.513999938965 37 37 37
13.374180793762 16.987636566162 5.749000549316 117 117 117
13.374180793762 16.987636566162 5.672000885010 154 154 154
13.374180793762 16.987636566162 5.594999313354 159 159 159
13.374180793762 16.987636566162 5.517999649048 160 160 160
13.312226295471 16.995878219604 5.441999435425 155 155 155
13.312226295471 16.995878219604 5.209999084473 54 54 54
13.242030143738 16.942165374756 5.134000778198 112 112 112
13.242030143738 16.942165374756 5.058000564575 165 165 165
13.242030143738 16.942165374756 4.979000091553 160 160 160
13.242030143738 16.942165374756 4.902999877930 185 185 185
13.242030143738 16.942165374756 4.826000213623 213 213 213
13.242030143738 16.942165374756 4.749000549316 199 199 199
13.242030143738 16.942165374756 4.672000885010 214 214 214
13.242030143738 16.942165374756 4.594999313354 200 200 200
13.242030143738 16.942165374756 4.517000198364 205 205 205
13.242030143738 16.942165374756 4.440000534058 207 207 207
13.242030143738 16.942165374756 4.363000869751 196 196 196
13.242030143738 16.942165374756 4.284999847412 185 185 185
13.242030143738 16.942165374756 4.208000183105 177 177 177
13.242030143738 16.942165374756 4.131000518799 169 169 169
13.242030143738 16.942165374756 4.054000854492 170 170 170
13.303984642029 16.933923721313 3.976999282837 166 166 166
13.303984642029 16.933923721313 3.899000167847 159 159 159
13.303984642029 16.933923721313 3.822000503540 148 148 148
13.303984642029 16.933923721313 3.746000289917 143 143 143
13.295742988586 16.871969223022 3.669000625610 139 139 139
13.295742988586 16.871969223022 3.592000961304 144 144 144
13.295742988586 16.871969223022 3.513000488281 154 154 154
13.295742988586 16.871969223022 3.434999465942 158 158 158
13.295742988586 16.871969223022 3.356000900269 166 166 166
13.295742988586 16.871969223022 3.275999069214 171 171 171
13.295742988586 16.871969223022 3.194999694824 170 170 170
13.295742988586 16.871969223022 3.115999221802 168 168 168
13.295742988586 16.871969223022 3.031999588013 177 177 177
13.295742988586 16.871969223022 2.951999664307 169 169 169
13.295742988586 16.871969223022 2.868999481201 171 171 171
13.295742988586 16.871969223022 2.784000396729 165 165 165
13.295742988586 16.871969223022 2.701999664307 154 154 154
13.473364830017 16.785291671753 2.668000221252 182 182 182
13.444376945496 17.041349411011 6.193000793457 24 24 24
13.444376945496 17.041349411011 6.114000320435 174 174 174
13.444376945496 17.041349411011 6.037000656128 173 173 173
13.444376945496 17.041349411011 5.959999084473 180 180 180
13.444376945496 17.041349411011 5.881000518799 184 184 184
13.444376945496 17.041349411011 5.804000854492 184 184 184
13.444376945496 17.041349411011 5.728000640869 186 186 186
13.444376945496 17.041349411011 5.652000427246 183 183 183
13.444376945496 17.041349411011 5.576000213623 188 188 188
13.444376945496 17.041349411011 5.499000549316 186 186 186
13.444376945496 17.041349411011 5.423999786377 188 188 188
13.444376945496 17.041349411011 5.349000930786 188 188 188
13.444376945496 17.041349411011 5.271999359131 185 185 185
13.444376945496 17.041349411011 5.197999954224 188 188 188
13.444376945496 17.041349411011 5.121999740601 179 179 179
13.444376945496 17.041349411011 5.047000885010 173 173 173
13.444376945496 17.041349411011 4.972000122070 173 173 173
13.444376945496 17.041349411011 4.896999359131 174 174 174
13.444376945496 17.041349411011 4.822000503540 168 168 168
13.444376945496 17.041349411011 4.746000289917 123 123 123
13.444376945496 17.041349411011 4.670999526978 108 108 108
13.444376945496 17.041349411011 4.596000671387 98 98 98
13.452618598938 17.103303909302 4.520000457764 87 87 87
13.452618598938 17.103303909302 4.444000244141 74 74 74
13.452618598938 17.103303909302 4.368000030518 55 55 55
13.452618598938 17.103303909302 4.292999267578 35 35 35
13.291481018066 17.313890457153 5.840999603271 130 130 130
13.291481018066 17.313890457153 5.763000488281 141 141 141
13.291481018066 17.313890457153 5.681999206543 140 140 140
13.291481018066 17.313890457153 5.523000717163 90 90 90
13.291481018066 17.313890457153 5.447000503540 144 144 144
13.291481018066 17.313890457153 5.367000579834 148 148 148
13.229527473450 17.322132110596 5.291000366211 133 133 133
13.254252433777 17.507995605469 5.930999755859 134 134 134
13.254252433777 17.507995605469 5.850000381470 155 155 155
13.254252433777 17.507995605469 5.768999099731 134 134 134
13.254252433777 17.507995605469 5.371999740601 147 147 147
13.254252433777 17.507995605469 5.291999816895 150 150 150
13.254252433777 17.507995605469 5.214000701904 144 144 144
13.300005912781 16.430047988892 5.222000122070 149 149 149
13.370201110840 16.483760833740 5.285999298096 199 199 199
13.370201110840 16.483760833740 5.353000640869 131 131 131
13.361959457397 16.421806335449 5.815999984741 186 186 186
13.361959457397 16.421806335449 5.884000778198 180 180 180
13.200821876526 16.632394790649 4.902999877930 42 42 42
13.138869285583 16.640636444092 4.971000671387 80 80 80
13.138869285583 16.640636444092 5.040000915527 39 39 39
13.324730873108 16.615911483765 5.222000122070 193 193 193
13.324730873108 16.615911483765 5.288999557495 202 202 202
13.324730873108 16.615911483765 5.356000900269 200 200 200
13.324730873108 16.615911483765 5.422000885010 194 194 194
13.324730873108 16.615911483765 5.690000534058 111 111 111
13.386685371399 16.607669830322 5.756000518799 189 189 189
13.386685371399 16.607669830322 5.822999954224 186 186 186
13.386685371399 16.607669830322 5.892000198364 184 184 184
13.093398094177 16.772787094116 4.629999160767 65 65 65
13.217305183411 16.756303787231 4.695999145508 75 75 75
13.217305183411 16.756303787231 4.763999938965 65 65 65
13.093398094177 16.772787094116 4.833999633789 71 71 71
13.225546836853 16.818258285522 4.900999069214 80 80 80
13.217305183411 16.756303787231 4.965999603271 95 95 95
13.225546836853 16.818258285522 5.037000656128 77 77 77
13.093398094177 16.772787094116 5.107999801636 80 80 80
13.341214179993 16.739820480347 5.290000915527 134 134 134
13.341214179993 16.739820480347 5.357000350952 200 200 200
13.341214179993 16.739820480347 5.423999786377 194 194 194
13.341214179993 16.739820480347 5.493000030518 192 192 192
13.341214179993 16.739820480347 5.624000549316 193 193 193
13.341214179993 16.739820480347 5.693000793457 194 194 194
13.341214179993 16.739820480347 5.760000228882 187 187 187
13.341214179993 16.739820480347 5.829000473022 172 172 172
13.357697486877 16.863727569580 2.668000221252 148 148 148
13.233788490295 16.880210876465 2.764999389648 127 127 127
13.233788490295 16.880210876465 2.837999343872 143 143 143
13.233788490295 16.880210876465 2.909000396729 144 144 144
13.233788490295 16.880210876465 2.981000900269 148 148 148
13.233788490295 16.880210876465 3.054000854492 152 152 152
13.233788490295 16.880210876465 3.124000549316 151 151 151
13.233788490295 16.880210876465 3.191999435425 141 141 141
13.233788490295 16.880210876465 3.264999389648 133 133 133
13.233788490295 16.880210876465 3.337999343872 128 128 128
13.233788490295 16.880210876465 3.408000946045 115 115 115
13.233788490295 16.880210876465 3.474000930786 112 112 112
13.233788490295 16.880210876465 3.544000625610 114 114 114
13.233788490295 16.880210876465 3.613000869751 115 115 115
13.233788490295 16.880210876465 3.681999206543 115 115 115
13.233788490295 16.880210876465 3.750000000000 114 114 114
13.233788490295 16.880210876465 3.818000793457 111 111 111
13.233788490295 16.880210876465 3.885000228882 114 114 114
13.233788490295 16.880210876465 3.954000473022 116 116 116
13.233788490295 16.880210876465 4.020999908447 106 106 106
13.233788490295 16.880210876465 4.089000701904 110 110 110
13.233788490295 16.880210876465 4.155000686646 110 110 110
13.295742988586 16.871969223022 4.224000930786 103 103 103
13.233788490295 16.880210876465 4.290000915527 101 101 101
13.233788490295 16.880210876465 4.357000350952 92 92 92
13.233788490295 16.880210876465 4.423999786377 73 73 73
13.233788490295 16.880210876465 4.489999771118 77 77 77
13.233788490295 16.880210876465 4.558000564575 81 81 81
13.171835899353 16.888452529907 4.625999450684 86 86 86
13.233788490295 16.880210876465 4.693000793457 97 97 97
13.233788490295 16.880210876465 4.756999969482 140 140 140
13.233788490295 16.880210876465 4.822999954224 146 146 146
13.233788490295 16.880210876465 4.891000747681 110 110 110
13.295742988586 16.871969223022 4.955999374390 178 178 178
13.109881401062 16.896694183350 5.037000656128 82 82 82
13.109881401062 16.896694183350 5.106000900269 146 146 146
13.295742988586 16.871969223022 5.427000045776 196 196 196
13.295742988586 16.871969223022 5.495000839233 195 195 195
13.295742988586 16.871969223022 5.561000823975 199 199 199
13.295742988586 16.871969223022 5.628999710083 191 191 191
13.295742988586 16.871969223022 5.697999954224 194 194 194
13.320468902588 17.057832717896 4.156999588013 23 23 23
13.382423400879 17.049591064453 4.222999572754 57 57 57
13.382423400879 17.049591064453 4.290000915527 73 73 73
13.382423400879 17.049591064453 4.356000900269 79 79 79
13.382423400879 17.049591064453 4.422000885010 85 85 85
13.382423400879 17.049591064453 4.486999511719 97 97 97
13.382423400879 17.049591064453 4.552999496460 107 107 107
13.382423400879 17.049591064453 4.618999481201 115 115 115
13.382423400879 17.049591064453 4.684000015259 115 115 115
13.382423400879 17.049591064453 4.750999450684 151 151 151
13.382423400879 17.049591064453 4.816999435425 148 148 148
13.382423400879 17.049591064453 4.881999969482 146 146 146
13.382423400879 17.049591064453 4.945999145508 133 133 133
13.390665054321 17.111545562744 5.010999679565 123 123 123
13.452618598938 17.103303909302 5.076999664307 130 130 130
13.390665054321 17.111545562744 5.142999649048 125 125 125
13.452618598938 17.103303909302 5.208999633789 135 135 135
13.452618598938 17.103303909302 5.274999618530 136 136 136
13.452618598938 17.103303909302 5.340000152588 140 140 140
13.452618598938 17.103303909302 5.406000137329 143 143 143
13.452618598938 17.103303909302 5.474000930786 141 141 141
13.452618598938 17.103303909302 5.538999557495 142 142 142
13.444376945496 17.041349411011 5.606000900269 138 138 138
13.444376945496 17.041349411011 5.673999786377 141 141 141
13.444376945496 17.041349411011 5.740999221802 134 134 134
13.444376945496 17.041349411011 5.809999465942 130 130 130
13.444376945496 17.041349411011 5.875999450684 138 138 138
13.444376945496 17.041349411011 5.943000793457 140 140 140
13.444376945496 17.041349411011 6.011999130249 144 144 144
13.444376945496 17.041349411011 6.079000473022 152 152 152
13.444376945496 17.041349411011 6.149000167847 150 150 150
13.027180671692 17.222949981689 4.761999130249 75 75 75
13.097376823425 17.276660919189 4.830999374390 79 79 79
13.097376823425 17.276660919189 4.899999618530 83 83 83
13.097376823425 17.276660919189 4.969999313354 82 82 82
13.097376823425 17.276660919189 5.040000915527 81 81 81
13.097376823425 17.276660919189 5.111000061035 69 69 69
13.221285820007 17.260177612305 5.298000335693 50 50 50
13.283239364624 17.251935958862 5.364999771118 205 205 205
13.283239364624 17.251935958862 5.433000564575 200 200 200
13.283239364624 17.251935958862 5.502000808716 200 200 200
13.221285820007 17.260177612305 5.572999954224 150 150 150
13.221285820007 17.260177612305 5.642999649048 191 191 191
13.283239364624 17.251935958862 5.711000442505 187 187 187
13.283239364624 17.251935958862 5.781000137329 179 179 179
13.237769126892 17.384086608887 5.232000350952 187 187 187
13.237769126892 17.384086608887 5.299999237061 203 203 203
13.237769126892 17.384086608887 5.370000839233 202 202 202
13.237769126892 17.384086608887 5.437000274658 199 199 199
13.237769126892 17.384086608887 5.718000411987 186 186 186
13.237769126892 17.384086608887 5.785999298096 182 182 182
13.237769126892 17.384086608887 5.861000061035 180 180 180
13.200539588928 17.578191757202 5.166000366211 188 188 188
13.200539588928 17.578191757202 5.235000610352 200 200 200
13.200539588928 17.578191757202 5.305000305176 205 205 205
13.200539588928 17.578191757202 5.374000549316 83 83 83
13.200539588928 17.578191757202 5.797000885010 181 181 181
13.200539588928 17.578191757202 5.870000839233 179 179 179
13.200539588928 17.578191757202 5.940000534058 171 171 171
13.370201110840 16.483760833740 5.274000167847 179 179 179
13.370201110840 16.483760833740 5.349000930786 91 91 91
13.370201110840 16.483760833740 5.799999237061 188 188 188
13.370201110840 16.483760833740 5.875000000000 195 195 195
13.324730873108 16.615911483765 5.201000213623 198 198 198
13.324730873108 16.615911483765 5.277000427246 200 200 200
13.324730873108 16.615911483765 5.351999282837 199 199 199
13.386685371399 16.607669830322 5.426000595093 87 87 87
13.386685371399 16.607669830322 5.731000900269 198 198 198
13.386685371399 16.607669830322 5.805999755859 199 199 199
13.386685371399 16.607669830322 5.882999420166 200 200 200
13.386685371399 16.607669830322 5.961999893188 90 90 90
13.138869285583 16.640636444092 4.906000137329 42 42 42
13.138869285583 16.640636444092 4.983999252319 69 69 69
13.138869285583 16.640636444092 5.061000823975 22 22 22
13.341214179993 16.739820480347 5.281000137329 198 198 198
13.341214179993 16.739820480347 5.357000350952 200 200 200
13.332972526550 16.677865982056 5.431999206543 201 201 201
13.332972526550 16.677865982056 5.506000518799 97 97 97
13.332972526550 16.677865982056 5.659999847412 198 198 198
13.332972526550 16.677865982056 5.738000869751 199 199 199
13.332972526550 16.677865982056 5.812999725342 200 200 200
13.163594245911 16.826499938965 4.673000335693 21 21 21
13.163594245911 16.826499938965 4.750999450684 28 28 28
13.163594245911 16.826499938965 4.829000473022 47 47 47
13.163594245911 16.826499938965 4.906000137329 75 75 75
13.225546836853 16.818258285522 4.982999801636 84 84 84
13.163594245911 16.826499938965 5.063999176025 65 65 65
13.163594245911 16.826499938965 5.141000747681 64 64 64
13.287501335144 16.810016632080 5.361000061035 199 199 199
13.287501335144 16.810016632080 5.437000274658 199 199 199
13.287501335144 16.810016632080 5.513999938965 201 201 201
13.357697486877 16.863727569580 5.589000701904 200 200 200
13.357697486877 16.863727569580 5.666000366211 199 199 199
13.357697486877 16.863727569580 5.743000030518 199 199 199
13.374180793762 16.987636566162 2.732000350952 141 141 141
13.374180793762 16.987636566162 2.802000045776 153 153 153
13.312226295471 16.995878219604 2.877000808716 147 147 147
13.312226295471 16.995878219604 2.959999084473 158 158 158
13.312226295471 16.995878219604 3.041000366211 167 167 167
13.312226295471 16.995878219604 3.122999191284 171 171 171
13.312226295471 16.995878219604 3.204999923706 170 170 170
13.312226295471 16.995878219604 3.284999847412 175 175 175
13.374180793762 16.987636566162 3.365999221802 170 170 170
13.374180793762 16.987636566162 3.444999694824 179 179 179
13.312226295471 16.995878219604 3.523000717163 181 181 181
13.374180793762 16.987636566162 3.601999282837 183 183 183
13.382423400879 17.049591064453 3.680999755859 183 183 183
13.382423400879 17.049591064453 3.757999420166 185 185 185
13.382423400879 17.049591064453 3.836999893188 190 190 190
13.382423400879 17.049591064453 3.913999557495 185 185 185
13.382423400879 17.049591064453 3.990999221802 188 188 188
13.382423400879 17.049591064453 4.066999435425 191 191 191
13.382423400879 17.049591064453 4.143999099731 189 189 189
13.382423400879 17.049591064453 4.219999313354 196 196 196
13.382423400879 17.049591064453 4.295000076294 198 198 198
13.382423400879 17.049591064453 4.371000289917 195 195 195
13.382423400879 17.049591064453 4.447000503540 197 197 197
13.382423400879 17.049591064453 4.523000717163 198 198 198
13.382423400879 17.049591064453 4.597999572754 198 198 198
13.382423400879 17.049591064453 4.673000335693 199 199 199
13.390665054321 17.111545562744 4.749000549316 201 201 201
13.452618598938 17.103303909302 4.823999404907 211 211 211
13.390665054321 17.111545562744 4.899000167847 226 226 226
13.382423400879 17.049591064453 4.975000381470 255 255 255
13.382423400879 17.049591064453 5.049999237061 255 255 255
13.452618598938 17.103303909302 5.122999191284 230 230 230
13.452618598938 17.103303909302 5.197999954224 218 218 218
13.452618598938 17.103303909302 5.274000167847 199 199 199
13.452618598938 17.103303909302 5.347999572754 198 198 198
13.452618598938 17.103303909302 5.423000335693 197 197 197
13.452618598938 17.103303909302 5.500000000000 196 196 196
13.452618598938 17.103303909302 5.575000762939 194 194 194
13.452618598938 17.103303909302 5.650999069214 192 192 192
13.452618598938 17.103303909302 5.725999832153 188 188 188
13.452618598938 17.103303909302 5.804000854492 189 189 189
13.452618598938 17.103303909302 5.879999160767 190 190 190
13.452618598938 17.103303909302 5.955999374390 190 190 190
13.452618598938 17.103303909302 6.033000946045 185 185 185
13.452618598938 17.103303909302 6.107000350952 183 183 183
13.134606361389 17.082557678223 4.513000488281 61 61 61
13.134606361389 17.082557678223 4.592000961304 59 59 59
13.204802513123 17.136270523071 4.670999526978 125 125 125
13.196560859680 17.074316024780 4.749000549316 116 116 116
13.196560859680 17.074316024780 4.826999664307 161 161 161
13.266756057739 17.128028869629 4.903999328613 143 143 143
13.134606361389 17.082557678223 4.986000061035 72 72 72
13.134606361389 17.082557678223 5.065000534058 117 117 117
13.134606361389 17.082557678223 5.145000457764 64 64 64
13.266756057739 17.128028869629 5.444000244141 200 200 200
13.266756057739 17.128028869629 5.521999359131 201 201 201
13.266756057739 17.128028869629 5.600000381470 200 200 200
13.266756057739 17.128028869629 5.679000854492 202 202 202
13.266756057739 17.128028869629 5.757999420166 84 84 84
13.089135169983 17.214708328247 4.667999267578 66 66 66
13.089135169983 17.214708328247 4.747999191284 67 67 67
13.080893516541 17.152753829956 4.826999664307 59 59 59
13.159331321716 17.268419265747 4.906000137329 67 67 67
13.151089668274 17.206466674805 4.983999252319 82 82 82
13.080893516541 17.152753829956 5.065000534058 69 69 69
13.089135169983 17.214708328247 5.145999908447 65 65 65
13.221285820007 17.260177612305 5.368999481201 201 201 201
13.221285820007 17.260177612305 5.445999145508 201 201 201
13.221285820007 17.260177612305 5.524000167847 200 200 200
13.221285820007 17.260177612305 5.604000091553 200 200 200
13.221285820007 17.260177612305 5.681999206543 201 201 201
13.221285820007 17.260177612305 5.760999679565 201 201 201
13.221285820007 17.260177612305 5.842000961304 59 59 59
13.113860130310 17.400569915771 4.903999328613 67 67 67
13.113860130310 17.400569915771 4.985000610352 72 72 72
13.113860130310 17.400569915771 5.063999176025 46 46 46
13.175814628601 17.392328262329 5.291000366211 202 202 202
13.237769126892 17.384086608887 5.368999481201 201 201 201
13.237769126892 17.384086608887 5.447000503540 200 200 200
13.175814628601 17.392328262329 5.684999465942 200 200 200
13.237769126892 17.384086608887 5.763999938965 202 202 202
13.175814628601 17.392328262329 5.843999862671 201 201 201
13.246010780334 17.446041107178 5.923000335693 50 50 50
13.200539588928 17.578191757202 5.211000442505 204 204 204
13.200539588928 17.578191757202 5.290000915527 201 201 201
13.200539588928 17.578191757202 5.368999481201 200 200 200
13.200539588928 17.578191757202 5.766000747681 200 200 200
13.200539588928 17.578191757202 5.846000671387 201 201 201
13.200539588928 17.578191757202 5.927999496460 202 202 202
13.146826744080 17.648387908936 5.288000106812 63 63 63
