27.257064819336 21.440093994141 4.927000045776 209 209 209
27.257064819336 21.440093994141 4.861000061035 227 227 227
27.257064819336 21.440093994141 4.790999889374 127 127 127
27.507040023804 21.436571121216 4.363999843597 248 248 248
27.507040023804 21.436571121216 4.296999931335 241 241 241
27.507040023804 21.436571121216 4.230999946594 221 221 221
27.318677902222 21.376718521118 5.007000446320 32 32 32
27.318677902222 21.376718521118 4.934000015259 226 226 226
27.318677902222 21.376718521118 4.865000247955 228 228 228
27.318677902222 21.376718521118 4.797999858856 225 225 225
27.506158828735 21.374076843262 4.427000045776 246 246 246
27.506158828735 21.374076843262 4.361999988556 255 255 255
27.506158828735 21.374076843262 4.296000003815 255 255 255
27.506158828735 21.374076843262 4.230000019073 240 240 240
27.317798614502 21.314224243164 4.939000129700 144 144 144
27.380292892456 21.313343048096 4.874000072479 233 233 233
27.317798614502 21.314224243164 4.802999973297 224 224 224
27.380292892456 21.313343048096 4.738999843597 230 230 230
27.442785263062 21.312461853027 4.488999843597 205 205 205
27.442785263062 21.312461853027 4.424000263214 249 249 249
27.442785263062 21.312461853027 4.359000205994 255 255 255
27.442785263062 21.312461853027 4.294000148773 253 253 253
27.505279541016 21.311582565308 3.899000167847 88 88 88
27.505279541016 21.311582565308 3.834000110626 110 110 110
27.505279541016 21.311582565308 3.767000198364 120 120 120
27.316036224365 21.189237594604 4.875999927521 210 210 210
27.316036224365 21.189237594604 4.810999870300 233 233 233
27.316036224365 21.189237594604 4.743999958038 229 229 229
27.316036224365 21.189237594604 4.675000190735 222 222 222
27.378530502319 21.188356399536 4.551000118256 56 56 56
27.378530502319 21.188356399536 4.490000247955 255 255 255
27.378530502319 21.188356399536 4.425000190735 255 255 255
27.378530502319 21.188356399536 4.358000278473 251 251 251
27.504398345947 21.249088287354 4.293000221252 120 120 120
27.503517150879 21.186595916748 3.967000007629 102 102 102
27.503517150879 21.186595916748 3.901000022888 117 117 117
27.503517150879 21.186595916748 3.835999965668 119 119 119
27.503517150879 21.186595916748 3.769000053406 103 103 103
27.503517150879 21.186595916748 3.703000068665 117 117 117
27.503517150879 21.186595916748 3.636000156403 95 95 95
27.503517150879 21.186595916748 3.572000026703 55 55 55
27.377649307251 21.125862121582 4.816999912262 229 229 229
27.377649307251 21.125862121582 4.748000144958 231 231 231
27.377649307251 21.125862121582 4.678999900818 233 233 233
27.377649307251 21.125862121582 4.611999988556 220 220 220
27.377649307251 21.125862121582 4.552999973297 255 255 255
27.440141677856 21.124980926514 4.490000247955 255 255 255
27.440141677856 21.124980926514 4.421999931335 255 255 255
27.440141677856 21.124980926514 4.356999874115 226 226 226
27.502637863159 21.124101638794 4.036000251770 76 76 76
27.502637863159 21.124101638794 3.970000267029 102 102 102
27.502637863159 21.124101638794 3.904000282288 153 153 153
27.440141677856 21.124980926514 3.834000110626 90 90 90
27.440141677856 21.124980926514 3.768000125885 96 96 96
27.502637863159 21.124101638794 3.704999923706 129 129 129
27.502637863159 21.124101638794 3.638000011444 127 127 127
27.440141677856 21.124980926514 3.572000026703 75 75 75
27.502637863159 21.124101638794 3.506999969482 137 137 137
27.502637863159 21.124101638794 3.441999912262 99 99 99
27.502637863159 21.124101638794 1.761000156403 186 186 186
27.376770019531 21.063367843628 4.754000186920 225 225 225
27.376770019531 21.063367843628 4.684999942780 232 232 232
27.376770019531 21.063367843628 4.621000289917 242 242 242
27.376770019531 21.063367843628 4.552000045776 231 231 231
27.376770019531 21.063367843628 4.486000061035 255 255 255
27.376770019531 21.063367843628 4.420000076294 255 255 255
27.564250946045 21.060726165771 4.039999961853 26 26 26
27.564250946045 21.060726165771 3.972000122070 89 89 89
27.564250946045 21.060726165771 3.907000064850 106 106 106
27.501756668091 21.061607360840 3.836999893188 117 117 117
27.501756668091 21.061607360840 3.771999835968 161 161 161
27.564250946045 21.060726165771 3.707000255585 124 124 124
27.501756668091 21.061607360840 3.637000083923 179 179 179
27.501756668091 21.061607360840 3.573999881744 152 152 152
27.564250946045 21.060726165771 3.507999897003 101 101 101
27.564250946045 21.060726165771 3.441999912262 103 103 103
27.564250946045 21.060726165771 3.375999927521 100 100 100
27.501756668091 21.061607360840 1.901999950409 167 167 167
27.564250946045 21.060726165771 1.815999984741 176 176 176
27.500875473022 20.999113082886 1.756000041962 187 187 187
27.500875473022 20.999113082886 1.681000232697 159 159 159
27.626745223999 21.059844970703 1.583000183105 190 190 190
27.375007629395 20.938381195068 4.955999851227 151 151 151
27.375007629395 20.938381195068 4.885000228882 157 157 157
27.375007629395 20.938381195068 4.815000057220 161 161 161
27.375007629395 20.938381195068 4.747000217438 164 164 164
27.375007629395 20.938381195068 4.681000232697 173 173 173
27.375007629395 20.938381195068 4.611999988556 172 172 172
27.375007629395 20.938381195068 4.545000076294 172 172 172
27.375007629395 20.938381195068 4.479000091553 173 173 173
27.375007629395 20.938381195068 4.412000179291 175 175 175
27.312513351440 20.939262390137 4.343999862671 169 169 169
27.375007629395 20.938381195068 4.280000209808 171 171 171
27.312513351440 20.939262390137 4.212999820709 171 171 171
27.312513351440 20.939262390137 4.146999835968 171 171 171
27.312513351440 20.939262390137 4.083000183105 175 175 175
27.312513351440 20.939262390137 4.018000125885 175 175 175
27.312513351440 20.939262390137 3.953000068665 174 174 174
27.312513351440 20.939262390137 3.888000011444 177 177 177
27.312513351440 20.939262390137 3.822999954224 162 162 162
27.312513351440 20.939262390137 3.761000156403 187 187 187
27.312513351440 20.939262390137 3.696000099182 188 188 188
27.312513351440 20.939262390137 3.631999969482 180 180 180
27.312513351440 20.939262390137 3.567999839783 184 184 184
27.312513351440 20.939262390137 3.504000186920 189 189 189
27.312513351440 20.939262390137 3.440000057220 184 184 184
27.312513351440 20.939262390137 3.376999855042 193 193 193
27.312513351440 20.939262390137 3.313000202179 185 185 185
27.312513351440 20.939262390137 3.249000072479 180 180 180
27.312513351440 20.939262390137 3.185999870300 178 178 178
27.312513351440 20.939262390137 3.122000217438 183 183 183
27.312513351440 20.939262390137 3.059000015259 176 176 176
27.312513351440 20.939262390137 2.994999885559 173 173 173
27.312513351440 20.939262390137 2.931000232697 170 170 170
27.312513351440 20.939262390137 2.868000030518 164 164 164
27.312513351440 20.939262390137 2.803999900818 164 164 164
27.312513351440 20.939262390137 2.741000175476 161 161 161
27.312513351440 20.939262390137 2.676000118256 160 160 160
27.312513351440 20.939262390137 2.611999988556 159 159 159
27.312513351440 20.939262390137 2.546999931335 160 160 160
27.312513351440 20.939262390137 2.484000205994 162 162 162
27.312513351440 20.939262390137 2.418000221252 161 161 161
27.312513351440 20.939262390137 2.353000164032 162 162 162
27.312513351440 20.939262390137 2.289000034332 162 162 162
27.312513351440 20.939262390137 2.221000194550 162 162 162
27.312513351440 20.939262390137 2.154000282288 166 166 166
27.312513351440 20.939262390137 2.089000225067 160 160 160
27.312513351440 20.939262390137 2.021999835968 162 162 162
27.312513351440 20.939262390137 1.953999996185 164 164 164
27.312513351440 20.939262390137 1.888000011444 164 164 164
27.312513351440 20.939262390137 1.816999912262 166 166 166
27.312513351440 20.939262390137 1.749000072479 167 167 167
27.312513351440 20.939262390137 1.679999828339 168 168 168
27.312513351440 20.939262390137 1.610000133514 163 163 163
27.312513351440 20.939262390137 1.539000034332 165 165 165
27.311634063721 20.876768112183 4.929999828339 178 178 178
27.311634063721 20.876768112183 4.862999916077 178 178 178
27.311634063721 20.876768112183 4.793000221252 172 172 172
27.311634063721 20.876768112183 4.727000236511 179 179 179
27.311634063721 20.876768112183 4.661000251770 180 180 180
27.311634063721 20.876768112183 4.593999862671 176 176 176
27.311634063721 20.876768112183 4.527999877930 176 176 176
27.311634063721 20.876768112183 4.460999965668 176 176 176
27.311634063721 20.876768112183 4.398000240326 177 177 177
27.311634063721 20.876768112183 4.330999851227 176 176 176
27.311634063721 20.876768112183 4.267000198364 176 176 176
27.311634063721 20.876768112183 4.203000068665 175 175 175
27.311634063721 20.876768112183 4.138000011444 174 174 174
27.311634063721 20.876768112183 4.073999881744 173 173 173
27.311634063721 20.876768112183 4.011000156403 171 171 171
27.311634063721 20.876768112183 3.946000099182 168 168 168
27.311634063721 20.876768112183 3.882999897003 174 174 174
27.311634063721 20.876768112183 3.819000244141 171 171 171
27.311634063721 20.876768112183 3.756000041962 176 176 176
27.311634063721 20.876768112183 3.691999912262 169 169 169
27.311634063721 20.876768112183 3.629000186920 169 169 169
27.311634063721 20.876768112183 3.565999984741 169 169 169
27.311634063721 20.876768112183 3.503000259399 169 169 169
27.311634063721 20.876768112183 3.439000129700 168 168 168
27.311634063721 20.876768112183 3.375999927521 168 168 168
27.311634063721 20.876768112183 3.313000202179 166 166 166
27.311634063721 20.876768112183 3.250000000000 163 163 163
27.311634063721 20.876768112183 3.185999870300 163 163 163
27.311634063721 20.876768112183 3.123000144958 160 160 160
27.311634063721 20.876768112183 3.059999942780 158 158 158
27.311634063721 20.876768112183 2.996000289917 157 157 157
27.311634063721 20.876768112183 2.933000087738 155 155 155
27.311634063721 20.876768112183 2.868000030518 158 158 158
27.311634063721 20.876768112183 2.803999900818 153 153 153
27.311634063721 20.876768112183 2.740000247955 149 149 149
27.311634063721 20.876768112183 2.675000190735 144 144 144
27.311634063721 20.876768112183 2.610000133514 144 144 144
27.311634063721 20.876768112183 2.546999931335 133 133 133
27.311634063721 20.876768112183 2.483000278473 130 130 130
27.311634063721 20.876768112183 2.415999889374 129 129 129
27.311634063721 20.876768112183 2.350999832153 128 128 128
27.311634063721 20.876768112183 2.283999919891 125 125 125
27.311634063721 20.876768112183 2.218999862671 116 116 116
27.311634063721 20.876768112183 2.150000095367 127 127 127
27.311634063721 20.876768112183 2.084000110626 125 125 125
27.374128341675 20.875886917114 2.013000011444 177 177 177
27.373247146606 20.813392639160 1.928999900818 163 163 163
27.435739517212 20.812511444092 1.849999904633 188 188 188
27.373247146606 20.813392639160 1.796999931335 179 179 179
27.374128341675 20.875886917114 1.740000247955 112 112 112
27.374128341675 20.875886917114 1.672999858856 104 104 104
27.435739517212 20.812511444092 1.565000057220 207 207 207
27.434858322144 20.750017166138 4.769000053406 226 226 226
27.434858322144 20.750017166138 4.700000286102 228 228 228
27.434858322144 20.750017166138 4.631000041962 230 230 230
27.434858322144 20.750017166138 4.562000274658 232 232 232
27.434858322144 20.750017166138 4.496000289917 235 235 235
27.435739517212 20.812511444092 4.426000118256 231 231 231
27.623222351074 20.809869766235 3.975999832153 94 94 94
27.559846878052 20.748256683350 3.907000064850 191 191 191
27.560728073120 20.810750961304 3.837999820709 78 78 78
27.560728073120 20.810750961304 3.770999908447 87 87 87
27.559846878052 20.748256683350 3.707000255585 162 162 162
27.623222351074 20.809869766235 3.642000198364 102 102 102
27.623222351074 20.809869766235 3.573999881744 88 88 88
27.559846878052 20.748256683350 3.506999969482 148 148 148
27.623222351074 20.809869766235 3.440999984741 49 49 49
27.433979034424 20.687524795532 4.840000152588 205 205 205
27.433979034424 20.687524795532 4.770999908447 225 225 225
27.433979034424 20.687524795532 4.703000068665 225 225 225
27.433979034424 20.687524795532 4.636000156403 225 225 225
27.433979034424 20.687524795532 4.565999984741 231 231 231
27.433979034424 20.687524795532 4.498000144958 233 233 233
27.433979034424 20.687524795532 4.429999828339 236 236 236
27.433979034424 20.687524795532 4.361999988556 222 222 222
27.558967590332 20.685764312744 3.977000236511 98 98 98
27.621461868286 20.684883117676 3.909999847412 112 112 112
27.558967590332 20.685764312744 3.840000152588 193 193 193
27.558967590332 20.685764312744 3.774000167847 163 163 163
27.558967590332 20.685764312744 3.705999851227 182 182 182
27.558967590332 20.685764312744 3.638999938965 175 175 175
27.558967590332 20.685764312744 3.572000026703 75 75 75
27.494710922241 20.561656951904 4.914000034332 55 55 55
27.494710922241 20.561656951904 4.846000194550 229 229 229
27.494710922241 20.561656951904 4.776999950409 224 224 224
27.494710922241 20.561656951904 4.705999851227 223 223 223
27.494710922241 20.561656951904 4.500999927521 231 231 231
27.494710922241 20.561656951904 4.432000160217 235 235 235
27.494710922241 20.561656951904 4.366000175476 238 238 238
27.494710922241 20.561656951904 4.296000003815 212 212 212
27.619699478149 20.559894561768 3.911000251770 81 81 81
27.619699478149 20.559894561768 3.842999935150 105 105 105
27.619699478149 20.559894561768 3.776000022888 95 95 95
27.493831634521 20.499162673950 4.921000003815 218 218 218
27.493831634521 20.499162673950 4.849999904633 222 222 222
27.493831634521 20.499162673950 4.782999992371 226 226 226
27.493831634521 20.499162673950 4.712999820709 151 151 151
27.493831634521 20.499162673950 4.438000202179 242 242 242
27.493831634521 20.499162673950 4.368000030518 234 234 234
27.493831634521 20.499162673950 4.302000045776 241 241 241
27.493831634521 20.499162673950 4.233000278473 168 168 168
27.555444717407 20.435789108276 4.997000217438 201 201 201
27.555444717407 20.435789108276 4.927999973297 221 221 221
27.555444717407 20.435789108276 4.856999874115 229 229 229
27.555444717407 20.435789108276 4.786000251770 216 216 216
27.555444717407 20.435789108276 4.444000244141 31 31 31
27.555444717407 20.435789108276 4.374000072479 240 240 240
27.555444717407 20.435789108276 4.306000232697 237 237 237
27.555444717407 20.435789108276 4.236999988556 232 232 232
27.555444717407 20.435789108276 4.174000263214 26 26 26
27.554563522339 20.373294830322 4.932000160217 156 156 156
27.616176605225 20.309919357300 4.862999916077 221 221 221
27.554563522339 20.373294830322 4.374000072479 174 174 174
27.616176605225 20.309919357300 4.308000087738 229 229 229
27.554563522339 20.373294830322 4.237999916077 68 68 68
27.257946014404 21.502586364746 4.854000091553 196 196 196
27.508800506592 21.561557769775 4.360000133514 80 80 80
27.257064819336 21.440093994141 4.782000064850 132 132 132
27.257064819336 21.440093994141 4.856999874115 206 206 206
27.319559097290 21.439212799072 4.934000015259 209 209 209
27.319559097290 21.439212799072 5.011999607086 186 186 186
27.507921218872 21.499063491821 4.208000183105 64 64 64
27.507921218872 21.499063491821 4.283999919891 176 176 176
27.444545745850 21.437450408936 4.358000278473 196 196 196
27.444545745850 21.437450408936 4.432000160217 33 33 33
27.255304336548 21.315105438232 4.784999847412 203 203 203
27.255304336548 21.315105438232 4.861999988556 202 202 202
27.255304336548 21.315105438232 4.937000274658 202 202 202
27.506158828735 21.374076843262 4.282999992371 178 178 178
27.506158828735 21.374076843262 4.358000278473 180 180 180
27.442785263062 21.312461853027 4.432000160217 176 176 176
27.316917419434 21.251729965210 4.714000225067 195 195 195
27.316917419434 21.251729965210 4.788000106812 204 204 204
27.316917419434 21.251729965210 4.865000247955 204 204 204
27.316917419434 21.251729965210 4.943000316620 132 132 132
27.442785263062 21.312461853027 3.750999927521 76 76 76
27.442785263062 21.312461853027 3.827000141144 96 96 96
27.442785263062 21.312461853027 3.902999877930 89 89 89
27.442785263062 21.312461853027 4.280000209808 98 98 98
27.442785263062 21.312461853027 4.355000019073 182 182 182
27.379411697388 21.250848770142 4.428999900818 179 179 179
27.379411697388 21.250848770142 4.505000114441 171 171 171
27.316036224365 21.189237594604 4.643000125885 113 113 113
27.316036224365 21.189237594604 4.715000152588 205 205 205
27.316036224365 21.189237594604 4.790999889374 205 205 205
27.253541946411 21.190118789673 4.867000102997 199 199 199
27.441022872925 21.187475204468 3.674000263214 40 40 40
27.503517150879 21.186595916748 3.750000000000 88 88 88
27.503517150879 21.186595916748 3.826000213623 90 90 90
27.503517150879 21.186595916748 3.902999877930 105 105 105
27.503517150879 21.186595916748 3.978000164032 87 87 87
27.441022872925 21.187475204468 4.353000164032 159 159 159
27.441022872925 21.187475204468 4.427000045776 186 186 186
27.377649307251 21.125862121582 4.500000000000 185 185 185
27.377649307251 21.125862121582 4.573999881744 166 166 166
27.314275741577 21.064249038696 4.642000198364 201 201 201
27.314275741577 21.064249038696 4.718999862671 203 203 203
27.314275741577 21.064249038696 4.795000076294 206 206 206
27.440141677856 21.124980926514 1.743000030518 168 168 168
27.440141677856 21.124980926514 1.821000099182 175 175 175
27.376770019531 21.063367843628 1.913000106812 185 185 185
27.250900268555 21.002635955811 3.378000259399 60 60 60
27.440141677856 21.124980926514 3.447999954224 33 33 33
27.440141677856 21.124980926514 3.523000240326 118 118 118
27.440141677856 21.124980926514 3.598999977112 44 44 44
27.440141677856 21.124980926514 3.674000263214 144 144 144
27.440141677856 21.124980926514 3.750000000000 108 108 108
27.440141677856 21.124980926514 3.825000286102 78 78 78
27.440141677856 21.124980926514 3.901000022888 77 77 77
27.502637863159 21.124101638794 3.979000091553 84 84 84
27.502637863159 21.124101638794 4.054999828339 55 55 55
27.376770019531 21.063367843628 4.424000263214 187 187 187
27.314275741577 21.064249038696 4.498000144958 194 194 194
27.314275741577 21.064249038696 4.571000099182 200 200 200
27.314275741577 21.064249038696 4.645999908447 208 208 208
27.314275741577 21.064249038696 4.722000122070 208 208 208
27.314275741577 21.064249038696 4.802000045776 181 181 181
27.312513351440 20.939262390137 1.559000015259 157 157 157
27.312513351440 20.939262390137 1.639999866486 167 167 167
27.312513351440 20.939262390137 1.717999935150 173 173 173
27.312513351440 20.939262390137 1.797999858856 162 162 162
27.312513351440 20.939262390137 1.878000259399 171 171 171
27.312513351440 20.939262390137 1.954999923706 171 171 171
27.312513351440 20.939262390137 2.032999992371 179 179 179
27.312513351440 20.939262390137 2.110000133514 178 178 178
27.312513351440 20.939262390137 2.188000202179 179 179 179
27.312513351440 20.939262390137 2.267000198364 172 172 172
27.312513351440 20.939262390137 2.342000007629 178 178 178
27.312513351440 20.939262390137 2.415999889374 180 180 180
27.312513351440 20.939262390137 2.493999958038 180 180 180
27.312513351440 20.939262390137 2.567999839783 181 181 181
27.312513351440 20.939262390137 2.644000053406 177 177 177
27.312513351440 20.939262390137 2.717000007629 181 181 181
27.312513351440 20.939262390137 2.793000221252 182 182 182
27.312513351440 20.939262390137 2.865000247955 180 180 180
27.312513351440 20.939262390137 2.940999984741 178 178 178
27.312513351440 20.939262390137 3.014999866486 178 178 178
27.312513351440 20.939262390137 3.087999820709 183 183 183
27.312513351440 20.939262390137 3.162000179291 184 184 184
27.312513351440 20.939262390137 3.235000133514 188 188 188
27.312513351440 20.939262390137 3.308000087738 183 183 183
27.312513351440 20.939262390137 3.381000041962 183 183 183
27.312513351440 20.939262390137 3.453999996185 185 185 185
27.312513351440 20.939262390137 3.526999950409 189 189 189
27.312513351440 20.939262390137 3.599999904633 190 190 190
27.249139785767 20.877649307251 3.672999858856 194 194 194
27.312513351440 20.939262390137 3.746000289917 189 189 189
27.312513351440 20.939262390137 3.819000244141 187 187 187
27.312513351440 20.939262390137 3.891000270844 186 186 186
27.312513351440 20.939262390137 3.965000152588 185 185 185
27.312513351440 20.939262390137 4.038000106812 182 182 182
27.312513351440 20.939262390137 4.111000061035 184 184 184
27.312513351440 20.939262390137 4.184000015259 183 183 183
27.312513351440 20.939262390137 4.257999897003 183 183 183
27.312513351440 20.939262390137 4.332000255585 183 183 183
27.312513351440 20.939262390137 4.407000064850 180 180 180
27.312513351440 20.939262390137 4.480000019073 178 178 178
27.312513351440 20.939262390137 4.553999900818 176 176 176
27.312513351440 20.939262390137 4.630000114441 178 178 178
27.312513351440 20.939262390137 4.703999996185 172 172 172
27.312513351440 20.939262390137 4.781000137329 177 177 177
27.312513351440 20.939262390137 4.855999946594 174 174 174
27.312513351440 20.939262390137 4.931000232697 170 170 170
27.374128341675 20.875886917114 1.533999919891 156 156 156
27.374128341675 20.875886917114 1.611000061035 161 161 161
27.374128341675 20.875886917114 1.694000244141 164 164 164
27.374128341675 20.875886917114 1.774000167847 160 160 160
27.374128341675 20.875886917114 1.856999874115 162 162 162
27.374128341675 20.875886917114 1.934999942780 160 160 160
27.374128341675 20.875886917114 2.013000011444 170 170 170
27.374128341675 20.875886917114 2.091000080109 165 165 165
27.374128341675 20.875886917114 2.170000076294 170 170 170
27.374128341675 20.875886917114 2.249000072479 164 164 164
27.374128341675 20.875886917114 2.323999881744 170 170 170
27.374128341675 20.875886917114 2.401000022888 166 166 166
27.374128341675 20.875886917114 2.477000236511 172 172 172
27.374128341675 20.875886917114 2.554999828339 167 167 167
27.374128341675 20.875886917114 2.631000041962 169 169 169
27.374128341675 20.875886917114 2.707000255585 167 167 167
27.374128341675 20.875886917114 2.782000064850 170 170 170
27.374128341675 20.875886917114 2.856999874115 173 173 173
27.374128341675 20.875886917114 2.932000160217 173 173 173
27.374128341675 20.875886917114 3.006999969482 173 173 173
27.374128341675 20.875886917114 3.082000255585 171 171 171
27.374128341675 20.875886917114 3.156000137329 175 175 175
27.374128341675 20.875886917114 3.230000019073 177 177 177
27.374128341675 20.875886917114 3.303999900818 178 178 178
27.374128341675 20.875886917114 3.378000259399 182 182 182
27.374128341675 20.875886917114 3.452000141144 181 181 181
27.374128341675 20.875886917114 3.526000022888 182 182 182
27.374128341675 20.875886917114 3.599999904633 190 190 190
27.374128341675 20.875886917114 3.674000263214 196 196 196
27.374128341675 20.875886917114 3.748000144958 190 190 190
27.374128341675 20.875886917114 3.822000026703 187 187 187
27.374128341675 20.875886917114 3.896999835968 184 184 184
27.374128341675 20.875886917114 3.971000194550 180 180 180
27.374128341675 20.875886917114 4.045000076294 180 180 180
27.374128341675 20.875886917114 4.119999885559 180 180 180
27.374128341675 20.875886917114 4.194000244141 180 180 180
27.374128341675 20.875886917114 4.268000125885 177 177 177
27.374128341675 20.875886917114 4.342999935150 175 175 175
27.374128341675 20.875886917114 4.418000221252 173 173 173
27.374128341675 20.875886917114 4.492000102997 169 169 169
27.374128341675 20.875886917114 4.569000244141 169 169 169
27.374128341675 20.875886917114 4.643000125885 164 164 164
27.374128341675 20.875886917114 4.717999935150 165 165 165
27.374128341675 20.875886917114 4.795000076294 161 161 161
27.374128341675 20.875886917114 4.871000289917 165 165 165
27.374128341675 20.875886917114 4.945000171661 160 160 160
27.562488555908 20.935739517212 1.787000179291 173 173 173
27.499114990234 20.874126434326 1.967000007629 59 59 59
27.562488555908 20.935739517212 3.368999958038 93 93 93
27.562488555908 20.935739517212 3.446000099182 78 78 78
27.562488555908 20.935739517212 3.523000240326 77 77 77
27.562488555908 20.935739517212 3.598999977112 84 84 84
27.435739517212 20.812511444092 3.675000190735 148 148 148
27.435739517212 20.812511444092 3.750000000000 150 150 150
27.373247146606 20.813392639160 3.825000286102 167 167 167
27.562488555908 20.935739517212 3.907000064850 88 88 88
27.561609268188 20.873245239258 3.983000278473 95 95 95
27.435739517212 20.812511444092 4.431000232697 177 177 177
27.373247146606 20.813392639160 4.504000186920 213 213 213
27.373247146606 20.813392639160 4.580999851227 213 213 213
27.373247146606 20.813392639160 4.657999992371 208 208 208
27.373247146606 20.813392639160 4.735000133514 206 206 206
27.560728073120 20.810750961304 3.368999958038 22 22 22
27.560728073120 20.810750961304 3.446000099182 79 79 79
27.560728073120 20.810750961304 3.523000240326 105 105 105
27.560728073120 20.810750961304 3.599999904633 78 78 78
27.498233795166 20.811632156372 3.677000045776 159 159 159
27.498233795166 20.811632156372 3.754000186920 87 87 87
27.498233795166 20.811632156372 3.829999923706 71 71 71
27.498233795166 20.811632156372 3.907000064850 158 158 158
27.560728073120 20.810750961304 3.986000061035 102 102 102
27.372365951538 20.750898361206 4.432000160217 206 206 206
27.372365951538 20.750898361206 4.506999969482 204 204 204
27.372365951538 20.750898361206 4.585000038147 202 202 202
27.372365951538 20.750898361206 4.664000034332 213 213 213
27.372365951538 20.750898361206 4.741000175476 211 211 211
27.372365951538 20.750898361206 4.819000244141 191 191 191
27.559846878052 20.748256683350 3.523000240326 74 74 74
27.559846878052 20.748256683350 3.600999832153 111 111 111
27.559846878052 20.748256683350 3.677999973297 94 94 94
27.559846878052 20.748256683350 3.755000114441 83 83 83
27.496473312378 20.686645507813 3.830999851227 66 66 66
27.559846878052 20.748256683350 3.909999847412 180 180 180
27.622341156006 20.747375488281 3.987999916077 93 93 93
27.433979034424 20.687524795532 4.358000278473 201 201 201
27.433979034424 20.687524795532 4.434999942780 206 206 206
27.433979034424 20.687524795532 4.512000083923 211 211 211
27.433979034424 20.687524795532 4.590000152588 90 90 90
27.433979034424 20.687524795532 4.668000221252 203 203 203
27.433979034424 20.687524795532 4.744999885559 208 208 208
27.433979034424 20.687524795532 4.822000026703 208 208 208
27.621461868286 20.684883117676 3.678999900818 92 92 92
27.495592117310 20.624151229858 3.756000041962 182 182 182
27.621461868286 20.684883117676 3.834000110626 122 122 122
27.621461868286 20.684883117676 3.911000251770 101 101 101
27.621461868286 20.684883117676 3.988999843597 81 81 81
27.494710922241 20.561656951904 4.284999847412 110 110 110
27.494710922241 20.561656951904 4.361999988556 212 212 212
27.494710922241 20.561656951904 4.438000202179 208 208 208
27.494710922241 20.561656951904 4.513999938965 201 201 201
27.494710922241 20.561656951904 4.672999858856 156 156 156
27.494710922241 20.561656951904 4.749000072479 210 210 210
27.494710922241 20.561656951904 4.827000141144 208 208 208
27.494710922241 20.561656951904 4.907000064850 196 196 196
27.619699478149 20.559894561768 3.756000041962 47 47 47
27.619699478149 20.559894561768 3.834000110626 82 82 82
27.619699478149 20.559894561768 3.912000179291 69 69 69
27.493831634521 20.499162673950 4.286000251770 205 205 205
27.493831634521 20.499162673950 4.363999843597 204 204 204
27.493831634521 20.499162673950 4.440000057220 208 208 208
27.493831634521 20.499162673950 4.750999927521 206 206 206
27.493831634521 20.499162673950 4.829999923706 206 206 206
27.493831634521 20.499162673950 4.908999919891 207 207 207
27.555444717407 20.435789108276 4.214000225067 182 182 182
27.555444717407 20.435789108276 4.289000034332 211 211 211
27.555444717407 20.435789108276 4.366000175476 212 212 212
27.555444717407 20.435789108276 4.444000244141 192 192 192
27.555444717407 20.435789108276 4.756000041962 49 49 49
27.555444717407 20.435789108276 4.835000038147 209 209 209
27.555444717407 20.435789108276 4.913000106812 206 206 206
27.555444717407 20.435789108276 4.992000102997 203 203 203
27.554563522339 20.373294830322 4.214000225067 123 123 123
27.554563522339 20.373294830322 4.290999889374 207 207 207
27.491188049316 20.311681747437 4.367000102997 205 205 205
27.554563522339 20.373294830322 4.836999893188 203 203 203
27.554563522339 20.373294830322 4.915999889374 207 207 207
27.554563522339 20.373294830322 4.997999668121 80 80 80
27.507921218872 21.499063491821 4.379000186920 176 176 176
27.507921218872 21.499063491821 4.303999900818 190 190 190
27.444545745850 21.437450408936 4.376999855042 207 207 207
27.507040023804 21.436571121216 4.302000045776 207 207 207
27.507040023804 21.436571121216 4.228000164032 205 205 205
27.319559097290 21.439212799072 4.952999591827 195 195 195
27.319559097290 21.439212799072 4.878000259399 169 169 169
27.319559097290 21.439212799072 4.806000232697 156 156 156
27.506158828735 21.374076843262 4.451000213623 196 196 196
27.506158828735 21.374076843262 4.375000000000 208 208 208
27.505279541016 21.311582565308 4.302000045776 208 208 208
27.505279541016 21.311582565308 4.227000236511 108 108 108
27.567773818970 21.310701370239 3.850999832153 51 51 51
27.318677902222 21.376718521118 4.957000255585 155 155 155
27.380292892456 21.313343048096 4.882999897003 176 176 176
27.380292892456 21.313343048096 4.807000160217 169 169 169
27.380292892456 21.313343048096 4.733000278473 110 110 110
27.442785263062 21.312461853027 4.526000022888 63 63 63
27.442785263062 21.312461853027 4.448999881744 213 213 213
27.442785263062 21.312461853027 4.374000072479 211 211 211
27.441904067993 21.249967575073 4.300000190735 199 199 199
27.504398345947 21.249088287354 4.000000000000 70 70 70
27.566892623901 21.248207092285 3.925000190735 80 80 80
27.566892623901 21.248207092285 3.848999977112 84 84 84
27.566892623901 21.248207092285 3.774000167847 77 77 77
27.566892623901 21.248207092285 3.697999954224 95 95 95
27.566892623901 21.248207092285 3.622000217438 61 61 61
27.566011428833 21.185714721680 2.062000274658 129 129 129
27.316036224365 21.189237594604 4.886000156403 166 166 166
27.316036224365 21.189237594604 4.812000274658 174 174 174
27.316036224365 21.189237594604 4.735000133514 171 171 171
27.379411697388 21.250848770142 4.662000179291 68 68 68
27.378530502319 21.188356399536 4.520999908447 202 202 202
27.441022872925 21.187475204468 4.446000099182 201 201 201
27.441022872925 21.187475204468 4.371000289917 202 202 202
27.502637863159 21.124101638794 4.000999927521 73 73 73
27.502637863159 21.124101638794 3.926000118256 85 85 85
27.503517150879 21.186595916748 3.847000122070 69 69 69
27.502637863159 21.124101638794 3.773000240326 94 94 94
27.502637863159 21.124101638794 3.697000026703 28 28 28
27.502637863159 21.124101638794 3.470000267029 67 67 67
27.626745223999 21.059844970703 2.137000083923 158 158 158
27.626745223999 21.059844970703 1.804999828339 204 204 204
27.377649307251 21.125862121582 4.813000202179 172 172 172
27.377649307251 21.125862121582 4.737999916077 171 171 171
27.377649307251 21.125862121582 4.661000251770 166 166 166
27.377649307251 21.125862121582 4.592000007629 164 164 164
27.376770019531 21.063367843628 4.517000198364 202 202 202
27.376770019531 21.063367843628 4.442999839783 204 204 204
27.440141677856 21.124980926514 4.368999958038 159 159 159
27.564250946045 21.060726165771 4.000999927521 68 68 68
27.564250946045 21.060726165771 3.925000190735 82 82 82
27.501756668091 21.061607360840 3.846000194550 55 55 55
27.564250946045 21.060726165771 3.771999835968 126 126 126
27.564250946045 21.060726165771 3.696000099182 122 122 122
27.501756668091 21.061607360840 3.619999885559 140 140 140
27.564250946045 21.060726165771 3.544000148773 90 90 90
27.564250946045 21.060726165771 3.467999935150 75 75 75
27.564250946045 21.060726165771 3.391000270844 67 67 67
27.564250946045 21.060726165771 1.908999919891 212 212 212
27.501756668091 21.061607360840 1.839000225067 163 163 163
27.501756668091 21.061607360840 1.764999866486 163 163 163
27.564250946045 21.060726165771 1.670000076294 165 165 165
27.563369750977 20.998231887817 1.570000171661 172 172 172
27.376770019531 21.063367843628 4.742000102997 171 171 171
27.376770019531 21.063367843628 4.665999889374 170 170 170
27.376770019531 21.063367843628 4.590000152588 167 167 167
27.376770019531 21.063367843628 4.514999866486 177 177 177
27.439262390137 21.062486648560 4.440000057220 179 179 179
27.562488555908 20.935739517212 4.001999855042 139 139 139
27.562488555908 20.935739517212 3.926000118256 78 78 78
27.437500000000 20.937500000000 3.843999862671 115 115 115
27.438381195068 20.999992370605 3.768000125885 132 132 132
27.438381195068 20.999992370605 3.694000244141 126 126 126
27.562488555908 20.935739517212 3.618999958038 85 85 85
27.562488555908 20.935739517212 3.543000221252 64 64 64
27.562488555908 20.935739517212 3.466000080109 91 91 91
27.562488555908 20.935739517212 3.389999866486 66 66 66
27.624982833862 20.934858322144 1.968999862671 197 197 197
27.562488555908 20.935739517212 1.742000102997 195 195 195
27.499994277954 20.936620712280 1.578999996185 164 164 164
27.375007629395 20.938381195068 4.973000049591 144 144 144
27.375007629395 20.938381195068 4.898000240326 160 160 160
27.375007629395 20.938381195068 4.820000171661 163 163 163
27.375007629395 20.938381195068 4.743000030518 165 165 165
27.375007629395 20.938381195068 4.667000293732 169 169 169
27.375007629395 20.938381195068 4.591000080109 168 168 168
27.375007629395 20.938381195068 4.513999938965 168 168 168
27.375007629395 20.938381195068 4.439000129700 171 171 171
27.375007629395 20.938381195068 4.362999916077 164 164 164
27.375007629395 20.938381195068 4.288000106812 167 167 167
27.375007629395 20.938381195068 4.212999820709 168 168 168
27.375007629395 20.938381195068 4.138999938965 172 172 172
27.375007629395 20.938381195068 4.065000057220 169 169 169
27.375007629395 20.938381195068 3.988999843597 167 167 167
27.375007629395 20.938381195068 3.914999961853 169 169 169
27.375007629395 20.938381195068 3.840000152588 160 160 160
27.375007629395 20.938381195068 3.766000270844 165 165 165
27.375007629395 20.938381195068 3.691999912262 172 172 172
27.375007629395 20.938381195068 3.618000030518 192 192 192
27.375007629395 20.938381195068 3.544000148773 170 170 170
27.375007629395 20.938381195068 3.468999862671 169 169 169
27.375007629395 20.938381195068 3.395999908447 137 137 137
27.375007629395 20.938381195068 3.320000171661 167 167 167
27.375007629395 20.938381195068 3.246000289917 166 166 166
27.375007629395 20.938381195068 3.171999931335 162 162 162
27.375007629395 20.938381195068 3.098000049591 165 165 165
27.375007629395 20.938381195068 3.023000240326 161 161 161
27.375007629395 20.938381195068 2.947000026703 165 165 165
27.375007629395 20.938381195068 2.873000144958 158 158 158
27.375007629395 20.938381195068 2.797999858856 158 158 158
27.375007629395 20.938381195068 2.722000122070 155 155 155
27.375007629395 20.938381195068 2.646999835968 154 154 154
27.375007629395 20.938381195068 2.571000099182 158 158 158
27.375007629395 20.938381195068 2.493000030518 153 153 153
27.375007629395 20.938381195068 2.417000293732 154 154 154
27.375007629395 20.938381195068 2.341000080109 154 154 154
27.375007629395 20.938381195068 2.266000270844 154 154 154
27.375007629395 20.938381195068 2.188000202179 155 155 155
27.375007629395 20.938381195068 2.109000205994 151 151 151
27.375007629395 20.938381195068 2.030000209808 146 146 146
27.375007629395 20.938381195068 1.953999996185 142 142 142
27.375007629395 20.938381195068 1.875999927521 141 141 141
27.375007629395 20.938381195068 1.792000293732 147 147 147
27.375007629395 20.938381195068 1.710999965668 147 147 147
27.375007629395 20.938381195068 1.636000156403 137 137 137
27.375007629395 20.938381195068 1.552000045776 146 146 146
27.312513351440 20.939262390137 4.945000171661 184 184 184
27.312513351440 20.939262390137 4.868999958038 189 189 189
27.312513351440 20.939262390137 4.794000148773 190 190 190
27.312513351440 20.939262390137 4.720000267029 195 195 195
27.312513351440 20.939262390137 4.644000053406 194 194 194
27.312513351440 20.939262390137 4.569000244141 197 197 197
27.312513351440 20.939262390137 4.494999885559 198 198 198
27.312513351440 20.939262390137 4.421000003815 199 199 199
27.312513351440 20.939262390137 4.348999977112 201 201 201
27.312513351440 20.939262390137 4.274000167847 201 201 201
27.312513351440 20.939262390137 4.201000213623 202 202 202
27.312513351440 20.939262390137 4.128000259399 208 208 208
27.312513351440 20.939262390137 4.053999900818 213 213 213
27.312513351440 20.939262390137 3.980999946594 217 217 217
27.312513351440 20.939262390137 3.907999992371 217 217 217
27.312513351440 20.939262390137 3.835999965668 222 222 222
27.312513351440 20.939262390137 3.763000011444 231 231 231
27.312513351440 20.939262390137 3.690000057220 252 252 252
27.312513351440 20.939262390137 3.617000102997 255 255 255
27.312513351440 20.939262390137 3.544000148773 254 254 254
27.312513351440 20.939262390137 3.472000122070 228 228 228
27.312513351440 20.939262390137 3.399000167847 221 221 221
27.312513351440 20.939262390137 3.326000213623 223 223 223
27.312513351440 20.939262390137 3.254000186920 213 213 213
27.312513351440 20.939262390137 3.179999828339 214 214 214
27.312513351440 20.939262390137 3.106999874115 209 209 209
27.312513351440 20.939262390137 3.033999919891 207 207 207
27.312513351440 20.939262390137 2.960999965668 202 202 202
27.312513351440 20.939262390137 2.887000083923 200 200 200
27.312513351440 20.939262390137 2.813000202179 194 194 194
27.312513351440 20.939262390137 2.740000247955 193 193 193
27.312513351440 20.939262390137 2.664000034332 189 189 189
27.312513351440 20.939262390137 2.590000152588 189 189 189
27.312513351440 20.939262390137 2.514999866486 191 191 191
27.312513351440 20.939262390137 2.440000057220 186 186 186
27.312513351440 20.939262390137 2.365000247955 183 183 183
27.312513351440 20.939262390137 2.289000034332 185 185 185
27.312513351440 20.939262390137 2.211999893188 183 183 183
27.312513351440 20.939262390137 2.136000156403 178 178 178
27.312513351440 20.939262390137 2.059000015259 179 179 179
27.312513351440 20.939262390137 1.979000091553 177 177 177
27.312513351440 20.939262390137 1.902999877930 175 175 175
27.312513351440 20.939262390137 1.822999954224 172 172 172
27.312513351440 20.939262390137 1.746000289917 173 173 173
27.312513351440 20.939262390137 1.667000293732 170 170 170
27.312513351440 20.939262390137 1.585999965668 167 167 167
27.497352600098 20.749137878418 4.835000038147 97 97 97
27.497352600098 20.749137878418 4.757999897003 166 166 166
27.497352600098 20.749137878418 4.681000232697 167 167 167
27.433979034424 20.687524795532 4.602000236511 155 155 155
27.497352600098 20.749137878418 4.526999950409 168 168 168
27.433979034424 20.687524795532 4.448999881744 167 167 167
27.497352600098 20.749137878418 4.373000144958 122 122 122
27.620580673218 20.622388839722 3.927999973297 85 85 85
27.621461868286 20.684883117676 3.849999904633 128 128 128
27.621461868286 20.684883117676 3.773000240326 157 157 157
27.621461868286 20.684883117676 3.696000099182 168 168 168
27.496473312378 20.686645507813 3.618999958038 129 129 129
27.433097839355 20.625030517578 4.842000007629 165 165 165
27.494710922241 20.561656951904 4.764999866486 165 165 165
27.433097839355 20.625030517578 4.684999942780 160 160 160
27.433097839355 20.625030517578 4.529000282288 162 162 162
27.433097839355 20.625030517578 4.453000068665 169 169 169
27.433097839355 20.625030517578 4.376999855042 168 168 168
27.494710922241 20.561656951904 4.302999973297 57 57 57
27.493831634521 20.499162673950 4.928999900818 156 156 156
27.493831634521 20.499162673950 4.848999977112 166 166 166
27.493831634521 20.499162673950 4.769999980927 167 167 167
27.494710922241 20.561656951904 4.458000183105 168 168 168
27.493831634521 20.499162673950 4.381999969482 167 167 167
27.494710922241 20.561656951904 4.306000232697 169 169 169
27.555444717407 20.435789108276 5.014999866486 93 93 93
27.555444717407 20.435789108276 4.934000015259 167 167 167
27.555444717407 20.435789108276 4.855000019073 165 165 165
27.555444717407 20.435789108276 4.776999950409 132 132 132
27.555444717407 20.435789108276 4.387000083923 169 169 169
27.555444717407 20.435789108276 4.309999942780 167 167 167
27.555444717407 20.435789108276 4.233000278473 163 163 163
27.616176605225 20.309919357300 4.938000202179 89 89 89
27.616176605225 20.309919357300 4.861000061035 158 158 158
27.554563522339 20.373294830322 4.388000011444 41 41 41
27.616176605225 20.309919357300 4.314000129700 154 154 154
27.553682327271 20.310800552368 4.290999889374 22 22 22
27.616176605225 20.309919357300 4.921000003815 154 154 154
27.616176605225 20.309919357300 4.841000080109 167 167 167
27.554563522339 20.373294830322 4.367000102997 102 102 102
27.554563522339 20.373294830322 4.292000293732 167 167 167
27.554563522339 20.373294830322 4.215000152588 158 158 158
27.555444717407 20.435789108276 4.914000034332 166 166 166
27.555444717407 20.435789108276 4.835000038147 165 165 165
27.555444717407 20.435789108276 4.756999969482 163 163 163
27.555444717407 20.435789108276 4.366000175476 170 170 170
27.555444717407 20.435789108276 4.288000106812 167 167 167
27.555444717407 20.435789108276 4.210999965668 161 161 161
27.493831634521 20.499162673950 4.908999919891 97 97 97
27.494710922241 20.561656951904 4.828999996185 168 168 168
27.494710922241 20.561656951904 4.750999927521 167 167 167
27.494710922241 20.561656951904 4.671999931335 136 136 136
27.494710922241 20.561656951904 4.438000202179 170 170 170
27.494710922241 20.561656951904 4.361999988556 169 169 169
27.494710922241 20.561656951904 4.283999919891 167 167 167
27.494710922241 20.561656951904 4.826000213623 158 158 158
27.494710922241 20.561656951904 4.747000217438 168 168 168
27.433097839355 20.625030517578 4.668000221252 167 167 167
27.433097839355 20.625030517578 4.511000156403 155 155 155
27.433097839355 20.625030517578 4.434000015259 172 172 172
27.433097839355 20.625030517578 4.358000278473 168 168 168
27.494710922241 20.561656951904 4.283999919891 67 67 67
27.556325912476 20.498281478882 3.833000183105 28 28 28
27.248258590698 20.815155029297 4.927000045776 71 71 71
27.248258590698 20.815155029297 4.853000164032 71 71 71
27.248258590698 20.815155029297 4.779000282288 73 73 73
27.372365951538 20.750898361206 4.723000049591 157 157 157
27.372365951538 20.750898361206 4.646999835968 155 155 155
27.372365951538 20.750898361206 4.571000099182 155 155 155
27.372365951538 20.750898361206 4.496000289917 158 158 158
27.372365951538 20.750898361206 4.421000003815 158 158 158
27.372365951538 20.750898361206 4.345000267029 148 148 148
27.248258590698 20.815155029297 4.256000041962 63 63 63
27.248258590698 20.815155029297 4.184000015259 68 68 68
27.248258590698 20.815155029297 4.110000133514 72 72 72
27.248258590698 20.815155029297 4.037000179291 67 67 67
27.248258590698 20.815155029297 3.964000225067 64 64 64
27.373247146606 20.813392639160 3.894000053406 103 103 103
27.373247146606 20.813392639160 3.821000099182 114 114 114
27.433979034424 20.687524795532 3.750999927521 183 183 183
27.433979034424 20.687524795532 3.675000190735 177 177 177
27.373247146606 20.813392639160 3.599999904633 130 130 130
27.248258590698 20.815155029297 3.526999950409 62 62 62
27.248258590698 20.815155029297 3.453999996185 62 62 62
27.248258590698 20.815155029297 3.308000087738 68 68 68
27.373247146606 20.813392639160 3.230999946594 119 119 119
27.373247146606 20.813392639160 3.156000137329 150 150 150
27.373247146606 20.813392639160 3.080999851227 148 148 148
27.372365951538 20.750898361206 3.001999855042 160 160 160
27.372365951538 20.750898361206 2.928999900818 188 188 188
27.372365951538 20.750898361206 2.704999923706 134 134 134
27.373247146606 20.813392639160 2.631000041962 134 134 134
27.373247146606 20.813392639160 2.558000087738 129 129 129
27.373247146606 20.813392639160 2.487999916077 85 85 85
27.373247146606 20.813392639160 2.327000141144 131 131 131
27.372365951538 20.750898361206 2.237999916077 200 200 200
27.372365951538 20.750898361206 2.169000148773 132 132 132
27.248258590698 20.815155029297 2.118999958038 43 43 43
27.373247146606 20.813392639160 1.786000251770 68 68 68
27.312513351440 20.939262390137 4.933000087738 180 180 180
27.312513351440 20.939262390137 4.855999946594 187 187 187
27.312513351440 20.939262390137 4.780000209808 188 188 188
27.312513351440 20.939262390137 4.704999923706 192 192 192
27.312513351440 20.939262390137 4.629000186920 193 193 193
27.312513351440 20.939262390137 4.553999900818 194 194 194
27.312513351440 20.939262390137 4.480000019073 199 199 199
27.312513351440 20.939262390137 4.405000209808 196 196 196
27.312513351440 20.939262390137 4.330999851227 197 197 197
27.312513351440 20.939262390137 4.258999824524 207 207 207
27.312513351440 20.939262390137 4.184999942780 208 208 208
27.312513351440 20.939262390137 4.111999988556 208 208 208
27.312513351440 20.939262390137 4.038000106812 211 211 211
27.312513351440 20.939262390137 3.965000152588 212 212 212
27.312513351440 20.939262390137 3.892000198364 220 220 220
27.312513351440 20.939262390137 3.819000244141 222 222 222
27.312513351440 20.939262390137 3.746000289917 232 232 232
27.312513351440 20.939262390137 3.672999858856 246 246 246
27.312513351440 20.939262390137 3.599999904633 255 255 255
27.312513351440 20.939262390137 3.526999950409 255 255 255
27.312513351440 20.939262390137 3.453999996185 232 232 232
27.312513351440 20.939262390137 3.381000041962 219 219 219
27.312513351440 20.939262390137 3.308000087738 218 218 218
27.312513351440 20.939262390137 3.235000133514 216 216 216
27.312513351440 20.939262390137 3.162000179291 207 207 207
27.312513351440 20.939262390137 3.087999820709 207 207 207
27.312513351440 20.939262390137 3.014999866486 207 207 207
27.312513351440 20.939262390137 2.940999984741 200 200 200
27.312513351440 20.939262390137 2.867000102997 196 196 196
27.312513351440 20.939262390137 2.794000148773 199 199 199
27.312513351440 20.939262390137 2.718999862671 196 196 196
27.312513351440 20.939262390137 2.645999908447 191 191 191
27.312513351440 20.939262390137 2.570000171661 193 193 193
27.312513351440 20.939262390137 2.496000289917 194 194 194
27.312513351440 20.939262390137 2.420000076294 186 186 186
27.312513351440 20.939262390137 2.345000267029 185 185 185
27.312513351440 20.939262390137 2.268000125885 188 188 188
27.312513351440 20.939262390137 2.194000244141 182 182 182
27.312513351440 20.939262390137 2.113999843597 184 184 184
27.312513351440 20.939262390137 2.037000179291 183 183 183
27.312513351440 20.939262390137 1.961999893188 178 178 178
27.312513351440 20.939262390137 1.882999897003 177 177 177
27.312513351440 20.939262390137 1.802999973297 177 177 177
27.312513351440 20.939262390137 1.723999977112 176 176 176
27.312513351440 20.939262390137 1.644000053406 173 173 173
27.312513351440 20.939262390137 1.563000202179 170 170 170
27.312513351440 20.939262390137 4.952999591827 53 53 53
27.375007629395 20.938381195068 4.881999969482 156 156 156
27.375007629395 20.938381195068 4.804999828339 156 156 156
27.375007629395 20.938381195068 4.727000236511 162 162 162
27.375007629395 20.938381195068 4.651000022888 166 166 166
27.375007629395 20.938381195068 4.576000213623 171 171 171
27.375007629395 20.938381195068 4.499000072479 169 169 169
27.375007629395 20.938381195068 4.422999858856 166 166 166
27.375007629395 20.938381195068 4.347000122070 169 169 169
27.375007629395 20.938381195068 4.273000240326 167 167 167
27.375007629395 20.938381195068 4.196000099182 167 167 167
27.375007629395 20.938381195068 4.122000217438 170 170 170
27.375007629395 20.938381195068 4.046999931335 170 170 170
27.375007629395 20.938381195068 3.973000049591 168 168 168
27.375007629395 20.938381195068 3.898000240326 170 170 170
27.375007629395 20.938381195068 3.823999881744 165 165 165
27.375007629395 20.938381195068 3.749000072479 172 172 172
27.375007629395 20.938381195068 3.675000190735 172 172 172
27.375007629395 20.938381195068 3.600999832153 198 198 198
27.375007629395 20.938381195068 3.526000022888 182 182 182
27.375007629395 20.938381195068 3.452000141144 176 176 176
27.312513351440 20.939262390137 3.378000259399 139 139 139
27.375007629395 20.938381195068 3.302999973297 170 170 170
27.375007629395 20.938381195068 3.229000091553 171 171 171
27.375007629395 20.938381195068 3.152999877930 171 171 171
27.375007629395 20.938381195068 3.078000068665 172 172 172
27.375007629395 20.938381195068 3.004000186920 175 175 175
27.375007629395 20.938381195068 2.928999900818 172 172 172
27.375007629395 20.938381195068 2.854000091553 171 171 171
27.375007629395 20.938381195068 2.779000282288 169 169 169
27.375007629395 20.938381195068 2.702000141144 170 170 170
27.375007629395 20.938381195068 2.625999927521 167 167 167
27.375007629395 20.938381195068 2.549000263214 168 168 168
27.375007629395 20.938381195068 2.473000049591 166 166 166
27.375007629395 20.938381195068 2.395999908447 164 164 164
27.375007629395 20.938381195068 2.320000171661 167 167 167
27.375007629395 20.938381195068 2.241000175476 164 164 164
27.375007629395 20.938381195068 2.164000034332 162 162 162
27.375007629395 20.938381195068 2.085999965668 163 163 163
27.375007629395 20.938381195068 2.006999969482 160 160 160
27.375007629395 20.938381195068 1.924000263214 158 158 158
27.375007629395 20.938381195068 1.848999977112 157 157 157
27.375007629395 20.938381195068 1.768000125885 156 156 156
27.375007629395 20.938381195068 1.685999870300 154 154 154
27.375007629395 20.938381195068 1.608000278473 150 150 150
27.375888824463 21.000873565674 4.725999832153 167 167 167
27.375888824463 21.000873565674 4.649000167847 170 170 170
27.375888824463 21.000873565674 4.573999881744 168 168 168
27.375888824463 21.000873565674 4.500999927521 172 172 172
27.375888824463 21.000873565674 4.425000190735 175 175 175
27.562488555908 20.935739517212 3.985000133514 144 144 144
27.562488555908 20.935739517212 3.907999992371 86 86 86
27.562488555908 20.935739517212 3.830999851227 85 85 85
27.437500000000 20.937500000000 3.751999855042 144 144 144
27.438381195068 20.999992370605 3.676000118256 132 132 132
27.437500000000 20.937500000000 3.602000236511 104 104 104
27.562488555908 20.935739517212 3.525000095367 62 62 62
27.562488555908 20.935739517212 3.448999881744 127 127 127
27.562488555908 20.935739517212 3.372000217438 70 70 70
27.562488555908 20.935739517212 3.296000003815 30 30 30
27.375888824463 21.000873565674 1.927999973297 180 180 180
27.438381195068 20.999992370605 1.837999820709 173 173 173
27.562488555908 20.935739517212 1.725999832153 190 190 190
27.437500000000 20.937500000000 1.651000022888 138 138 138
27.562488555908 20.935739517212 1.552000045776 161 161 161
27.314275741577 21.064249038696 4.797999858856 155 155 155
27.314275741577 21.064249038696 4.723000049591 175 175 175
27.314275741577 21.064249038696 4.645999908447 171 171 171
27.376770019531 21.063367843628 4.573999881744 131 131 131
27.376770019531 21.063367843628 4.500999927521 203 203 203
27.376770019531 21.063367843628 4.426000118256 202 202 202
27.376770019531 21.063367843628 4.349999904633 191 191 191
27.500875473022 20.999113082886 3.984000205994 75 75 75
27.500875473022 20.999113082886 3.907999992371 84 84 84
27.501756668091 21.061607360840 3.828999996185 65 65 65
27.500875473022 20.999113082886 3.754000186920 111 111 111
27.500875473022 20.999113082886 3.677999973297 127 127 127
27.500875473022 20.999113082886 3.602000236511 154 154 154
27.500875473022 20.999113082886 3.526000022888 106 106 106
27.500875473022 20.999113082886 3.450000286102 77 77 77
27.501756668091 21.061607360840 3.375000000000 68 68 68
27.501756668091 21.061607360840 1.906000137329 168 168 168
27.376770019531 21.063367843628 1.834000110626 164 164 164
27.376770019531 21.063367843628 1.753000259399 174 174 174
27.501756668091 21.061607360840 1.657000064850 168 168 168
27.563369750977 20.998231887817 1.549000263214 173 173 173
27.253541946411 21.190118789673 4.866000175476 93 93 93
27.316036224365 21.189237594604 4.795000076294 174 174 174
27.316036224365 21.189237594604 4.717999935150 168 168 168
27.316036224365 21.189237594604 4.643000125885 149 149 149
27.377649307251 21.125862121582 4.500999927521 201 201 201
27.377649307251 21.125862121582 4.427999973297 207 207 207
27.441022872925 21.187475204468 4.354000091553 209 209 209
27.564250946045 21.060726165771 3.984000205994 86 86 86
27.502637863159 21.124101638794 3.907999992371 72 72 72
27.440141677856 21.124980926514 3.828999996185 62 62 62
27.440141677856 21.124980926514 3.754000186920 78 78 78
27.439262390137 21.062486648560 3.677999973297 83 83 83
27.502637863159 21.124101638794 3.451000213623 93 93 93
27.625864028931 20.997350692749 1.679999828339 163 163 163
27.317798614502 21.314224243164 4.863999843597 173 173 173
27.317798614502 21.314224243164 4.787000179291 169 169 169
27.317798614502 21.314224243164 4.711999893188 164 164 164
27.378530502319 21.188356399536 4.507999897003 37 37 37
27.378530502319 21.188356399536 4.428999900818 214 214 214
27.378530502319 21.188356399536 4.353000164032 210 210 210
27.378530502319 21.188356399536 4.277999877930 199 199 199
27.503517150879 21.186595916748 3.980000019073 77 77 77
27.503517150879 21.186595916748 3.904000282288 75 75 75
27.503517150879 21.186595916748 3.828999996185 91 91 91
27.503517150879 21.186595916748 3.753000259399 78 78 78
27.503517150879 21.186595916748 3.677000045776 89 89 89
27.503517150879 21.186595916748 3.600999832153 63 63 63
27.503517150879 21.186595916748 1.894000053406 180 180 180
27.378530502319 21.188356399536 1.836999893188 164 164 164
27.256183624268 21.377599716187 4.934999942780 178 178 178
27.256183624268 21.377599716187 4.858000278473 173 173 173
27.255304336548 21.315105438232 4.783999919891 168 168 168
27.442785263062 21.312461853027 4.428999900818 195 195 195
27.442785263062 21.312461853027 4.354000091553 208 208 208
27.442785263062 21.312461853027 4.280000209808 207 207 207
27.442785263062 21.312461853027 4.203999996185 80 80 80
27.441904067993 21.249967575073 3.902999877930 59 59 59
27.441904067993 21.249967575073 3.827000141144 80 80 80
27.442785263062 21.312461853027 3.750999927521 75 75 75
27.257064819336 21.440093994141 4.855999946594 150 150 150
27.319559097290 21.439212799072 4.782000064850 86 86 86
27.506158828735 21.374076843262 4.355999946594 213 213 213
27.506158828735 21.374076843262 4.280000209808 207 207 207
27.506158828735 21.374076843262 4.204999923706 197 197 197
27.444545745850 21.437450408936 4.355999946594 195 195 195
27.444545745850 21.437450408936 4.281000137329 217 217 217
27.507040023804 21.436571121216 4.205999851227 203 203 203
27.507921218872 21.499063491821 4.281000137329 84 84 84
27.616176605225 20.309919357300 4.907999992371 164 164 164
27.616176605225 20.309919357300 4.842000007629 228 228 228
27.616176605225 20.309919357300 4.771999835968 83 83 83
27.616176605225 20.309919357300 4.353000164032 162 162 162
27.616176605225 20.309919357300 4.287000179291 238 238 238
27.616176605225 20.309919357300 4.216000080109 189 189 189
27.555444717407 20.435789108276 4.976999759674 157 157 157
27.555444717407 20.435789108276 4.905000209808 225 225 225
27.555444717407 20.435789108276 4.835999965668 227 227 227
27.555444717407 20.435789108276 4.764999866486 222 222 222
27.555444717407 20.435789108276 4.349999904633 232 232 232
27.555444717407 20.435789108276 4.282999992371 234 234 234
27.555444717407 20.435789108276 4.214000225067 230 230 230
27.555444717407 20.435789108276 4.144999980927 116 116 116
27.493831634521 20.499162673950 4.899000167847 216 216 216
27.492950439453 20.436670303345 4.829999923706 227 227 227
27.492950439453 20.436670303345 4.760000228882 230 230 230
27.493831634521 20.499162673950 4.687000274658 190 190 190
27.493831634521 20.499162673950 4.411000251770 228 228 228
27.493831634521 20.499162673950 4.345000267029 233 233 233
27.492950439453 20.436670303345 4.280000209808 236 236 236
27.493831634521 20.499162673950 4.209000110626 203 203 203
27.494710922241 20.561656951904 4.823999881744 220 220 220
27.494710922241 20.561656951904 4.753000259399 218 218 218
27.494710922241 20.561656951904 4.684999942780 225 225 225
27.494710922241 20.561656951904 4.474999904633 222 222 222
27.494710922241 20.561656951904 4.408999919891 233 233 233
27.494710922241 20.561656951904 4.342000007629 231 231 231
27.494710922241 20.561656951904 4.275000095367 231 231 231
27.619699478149 20.559894561768 3.886000156403 55 55 55
27.619699478149 20.559894561768 3.819000244141 103 103 103
27.619699478149 20.559894561768 3.750999927521 89 89 89
27.433097839355 20.625030517578 4.815999984741 197 197 197
27.433097839355 20.625030517578 4.750999927521 230 230 230
27.433097839355 20.625030517578 4.681000232697 231 231 231
27.433097839355 20.625030517578 4.611999988556 227 227 227
27.433097839355 20.625030517578 4.538000106812 165 165 165
27.433097839355 20.625030517578 4.472000122070 241 241 241
27.433097839355 20.625030517578 4.404000282288 233 233 233
27.433097839355 20.625030517578 4.337999820709 231 231 231
27.620580673218 20.622388839722 3.951000213623 98 98 98
27.620580673218 20.622388839722 3.883999824524 103 103 103
27.621461868286 20.684883117676 3.814000129700 171 171 171
27.621461868286 20.684883117676 3.747000217438 196 196 196
27.558086395264 20.623270034790 3.678999900818 184 184 184
27.558086395264 20.623270034790 3.612999916077 178 178 178
27.495592117310 20.624151229858 3.545000076294 112 112 112
27.433979034424 20.687524795532 4.743000030518 222 222 222
27.433979034424 20.687524795532 4.674000263214 226 226 226
27.433979034424 20.687524795532 4.605999946594 229 229 229
27.433979034424 20.687524795532 4.537000179291 233 233 233
27.433979034424 20.687524795532 4.468999862671 232 232 232
27.433979034424 20.687524795532 4.401000022888 233 233 233
27.497352600098 20.749137878418 4.335999965668 57 57 57
27.558967590332 20.685764312744 3.950000286102 90 90 90
27.558967590332 20.685764312744 3.881000041962 168 168 168
27.559846878052 20.748256683350 3.810999870300 78 78 78
27.559846878052 20.748256683350 3.743999958038 83 83 83
27.558967590332 20.685764312744 3.679999828339 139 139 139
27.558967590332 20.685764312744 3.613999843597 101 101 101
27.558967590332 20.685764312744 3.546000003815 91 91 91
27.558967590332 20.685764312744 3.480000019073 132 132 132
27.373247146606 20.813392639160 4.905000209808 88 88 88
27.310752868652 20.814273834229 4.835000038147 89 89 89
27.373247146606 20.813392639160 4.768000125885 92 92 92
27.373247146606 20.813392639160 4.715000152588 144 144 144
27.373247146606 20.813392639160 4.658999919891 214 214 214
27.373247146606 20.813392639160 4.589000225067 209 209 209
27.373247146606 20.813392639160 4.523000240326 210 210 210
27.373247146606 20.813392639160 4.455999851227 213 213 213
27.373247146606 20.813392639160 4.388000011444 191 191 191
27.373247146606 20.813392639160 4.304999828339 88 88 88
27.373247146606 20.813392639160 4.238999843597 85 85 85
27.373247146606 20.813392639160 4.175000190735 83 83 83
27.373247146606 20.813392639160 4.111000061035 81 81 81
27.373247146606 20.813392639160 4.046000003815 88 88 88
27.373247146606 20.813392639160 3.981999874115 87 87 87
27.373247146606 20.813392639160 3.922999858856 123 123 123
27.373247146606 20.813392639160 3.860000133514 122 122 122
27.373247146606 20.813392639160 3.795000076294 139 139 139
27.373247146606 20.813392639160 3.733000278473 178 178 178
27.373247146606 20.813392639160 3.668000221252 175 175 175
27.373247146606 20.813392639160 3.602000236511 150 150 150
27.373247146606 20.813392639160 3.538000106812 113 113 113
27.373247146606 20.813392639160 3.473999977112 118 118 118
27.373247146606 20.813392639160 3.409999847412 116 116 116
27.373247146606 20.813392639160 3.345000267029 114 114 114
27.373247146606 20.813392639160 3.282000064850 66 66 66
27.373247146606 20.813392639160 3.218999862671 63 63 63
27.373247146606 20.813392639160 3.155000209808 59 59 59
27.373247146606 20.813392639160 3.092000007629 65 65 65
27.373247146606 20.813392639160 3.027999877930 56 56 56
27.373247146606 20.813392639160 2.964000225067 63 63 63
27.373247146606 20.813392639160 2.901000022888 59 59 59
27.373247146606 20.813392639160 2.835999965668 61 61 61
27.373247146606 20.813392639160 2.774000167847 53 53 53
27.373247146606 20.813392639160 2.708000183105 59 59 59
27.373247146606 20.813392639160 2.644999980927 51 51 51
27.373247146606 20.813392639160 2.576000213623 43 43 43
27.373247146606 20.813392639160 2.513000011444 42 42 42
27.373247146606 20.813392639160 2.447999954224 40 40 40
27.373247146606 20.813392639160 2.382999897003 32 32 32
27.373247146606 20.813392639160 2.319000244141 33 33 33
27.373247146606 20.813392639160 2.250000000000 27 27 27
27.373247146606 20.813392639160 2.184999942780 27 27 27
27.312513351440 20.939262390137 4.900000095367 175 175 175
27.312513351440 20.939262390137 4.833000183105 176 176 176
27.312513351440 20.939262390137 4.762000083923 180 180 180
27.312513351440 20.939262390137 4.695000171661 180 180 180
27.312513351440 20.939262390137 4.631000041962 180 180 180
27.312513351440 20.939262390137 4.563000202179 182 182 182
27.312513351440 20.939262390137 4.496000289917 181 181 181
27.312513351440 20.939262390137 4.432000160217 184 184 184
27.312513351440 20.939262390137 4.363999843597 187 187 187
27.312513351440 20.939262390137 4.301000118256 182 182 182
27.312513351440 20.939262390137 4.236000061035 187 187 187
27.312513351440 20.939262390137 4.170000076294 188 188 188
27.312513351440 20.939262390137 4.105999946594 187 187 187
27.312513351440 20.939262390137 4.043000221252 191 191 191
27.312513351440 20.939262390137 3.979000091553 192 192 192
27.312513351440 20.939262390137 3.914999961853 194 194 194
27.312513351440 20.939262390137 3.849999904633 199 199 199
27.312513351440 20.939262390137 3.788000106812 198 198 198
27.312513351440 20.939262390137 3.723999977112 201 201 201
27.312513351440 20.939262390137 3.661000251770 203 203 203
27.312513351440 20.939262390137 3.597000122070 210 210 210
27.312513351440 20.939262390137 3.533999919891 206 206 206
27.312513351440 20.939262390137 3.471000194550 214 214 214
27.312513351440 20.939262390137 3.407999992371 219 219 219
27.312513351440 20.939262390137 3.345000267029 227 227 227
27.312513351440 20.939262390137 3.282000064850 216 216 216
27.312513351440 20.939262390137 3.218999862671 213 213 213
27.312513351440 20.939262390137 3.156000137329 205 205 205
27.312513351440 20.939262390137 3.092999935150 205 205 205
27.312513351440 20.939262390137 3.029000282288 206 206 206
27.312513351440 20.939262390137 2.966000080109 201 201 201
27.312513351440 20.939262390137 2.902999877930 205 205 205
27.312513351440 20.939262390137 2.839000225067 202 202 202
27.312513351440 20.939262390137 2.776000022888 201 201 201
27.312513351440 20.939262390137 2.711999893188 200 200 200
27.312513351440 20.939262390137 2.648000240326 201 201 201
27.312513351440 20.939262390137 2.584000110626 194 194 194
27.312513351440 20.939262390137 2.519000053406 194 194 194
27.312513351440 20.939262390137 2.454999923706 192 192 192
27.312513351440 20.939262390137 2.389999866486 191 191 191
27.312513351440 20.939262390137 2.323999881744 195 195 195
27.312513351440 20.939262390137 2.256999969482 194 194 194
27.312513351440 20.939262390137 2.191999912262 190 190 190
27.312513351440 20.939262390137 2.125999927521 191 191 191
27.312513351440 20.939262390137 2.059000015259 191 191 191
27.312513351440 20.939262390137 1.991000175476 188 188 188
27.312513351440 20.939262390137 1.926000118256 188 188 188
27.312513351440 20.939262390137 1.855999946594 186 186 186
27.312513351440 20.939262390137 1.789999961853 183 183 183
27.312513351440 20.939262390137 1.721000194550 184 184 184
27.312513351440 20.939262390137 1.651999950409 188 188 188
27.312513351440 20.939262390137 1.579999923706 184 184 184
27.375007629395 20.938381195068 4.722000122070 183 183 183
27.375007629395 20.938381195068 4.657000064850 232 232 232
27.375007629395 20.938381195068 4.587999820709 226 226 226
27.375007629395 20.938381195068 4.520999908447 225 225 225
27.375007629395 20.938381195068 4.457000255585 237 237 237
27.375007629395 20.938381195068 4.391000270844 196 196 196
27.499994277954 20.936620712280 3.941999912262 92 92 92
27.499994277954 20.936620712280 3.874000072479 160 160 160
27.375007629395 20.938381195068 3.796000003815 167 167 167
27.437500000000 20.937500000000 3.734000205994 175 175 175
27.375007629395 20.938381195068 3.667000293732 167 167 167
27.375007629395 20.938381195068 3.602000236511 167 167 167
27.499994277954 20.936620712280 3.542000293732 99 99 99
27.499994277954 20.936620712280 3.475999832153 135 135 135
27.499994277954 20.936620712280 3.409999847412 104 104 104
27.375007629395 20.938381195068 3.343999862671 108 108 108
27.437500000000 20.937500000000 1.873000144958 188 188 188
27.499994277954 20.936620712280 1.708000183105 195 195 195
27.625864028931 20.997350692749 1.630000114441 117 117 117
27.376770019531 21.063367843628 4.789999961853 14 14 14
27.314275741577 21.064249038696 4.720000267029 226 226 226
27.314275741577 21.064249038696 4.651000022888 229 229 229
27.376770019531 21.063367843628 4.586999893188 239 239 239
27.376770019531 21.063367843628 4.520999908447 255 255 255
27.376770019531 21.063367843628 4.454999923706 255 255 255
27.376770019531 21.063367843628 4.389999866486 255 255 255
27.564250946045 21.060726165771 4.006000041962 59 59 59
27.564250946045 21.060726165771 3.939000129700 97 97 97
27.501756668091 21.061607360840 3.871000289917 95 95 95
27.501756668091 21.061607360840 3.802999973297 94 94 94
27.501756668091 21.061607360840 3.738999843597 111 111 111
27.501756668091 21.061607360840 3.672999858856 163 163 163
27.501756668091 21.061607360840 3.606999874115 131 131 131
27.564250946045 21.060726165771 3.542000293732 95 95 95
27.501756668091 21.061607360840 3.474999904633 113 113 113
27.501756668091 21.061607360840 3.408999919891 92 92 92
27.376770019531 21.063367843628 3.343999862671 62 62 62
27.376770019531 21.063367843628 1.962999820709 164 164 164
27.376770019531 21.063367843628 1.893000125885 191 191 191
27.501756668091 21.061607360840 1.807000160217 162 162 162
27.501756668091 21.061607360840 1.723999977112 182 182 182
27.501756668091 21.061607360840 1.646999835968 189 189 189
27.377649307251 21.125862121582 4.782999992371 233 233 233
27.377649307251 21.125862121582 4.714000225067 231 231 231
27.377649307251 21.125862121582 4.645999908447 227 227 227
27.377649307251 21.125862121582 4.578999996185 166 166 166
27.377649307251 21.125862121582 4.520999908447 244 244 244
27.377649307251 21.125862121582 4.453999996185 255 255 255
27.440141677856 21.124980926514 4.389999866486 255 255 255
27.440141677856 21.124980926514 4.323999881744 255 255 255
27.502637863159 21.124101638794 4.001999855042 60 60 60
27.502637863159 21.124101638794 3.937000274658 99 99 99
27.502637863159 21.124101638794 3.869999885559 106 106 106
27.440141677856 21.124980926514 3.800000190735 81 81 81
27.502637863159 21.124101638794 3.737999916077 120 120 120
27.502637863159 21.124101638794 3.671000003815 95 95 95
27.440141677856 21.124980926514 3.603000164032 70 70 70
27.440141677856 21.124980926514 3.538000106812 75 75 75
27.502637863159 21.124101638794 3.473999977112 95 95 95
27.316036224365 21.189237594604 4.845000267029 227 227 227
27.316036224365 21.189237594604 4.777999877930 229 229 229
27.316036224365 21.189237594604 4.710000038147 233 233 233
27.316036224365 21.189237594604 4.642000198364 216 216 216
27.378530502319 21.188356399536 4.458000183105 251 251 251
27.378530502319 21.188356399536 4.392000198364 254 254 254
27.503517150879 21.186595916748 4.327000141144 255 255 255
27.504398345947 21.249088287354 4.260000228882 212 212 212
27.503517150879 21.186595916748 3.934000015259 115 115 115
27.503517150879 21.186595916748 3.867000102997 105 105 105
27.503517150879 21.186595916748 3.802000045776 113 113 113
27.503517150879 21.186595916748 3.736000061035 103 103 103
27.503517150879 21.186595916748 3.669000148773 121 121 121
27.503517150879 21.186595916748 3.604000091553 95 95 95
27.503517150879 21.186595916748 2.005000114441 109 109 109
27.566011428833 21.185714721680 1.922999858856 160 160 160
27.317798614502 21.314224243164 4.901999950409 189 189 189
27.317798614502 21.314224243164 4.839000225067 232 232 232
27.317798614502 21.314224243164 4.769000053406 223 223 223
27.316917419434 21.251729965210 4.703999996185 225 225 225
27.442785263062 21.312461853027 4.455999851227 135 135 135
27.442785263062 21.312461853027 4.393000125885 255 255 255
27.442785263062 21.312461853027 4.328999996185 255 255 255
27.442785263062 21.312461853027 4.262000083923 255 255 255
27.505279541016 21.311582565308 4.197999954224 57 57 57
27.442785263062 21.312461853027 3.797999858856 85 85 85
27.318677902222 21.376718521118 4.971000194550 75 75 75
27.318677902222 21.376718521118 4.905000209808 236 236 236
27.318677902222 21.376718521118 4.833000183105 225 225 225
27.318677902222 21.376718521118 4.763999938965 224 224 224
27.506158828735 21.374076843262 4.393000125885 231 231 231
27.506158828735 21.374076843262 4.330999851227 255 255 255
27.506158828735 21.374076843262 4.263999938965 255 255 255
27.506158828735 21.374076843262 4.197000026703 241 241 241
27.319559097290 21.439212799072 4.893000125885 197 197 197
27.319559097290 21.439212799072 4.828999996185 225 225 225
27.319559097290 21.439212799072 4.757999897003 109 109 109
27.507040023804 21.436571121216 4.329999923706 243 243 243
27.507040023804 21.436571121216 4.264999866486 244 244 244
27.507040023804 21.436571121216 4.197999954224 187 187 187
27.616176605225 20.309919357300 4.256999969482 202 202 202
27.616176605225 20.309919357300 4.335000038147 206 206 206
27.616176605225 20.309919357300 4.806000232697 202 202 202
27.616176605225 20.309919357300 4.885000228882 203 203 203
27.555444717407 20.435789108276 4.178999900818 202 202 202
27.555444717407 20.435789108276 4.256999969482 209 209 209
27.555444717407 20.435789108276 4.334000110626 214 214 214
27.555444717407 20.435789108276 4.409999847412 93 93 93
27.555444717407 20.435789108276 4.723999977112 21 21 21
27.555444717407 20.435789108276 4.803999900818 206 206 206
27.555444717407 20.435789108276 4.881000041962 207 207 207
27.555444717407 20.435789108276 4.960000514984 204 204 204
27.555444717407 20.435789108276 4.256000041962 210 210 210
27.555444717407 20.435789108276 4.332000255585 204 204 204
27.555444717407 20.435789108276 4.409999847412 205 205 205
27.555444717407 20.435789108276 4.722000122070 202 202 202
27.555444717407 20.435789108276 4.801000118256 207 207 207
27.555444717407 20.435789108276 4.879000186920 206 206 206
27.555444717407 20.435789108276 4.957000255585 70 70 70
27.619699478149 20.559894561768 3.646999835968 54 54 54
27.619699478149 20.559894561768 3.723999977112 91 91 91
27.620580673218 20.622388839722 3.802000045776 107 107 107
27.619699478149 20.559894561768 3.880000114441 105 105 105
27.619699478149 20.559894561768 3.957000255585 51 51 51
27.494710922241 20.561656951904 4.255000114441 193 193 193
27.494710922241 20.561656951904 4.330999851227 210 210 210
27.494710922241 20.561656951904 4.407999992371 212 212 212
27.494710922241 20.561656951904 4.486000061035 187 187 187
27.494710922241 20.561656951904 4.717999935150 210 210 210
27.494710922241 20.561656951904 4.796999931335 207 207 207
27.494710922241 20.561656951904 4.874000072479 205 205 205
27.621461868286 20.684883117676 3.570000171661 178 178 178
27.621461868286 20.684883117676 3.646999835968 165 165 165
27.621461868286 20.684883117676 3.723999977112 130 130 130
27.621461868286 20.684883117676 3.802000045776 170 170 170
27.621461868286 20.684883117676 3.880000114441 103 103 103
27.621461868286 20.684883117676 3.957000255585 86 86 86
27.494710922241 20.561656951904 4.328999996185 206 206 206
27.494710922241 20.561656951904 4.405000209808 205 205 205
27.494710922241 20.561656951904 4.481999874115 205 205 205
27.494710922241 20.561656951904 4.638999938965 203 203 203
27.494710922241 20.561656951904 4.716000080109 209 209 209
27.494710922241 20.561656951904 4.793000221252 208 208 208
27.494710922241 20.561656951904 4.875000000000 63 63 63
27.558967590332 20.685764312744 3.414999961853 63 63 63
27.558967590332 20.685764312744 3.493000030518 135 135 135
27.622341156006 20.747375488281 3.570000171661 82 82 82
27.622341156006 20.747375488281 3.646999835968 94 94 94
27.558967590332 20.685764312744 3.723999977112 88 88 88
27.558967590332 20.685764312744 3.800000190735 73 73 73
27.558967590332 20.685764312744 3.878000259399 174 174 174
27.559846878052 20.748256683350 3.955999851227 90 90 90
27.433979034424 20.687524795532 4.328999996185 165 165 165
27.433979034424 20.687524795532 4.402999877930 210 210 210
27.433979034424 20.687524795532 4.480000019073 209 209 209
27.433979034424 20.687524795532 4.557000160217 195 195 195
27.433979034424 20.687524795532 4.635000228882 209 209 209
27.433979034424 20.687524795532 4.711999893188 210 210 210
27.433979034424 20.687524795532 4.789000034332 204 204 204
27.623222351074 20.809869766235 3.337999820709 90 90 90
27.623222351074 20.809869766235 3.414999961853 83 83 83
27.623222351074 20.809869766235 3.492000102997 84 84 84
27.623222351074 20.809869766235 3.569000244141 76 76 76
27.623222351074 20.809869766235 3.645999908447 129 129 129
27.623222351074 20.809869766235 3.723000049591 93 93 93
27.498233795166 20.811632156372 3.799000263214 82 82 82
27.498233795166 20.811632156372 3.875999927521 137 137 137
27.623222351074 20.809869766235 3.953999996185 153 153 153
27.433979034424 20.687524795532 4.400000095367 203 203 203
27.433979034424 20.687524795532 4.475999832153 206 206 206
27.433979034424 20.687524795532 4.552999973297 205 205 205
27.433979034424 20.687524795532 4.631000041962 207 207 207
27.433979034424 20.687524795532 4.709000110626 209 209 209
27.497352600098 20.749137878418 4.789000034332 74 74 74
27.561609268188 20.873245239258 1.598999977112 189 189 189
27.561609268188 20.873245239258 1.762000083923 171 171 171
27.561609268188 20.873245239258 1.839000225067 184 184 184
27.561609268188 20.873245239258 1.925000190735 34 34 34
27.561609268188 20.873245239258 3.339000225067 96 96 96
27.561609268188 20.873245239258 3.415999889374 83 83 83
27.561609268188 20.873245239258 3.493000030518 83 83 83
27.561609268188 20.873245239258 3.569000244141 87 87 87
27.435739517212 20.812511444092 3.644999980927 177 177 177
27.435739517212 20.812511444092 3.720000267029 124 124 124
27.373247146606 20.813392639160 3.794000148773 159 159 159
27.561609268188 20.873245239258 3.875000000000 93 93 93
27.561609268188 20.873245239258 3.952000141144 87 87 87
27.373247146606 20.813392639160 4.396999835968 117 117 117
27.373247146606 20.813392639160 4.473999977112 214 214 214
27.435739517212 20.812511444092 4.551000118256 210 210 210
27.373247146606 20.813392639160 4.625999927521 205 205 205
27.373247146606 20.813392639160 4.703999996185 205 205 205
27.373247146606 20.813392639160 1.596000194550 154 154 154
27.373247146606 20.813392639160 1.672999858856 158 158 158
27.373247146606 20.813392639160 1.756999969482 158 158 158
27.373247146606 20.813392639160 1.836999893188 160 160 160
27.373247146606 20.813392639160 1.914000034332 159 159 159
27.373247146606 20.813392639160 1.991000175476 164 164 164
27.373247146606 20.813392639160 2.070000171661 160 160 160
27.373247146606 20.813392639160 2.150000095367 164 164 164
27.373247146606 20.813392639160 2.227000236511 162 162 162
27.373247146606 20.813392639160 2.302000045776 166 166 166
27.373247146606 20.813392639160 2.378000259399 167 167 167
27.373247146606 20.813392639160 2.457000255585 167 167 167
27.373247146606 20.813392639160 2.531000137329 167 167 167
27.373247146606 20.813392639160 2.605999946594 168 168 168
27.373247146606 20.813392639160 2.682000160217 167 167 167
27.373247146606 20.813392639160 2.756000041962 175 175 175
27.373247146606 20.813392639160 2.830999851227 173 173 173
27.373247146606 20.813392639160 2.905000209808 174 174 174
27.373247146606 20.813392639160 2.979000091553 171 171 171
27.373247146606 20.813392639160 3.053999900818 172 172 172
27.373247146606 20.813392639160 3.128000259399 175 175 175
27.373247146606 20.813392639160 3.202000141144 175 175 175
27.373247146606 20.813392639160 3.276000022888 178 178 178
27.373247146606 20.813392639160 3.348999977112 176 176 176
27.373247146606 20.813392639160 3.422999858856 178 178 178
27.373247146606 20.813392639160 3.496000289917 177 177 177
27.373247146606 20.813392639160 3.569000244141 186 186 186
27.373247146606 20.813392639160 3.643000125885 186 186 186
27.373247146606 20.813392639160 3.716000080109 184 184 184
27.373247146606 20.813392639160 3.789000034332 183 183 183
27.373247146606 20.813392639160 3.862999916077 182 182 182
27.373247146606 20.813392639160 3.937000274658 182 182 182
27.373247146606 20.813392639160 4.010000228882 185 185 185
27.373247146606 20.813392639160 4.083000183105 184 184 184
27.373247146606 20.813392639160 4.157999992371 180 180 180
27.373247146606 20.813392639160 4.230999946594 181 181 181
27.373247146606 20.813392639160 4.304999828339 184 184 184
27.373247146606 20.813392639160 4.379000186920 183 183 183
27.373247146606 20.813392639160 4.453000068665 185 185 185
27.373247146606 20.813392639160 4.529000282288 182 182 182
27.373247146606 20.813392639160 4.602000236511 181 181 181
27.373247146606 20.813392639160 4.678999900818 183 183 183
27.373247146606 20.813392639160 4.756000041962 182 182 182
27.373247146606 20.813392639160 4.829999923706 183 183 183
27.373247146606 20.813392639160 4.904000282288 181 181 181
27.311634063721 20.876768112183 1.606999874115 162 162 162
27.311634063721 20.876768112183 1.689000129700 167 167 167
27.311634063721 20.876768112183 1.769999980927 165 165 165
27.311634063721 20.876768112183 1.843999862671 165 165 165
27.311634063721 20.876768112183 1.925000190735 170 170 170
27.311634063721 20.876768112183 2.004000186920 166 166 166
27.311634063721 20.876768112183 2.079999923706 172 172 172
27.311634063721 20.876768112183 2.158999919891 169 169 169
27.311634063721 20.876768112183 2.235000133514 169 169 169
27.311634063721 20.876768112183 2.312000274658 170 170 170
27.311634063721 20.876768112183 2.387000083923 172 172 172
27.311634063721 20.876768112183 2.462999820709 172 172 172
27.311634063721 20.876768112183 2.537000179291 169 169 169
27.311634063721 20.876768112183 2.613999843597 164 164 164
27.311634063721 20.876768112183 2.688000202179 168 168 168
27.311634063721 20.876768112183 2.762000083923 165 165 165
27.311634063721 20.876768112183 2.835999965668 169 169 169
27.311634063721 20.876768112183 2.909999847412 167 167 167
27.311634063721 20.876768112183 2.984000205994 163 163 163
27.311634063721 20.876768112183 3.058000087738 164 164 164
27.311634063721 20.876768112183 3.131000041962 165 165 165
27.311634063721 20.876768112183 3.203999996185 170 170 170
27.311634063721 20.876768112183 3.277999877930 164 164 164
27.311634063721 20.876768112183 3.350999832153 162 162 162
27.311634063721 20.876768112183 3.424000263214 164 164 164
27.311634063721 20.876768112183 3.497000217438 167 167 167
27.311634063721 20.876768112183 3.570000171661 167 167 167
27.311634063721 20.876768112183 3.643000125885 168 168 168
27.311634063721 20.876768112183 3.716000080109 166 166 166
27.311634063721 20.876768112183 3.789000034332 164 164 164
27.311634063721 20.876768112183 3.861999988556 157 157 157
27.311634063721 20.876768112183 3.934999942780 156 156 156
27.311634063721 20.876768112183 4.007999897003 157 157 157
27.311634063721 20.876768112183 4.082000255585 160 160 160
27.311634063721 20.876768112183 4.155000209808 149 149 149
27.311634063721 20.876768112183 4.228000164032 148 148 148
27.311634063721 20.876768112183 4.302000045776 147 147 147
27.311634063721 20.876768112183 4.376999855042 150 150 150
27.311634063721 20.876768112183 4.450000286102 148 148 148
27.311634063721 20.876768112183 4.525000095367 146 146 146
27.311634063721 20.876768112183 4.599999904633 146 146 146
27.311634063721 20.876768112183 4.676000118256 150 150 150
27.311634063721 20.876768112183 4.747000217438 132 132 132
27.311634063721 20.876768112183 4.825000286102 132 132 132
27.311634063721 20.876768112183 4.898000240326 127 127 127
27.501756668091 21.061607360840 1.709000110626 171 171 171
27.501756668091 21.061607360840 1.787000179291 181 181 181
27.501756668091 21.061607360840 1.875000000000 209 209 209
27.375888824463 21.000873565674 3.348999977112 69 69 69
27.501756668091 21.061607360840 3.419000148773 22 22 22
27.501756668091 21.061607360840 3.493999958038 98 98 98
27.501756668091 21.061607360840 3.570000171661 57 57 57
27.502637863159 21.124101638794 3.645999908447 154 154 154
27.501756668091 21.061607360840 3.721000194550 102 102 102
27.501756668091 21.061607360840 3.796999931335 78 78 78
27.501756668091 21.061607360840 3.873000144958 87 87 87
27.502637863159 21.124101638794 3.951000213623 86 86 86
27.376770019531 21.063367843628 4.395999908447 188 188 188
27.376770019531 21.063367843628 4.468999862671 195 195 195
27.375888824463 21.000873565674 4.543000221252 198 198 198
27.375888824463 21.000873565674 4.618000030518 207 207 207
27.375888824463 21.000873565674 4.694000244141 208 208 208
27.376770019531 21.063367843628 4.775000095367 162 162 162
27.376770019531 21.063367843628 1.979000091553 79 79 79
27.440141677856 21.124980926514 3.645999908447 44 44 44
27.503517150879 21.186595916748 3.722000122070 88 88 88
27.503517150879 21.186595916748 3.797999858856 90 90 90
27.503517150879 21.186595916748 3.874000072479 97 97 97
27.503517150879 21.186595916748 3.950000286102 88 88 88
27.440141677856 21.124980926514 4.323999881744 172 172 172
27.440141677856 21.124980926514 4.399000167847 183 183 183
27.376770019531 21.063367843628 4.472000122070 185 185 185
27.376770019531 21.063367843628 4.546999931335 144 144 144
27.314275741577 21.064249038696 4.615000247955 203 203 203
27.314275741577 21.064249038696 4.690999984741 202 202 202
27.314275741577 21.064249038696 4.767000198364 202 202 202
27.504398345947 21.249088287354 3.723000049591 99 99 99
27.504398345947 21.249088287354 3.799000263214 89 89 89
27.504398345947 21.249088287354 3.874000072479 86 86 86
27.504398345947 21.249088287354 4.251999855042 104 104 104
27.504398345947 21.249088287354 4.327000141144 181 181 181
27.504398345947 21.249088287354 4.401000022888 184 184 184
27.378530502319 21.188356399536 4.477000236511 177 177 177
27.378530502319 21.188356399536 4.615000247955 158 158 158
27.378530502319 21.188356399536 4.689000129700 207 207 207
27.378530502319 21.188356399536 4.766000270844 207 207 207
27.378530502319 21.188356399536 4.840000152588 197 197 197
27.505279541016 21.311582565308 4.256000041962 175 175 175
27.505279541016 21.311582565308 4.332000255585 174 174 174
27.505279541016 21.311582565308 4.407000064850 179 179 179
27.316036224365 21.189237594604 4.687000274658 201 201 201
27.316036224365 21.189237594604 4.763000011444 200 200 200
27.316036224365 21.189237594604 4.840000152588 204 204 204
27.507040023804 21.436571121216 4.183000087738 139 139 139
27.507040023804 21.436571121216 4.258999824524 184 184 184
27.507040023804 21.436571121216 4.334000110626 192 192 192
27.507040023804 21.436571121216 4.407999992371 67 67 67
27.317798614502 21.314224243164 4.684000015259 94 94 94
27.317798614502 21.314224243164 4.760000228882 204 204 204
27.317798614502 21.314224243164 4.835999965668 203 203 203
27.317798614502 21.314224243164 4.913000106812 200 200 200
27.507921218872 21.499063491821 4.334000110626 143 143 143
27.318677902222 21.376718521118 4.756999969482 196 196 196
27.318677902222 21.376718521118 4.833000183105 204 204 204
27.318677902222 21.376718521118 4.908999919891 213 213 213
27.318677902222 21.376718521118 4.988000392914 121 121 121
27.319559097290 21.439212799072 4.829999923706 203 203 203
27.319559097290 21.439212799072 4.907999992371 161 161 161
