6.578125000000 2.125000000000 60.276000976563 162 162 162
6.562500000000 2.125000000000 60.203002929688 183 183 183
6.546875000000 2.125000000000 59.686004638672 139 139 139
6.593750000000 2.250000000000 60.352020263672 86 86 86
6.578125000000 2.250000000000 60.279022216797 178 178 178
6.593750000000 2.250000000000 60.202026367188 206 206 206
6.578125000000 2.250000000000 60.129028320313 160 160 160
6.578125000000 2.250000000000 59.759002685547 172 172 172
6.562500000000 2.250000000000 59.686004638672 178 178 178
6.578125000000 2.250000000000 59.611999511719 177 177 177
6.578125000000 2.250000000000 59.539001464844 69 69 69
6.578125000000 2.375000000000 60.278015136719 157 157 157
6.578125000000 2.375000000000 60.202026367188 176 176 176
6.578125000000 2.375000000000 60.129028320313 177 177 177
6.578125000000 2.375000000000 60.055999755859 104 104 104
6.562500000000 2.375000000000 59.835998535156 177 177 177
6.562500000000 2.375000000000 59.761016845703 171 171 171
6.562500000000 2.375000000000 59.687011718750 177 177 177
6.578125000000 2.562500000000 60.205017089844 173 173 173
6.578125000000 2.562500000000 60.130004882813 176 176 176
6.578125000000 2.562500000000 60.055999755859 179 179 179
6.562500000000 2.500000000000 59.984008789063 118 118 118
6.562500000000 2.500000000000 59.910003662109 177 177 177
6.562500000000 2.500000000000 59.835021972656 173 173 173
6.562500000000 2.500000000000 59.762023925781 172 172 172
6.593750000000 2.687500000000 60.132019042969 176 176 176
6.578125000000 2.687500000000 60.058013916016 179 179 179
6.578125000000 2.687500000000 59.984008789063 175 175 175
6.578125000000 2.687500000000 59.911010742188 175 175 175
6.578125000000 2.687500000000 59.837005615234 166 166 166
6.656250000000 2.750000000000 60.415008544922 135 135 135
6.656250000000 2.750000000000 60.338012695313 132 132 132
6.656250000000 2.750000000000 60.265014648438 137 137 137
6.656250000000 2.750000000000 60.191009521484 143 143 143
6.656250000000 2.750000000000 60.117004394531 154 154 154
6.656250000000 2.750000000000 60.045013427734 141 141 141
6.640625000000 2.750000000000 59.973022460938 130 130 130
6.640625000000 2.750000000000 59.901000976563 127 127 127
6.640625000000 2.750000000000 59.828002929688 121 121 121
6.640625000000 2.750000000000 59.757019042969 125 125 125
6.625000000000 2.750000000000 59.685028076172 125 125 125
6.625000000000 2.750000000000 59.611999511719 122 122 122
6.625000000000 2.750000000000 59.540008544922 129 129 129
6.609375000000 2.750000000000 59.468017578125 140 140 140
6.609375000000 2.750000000000 59.396026611328 140 140 140
6.609375000000 2.750000000000 59.323028564453 145 145 145
6.609375000000 2.750000000000 59.251007080078 153 153 153
6.609375000000 2.750000000000 59.179016113281 150 150 150
6.609375000000 2.750000000000 59.106018066406 152 152 152
6.578125000000 2.812500000000 59.033020019531 153 153 153
6.578125000000 2.812500000000 58.960998535156 150 150 150
6.578125000000 2.812500000000 58.888000488281 155 155 155
6.578125000000 2.812500000000 58.815002441406 150 150 150
6.578125000000 2.812500000000 58.742004394531 161 161 161
6.578125000000 2.812500000000 58.667999267578 167 167 167
6.578125000000 2.812500000000 58.595001220703 160 160 160
6.578125000000 2.812500000000 58.522003173828 164 164 164
6.578125000000 2.812500000000 58.448028564453 162 162 162
6.562500000000 2.812500000000 58.373016357422 167 167 167
6.562500000000 2.812500000000 58.299011230469 171 171 171
6.578125000000 2.812500000000 58.227020263672 159 159 159
6.562500000000 2.812500000000 58.150024414063 156 156 156
6.562500000000 2.812500000000 58.076019287109 139 139 139
6.562500000000 2.812500000000 57.999023437500 136 136 136
6.562500000000 2.812500000000 57.925018310547 129 129 129
6.562500000000 2.812500000000 57.848022460938 124 124 124
6.562500000000 2.812500000000 57.774017333984 113 113 113
6.562500000000 2.812500000000 57.697021484375 113 113 113
6.562500000000 2.812500000000 57.617004394531 119 119 119
6.562500000000 2.812500000000 57.540008544922 120 120 120
6.468750000000 2.812500000000 57.429016113281 255 255 255
6.562500000000 2.812500000000 57.379028320313 115 115 115
6.562500000000 2.812500000000 57.297027587891 111 111 111
6.546875000000 2.937500000000 60.214019775391 168 168 168
6.546875000000 2.937500000000 60.138000488281 169 169 169
6.546875000000 2.937500000000 60.064025878906 174 174 174
6.562500000000 2.937500000000 59.986999511719 207 207 207
6.562500000000 2.937500000000 59.913024902344 190 190 190
6.562500000000 2.937500000000 59.839019775391 172 172 172
6.687500000000 2.812500000000 58.391998291016 35 35 35
6.687500000000 2.812500000000 58.318023681641 71 71 71
6.687500000000 2.812500000000 58.246002197266 77 77 77
6.687500000000 2.812500000000 58.172027587891 79 79 79
6.656250000000 2.875000000000 58.096008300781 81 81 81
6.687500000000 2.812500000000 58.025024414063 78 78 78
6.656250000000 2.875000000000 57.947021484375 74 74 74
6.671875000000 2.875000000000 57.875000000000 74 74 74
6.656250000000 2.875000000000 57.796020507813 77 77 77
6.656250000000 2.875000000000 57.722015380859 82 82 82
6.656250000000 2.875000000000 57.648010253906 85 85 85
6.656250000000 2.875000000000 57.569000244141 109 109 109
6.640625000000 2.875000000000 57.490020751953 120 120 120
6.625000000000 2.875000000000 57.404022216797 198 198 198
6.640625000000 2.875000000000 57.330017089844 164 164 164
6.656250000000 2.875000000000 57.259002685547 144 144 144
6.640625000000 2.875000000000 57.177001953125 122 122 122
6.656250000000 2.875000000000 57.101013183594 110 110 110
6.656250000000 2.875000000000 57.023010253906 96 96 96
6.562500000000 3.000000000000 60.289001464844 168 168 168
6.546875000000 3.000000000000 60.215026855469 181 181 181
6.562500000000 3.000000000000 60.139007568359 199 199 199
6.562500000000 3.000000000000 59.986999511719 102 102 102
6.562500000000 3.000000000000 59.914001464844 196 196 196
6.562500000000 3.000000000000 59.840026855469 193 193 193
6.562500000000 3.000000000000 59.766998291016 159 159 159
6.546875000000 3.125000000000 60.442016601563 88 88 88
6.546875000000 3.125000000000 60.367004394531 168 168 168
6.546875000000 3.125000000000 60.292022705078 170 170 170
6.546875000000 3.125000000000 60.214019775391 180 180 180
6.546875000000 3.125000000000 59.916015625000 168 168 168
6.546875000000 3.125000000000 59.841003417969 204 204 204
6.546875000000 3.125000000000 59.768005371094 172 172 172
6.562500000000 3.125000000000 59.694000244141 73 73 73
6.546875000000 3.250000000000 60.441009521484 27 27 27
6.546875000000 3.250000000000 60.366027832031 168 168 168
6.531250000000 3.250000000000 60.292022705078 161 161 161
6.546875000000 3.250000000000 59.841003417969 181 181 181
6.546875000000 3.250000000000 59.768005371094 186 186 186
6.546875000000 3.250000000000 59.694000244141 194 194 194
6.546875000000 2.125000000000 59.638000488281 60 60 60
6.546875000000 2.125000000000 59.713012695313 96 96 96
6.562500000000 2.125000000000 60.154998779297 116 116 116
6.546875000000 2.125000000000 60.230010986328 198 198 198
6.546875000000 2.125000000000 60.305023193359 174 174 174
6.546875000000 2.250000000000 59.566009521484 157 157 157
6.546875000000 2.250000000000 59.639007568359 185 185 185
6.546875000000 2.250000000000 59.713012695313 187 187 187
6.546875000000 2.250000000000 59.786010742188 171 171 171
6.546875000000 2.250000000000 60.156005859375 196 196 196
6.562500000000 2.250000000000 60.230010986328 178 178 178
6.562500000000 2.250000000000 60.304016113281 164 164 164
6.531250000000 2.375000000000 59.639007568359 126 126 126
6.546875000000 2.375000000000 59.712005615234 185 185 185
6.531250000000 2.375000000000 59.786010742188 185 185 185
6.546875000000 2.375000000000 59.859008789063 181 181 181
6.546875000000 2.375000000000 60.081024169922 180 180 180
6.562500000000 2.375000000000 60.154022216797 172 172 172
6.546875000000 2.375000000000 60.231018066406 181 181 181
6.546875000000 2.500000000000 59.712005615234 54 54 54
6.531250000000 2.500000000000 59.786010742188 183 183 183
6.546875000000 2.500000000000 59.859008789063 185 185 185
6.531250000000 2.500000000000 59.934020996094 187 187 187
6.546875000000 2.500000000000 60.006011962891 168 168 168
6.546875000000 2.500000000000 60.081024169922 183 183 183
6.546875000000 2.500000000000 60.156005859375 179 179 179
6.656250000000 2.750000000000 59.485015869141 42 42 42
6.640625000000 2.750000000000 59.557006835938 82 82 82
6.656250000000 2.750000000000 59.628021240234 86 86 86
6.656250000000 2.750000000000 59.700012207031 70 70 70
6.656250000000 2.750000000000 59.772003173828 73 73 73
6.593750000000 2.687500000000 59.855010986328 166 166 166
6.625000000000 2.750000000000 59.920013427734 183 183 183
6.578125000000 2.750000000000 59.998016357422 150 150 150
6.609375000000 2.750000000000 60.069000244141 161 161 161
6.625000000000 2.750000000000 60.139007568359 132 132 132
6.656250000000 2.750000000000 60.209014892578 115 115 115
6.640625000000 2.750000000000 60.285003662109 126 126 126
6.640625000000 2.750000000000 60.358001708984 122 122 122
6.656250000000 2.750000000000 60.430023193359 126 126 126
6.609375000000 2.875000000000 57.277008056641 73 73 73
6.625000000000 2.875000000000 57.359008789063 80 80 80
6.625000000000 2.875000000000 57.437011718750 95 95 95
6.640625000000 2.875000000000 57.516021728516 114 114 114
6.625000000000 2.875000000000 57.592010498047 124 124 124
6.625000000000 2.875000000000 57.666015625000 122 122 122
6.625000000000 2.875000000000 57.742004394531 113 113 113
6.625000000000 2.875000000000 57.816009521484 112 112 112
6.625000000000 2.875000000000 57.891998291016 109 109 109
6.609375000000 2.875000000000 57.965026855469 117 117 117
6.609375000000 2.875000000000 58.038024902344 120 120 120
6.609375000000 2.875000000000 58.113006591797 122 122 122
6.625000000000 2.875000000000 58.188018798828 121 121 121
6.625000000000 2.875000000000 58.261016845703 131 131 131
6.609375000000 2.875000000000 58.333007812500 121 121 121
6.593750000000 2.875000000000 58.404022216797 118 118 118
6.593750000000 2.875000000000 58.477020263672 118 118 118
6.593750000000 2.812500000000 58.548004150391 88 88 88
6.593750000000 2.812500000000 58.621002197266 122 122 122
6.578125000000 2.812500000000 58.693023681641 135 135 135
6.593750000000 2.812500000000 58.766021728516 138 138 138
6.562500000000 2.812500000000 58.837005615234 140 140 140
6.578125000000 2.812500000000 58.910003662109 146 146 146
6.578125000000 2.812500000000 58.983001708984 138 138 138
6.562500000000 2.812500000000 59.055023193359 140 140 140
6.562500000000 2.812500000000 59.128021240234 145 145 145
6.562500000000 2.812500000000 59.200012207031 145 145 145
6.562500000000 2.812500000000 59.273010253906 152 152 152
6.562500000000 2.812500000000 59.346008300781 147 147 147
6.562500000000 2.812500000000 59.417999267578 155 155 155
6.562500000000 2.812500000000 59.491027832031 153 153 153
6.562500000000 2.812500000000 59.564025878906 162 162 162
6.562500000000 2.812500000000 59.638000488281 130 130 130
6.562500000000 2.812500000000 59.710998535156 133 133 133
6.562500000000 2.812500000000 59.785003662109 113 113 113
6.562500000000 2.812500000000 59.858001708984 133 133 133
6.562500000000 2.812500000000 59.932006835938 159 159 159
6.562500000000 2.812500000000 60.006011962891 163 163 163
6.546875000000 2.812500000000 60.082000732422 171 171 171
6.562500000000 2.812500000000 60.154022216797 138 138 138
6.562500000000 2.812500000000 60.230010986328 93 93 93
6.562500000000 2.812500000000 60.303009033203 82 82 82
6.546875000000 2.812500000000 60.382019042969 38 38 38
6.531250000000 2.937500000000 57.087005615234 144 144 144
6.500000000000 2.937500000000 57.151000976563 200 200 200
6.546875000000 2.937500000000 57.251007080078 96 96 96
6.546875000000 2.937500000000 57.331024169922 95 95 95
6.531250000000 2.937500000000 57.407012939453 98 98 98
6.531250000000 2.937500000000 57.485015869141 97 97 97
6.531250000000 2.937500000000 57.562011718750 98 98 98
6.531250000000 2.937500000000 57.640014648438 77 77 77
6.531250000000 2.937500000000 57.716003417969 46 46 46
6.531250000000 2.937500000000 59.861022949219 197 197 197
6.531250000000 2.937500000000 59.934020996094 194 194 194
6.531250000000 2.937500000000 60.008026123047 181 181 181
6.531250000000 2.937500000000 60.084014892578 195 195 195
6.531250000000 2.937500000000 60.159027099609 187 187 187
6.531250000000 2.937500000000 60.232025146484 178 178 178
6.531250000000 3.000000000000 59.786010742188 183 183 183
6.546875000000 3.000000000000 59.859008789063 188 188 188
6.531250000000 3.000000000000 59.934020996094 195 195 195
6.531250000000 3.000000000000 60.083007812500 121 121 121
6.531250000000 3.000000000000 60.158020019531 194 194 194
6.531250000000 3.000000000000 60.233001708984 184 184 184
6.531250000000 3.000000000000 60.308013916016 191 191 191
6.546875000000 3.125000000000 59.710998535156 171 171 171
6.531250000000 3.125000000000 59.785003662109 188 188 188
6.531250000000 3.125000000000 59.859008789063 197 197 197
6.515625000000 3.125000000000 59.935028076172 24 24 24
6.500000000000 3.125000000000 60.160003662109 89 89 89
6.515625000000 3.125000000000 60.235015869141 196 196 196
6.515625000000 3.125000000000 60.310028076172 192 192 192
6.515625000000 3.125000000000 60.383026123047 190 190 190
6.515625000000 3.250000000000 59.637023925781 117 117 117
6.515625000000 3.250000000000 59.710998535156 197 197 197
6.515625000000 3.250000000000 59.785003662109 196 196 196
6.531250000000 3.250000000000 59.856018066406 124 124 124
6.500000000000 3.250000000000 60.308013916016 196 196 196
6.515625000000 3.250000000000 60.383026123047 168 168 168
6.531250000000 2.125000000000 59.641021728516 236 236 236
6.546875000000 2.125000000000 59.704010009766 242 242 242
6.562500000000 2.125000000000 60.159027099609 211 211 211
6.562500000000 2.125000000000 60.226013183594 210 210 210
6.562500000000 2.125000000000 60.292022705078 221 221 221
6.562500000000 2.125000000000 60.360015869141 189 189 189
6.562500000000 2.250000000000 59.574005126953 255 255 255
6.546875000000 2.250000000000 59.640014648438 255 255 255
6.562500000000 2.250000000000 59.704010009766 255 255 255
6.546875000000 2.250000000000 59.770019531250 255 255 255
6.562500000000 2.250000000000 60.094024658203 198 198 198
6.562500000000 2.250000000000 60.160003662109 227 227 227
6.578125000000 2.250000000000 60.225006103516 220 220 220
6.562500000000 2.250000000000 60.292999267578 222 222 222
6.546875000000 2.375000000000 59.641021728516 181 181 181
6.546875000000 2.375000000000 59.706024169922 255 255 255
6.546875000000 2.375000000000 59.771026611328 255 255 255
6.546875000000 2.375000000000 59.835998535156 255 255 255
6.546875000000 2.375000000000 59.901000976563 186 186 186
6.562500000000 2.375000000000 60.029998779297 174 174 174
6.562500000000 2.375000000000 60.097015380859 233 233 233
6.562500000000 2.375000000000 60.162017822266 221 221 221
6.562500000000 2.375000000000 60.229003906250 222 222 222
6.546875000000 2.500000000000 59.771026611328 255 255 255
6.546875000000 2.500000000000 59.837005615234 255 255 255
6.546875000000 2.500000000000 59.902008056641 255 255 255
6.546875000000 2.500000000000 59.967010498047 242 242 242
6.546875000000 2.500000000000 60.032012939453 228 228 228
6.562500000000 2.500000000000 60.095001220703 228 228 228
6.546875000000 2.500000000000 60.164001464844 226 226 226
6.578125000000 2.687500000000 59.705017089844 52 52 52
6.578125000000 2.687500000000 59.769012451172 75 75 75
6.546875000000 2.625000000000 59.837005615234 228 228 228
6.546875000000 2.625000000000 59.903015136719 251 251 251
6.562500000000 2.687500000000 59.964019775391 215 215 215
6.578125000000 2.687500000000 60.029022216797 208 208 208
6.562500000000 2.687500000000 60.096008300781 205 205 205
6.578125000000 2.687500000000 60.160003662109 119 119 119
6.578125000000 2.687500000000 60.226013183594 128 128 128
6.578125000000 2.687500000000 60.295013427734 149 149 149
6.578125000000 2.687500000000 60.361022949219 158 158 158
6.578125000000 2.687500000000 60.428009033203 154 154 154
6.562500000000 2.812500000000 57.109008789063 100 100 100
6.562500000000 2.812500000000 57.175018310547 106 106 106
6.562500000000 2.812500000000 57.244018554688 115 115 115
6.562500000000 2.812500000000 57.314025878906 121 121 121
6.562500000000 2.812500000000 57.385009765625 124 124 124
6.562500000000 2.812500000000 57.455017089844 130 130 130
6.562500000000 2.812500000000 57.522003173828 151 151 151
6.562500000000 2.812500000000 57.591003417969 158 158 158
6.562500000000 2.812500000000 57.654998779297 167 167 167
6.562500000000 2.812500000000 57.725006103516 159 159 159
6.562500000000 2.812500000000 57.788024902344 174 174 174
6.562500000000 2.812500000000 57.855010986328 167 167 167
6.578125000000 2.812500000000 57.923004150391 166 166 166
6.578125000000 2.812500000000 57.988006591797 171 171 171
6.578125000000 2.812500000000 58.053009033203 168 168 168
6.578125000000 2.812500000000 58.117004394531 169 169 169
6.562500000000 2.812500000000 58.179016113281 184 184 184
6.562500000000 2.812500000000 58.244018554688 182 182 182
6.562500000000 2.812500000000 58.308013916016 194 194 194
6.562500000000 2.812500000000 58.371002197266 255 255 255
6.562500000000 2.812500000000 58.436004638672 255 255 255
6.562500000000 2.812500000000 58.499023437500 255 255 255
6.562500000000 2.812500000000 58.563018798828 255 255 255
6.562500000000 2.812500000000 58.626007080078 255 255 255
6.562500000000 2.812500000000 58.690002441406 203 203 203
6.562500000000 2.812500000000 58.753021240234 224 224 224
6.562500000000 2.812500000000 58.816009521484 223 223 223
6.562500000000 2.812500000000 58.879028320313 255 255 255
6.562500000000 2.812500000000 58.942016601563 255 255 255
6.562500000000 2.812500000000 59.005004882813 255 255 255
6.562500000000 2.812500000000 59.068023681641 219 219 219
6.593750000000 2.812500000000 59.130004882813 175 175 175
6.609375000000 2.812500000000 59.192016601563 171 171 171
6.593750000000 2.812500000000 59.256011962891 166 166 166
6.578125000000 2.812500000000 59.320007324219 161 161 161
6.562500000000 2.812500000000 59.385009765625 172 172 172
6.562500000000 2.812500000000 59.448028564453 166 166 166
6.562500000000 2.812500000000 59.512023925781 168 168 168
6.562500000000 2.812500000000 59.576019287109 169 169 169
6.562500000000 2.812500000000 59.639007568359 166 166 166
6.562500000000 2.812500000000 59.705017089844 161 161 161
6.562500000000 2.812500000000 59.768005371094 155 155 155
6.562500000000 2.812500000000 59.834014892578 147 147 147
6.562500000000 2.812500000000 59.901000976563 192 192 192
6.562500000000 2.812500000000 59.965026855469 193 193 193
6.562500000000 2.812500000000 60.032012939453 199 199 199
6.546875000000 2.812500000000 60.100006103516 218 218 218
6.546875000000 2.812500000000 60.166015625000 194 194 194
6.546875000000 2.812500000000 60.233001708984 16 16 16
6.546875000000 2.937500000000 57.035003662109 156 156 156
6.531250000000 2.937500000000 57.101013183594 172 172 172
6.531250000000 2.937500000000 57.167999267578 192 192 192
6.546875000000 2.937500000000 57.246002197266 135 135 135
6.531250000000 2.937500000000 57.311004638672 135 135 135
6.562500000000 2.937500000000 57.387023925781 111 111 111
6.546875000000 2.937500000000 57.450012207031 86 86 86
6.531250000000 2.937500000000 59.835998535156 220 220 220
6.531250000000 2.937500000000 59.902008056641 231 231 231
6.531250000000 2.937500000000 59.966003417969 191 191 191
6.531250000000 2.937500000000 60.034027099609 243 243 243
6.531250000000 2.937500000000 60.098999023438 205 205 205
6.531250000000 2.937500000000 60.166015625000 243 243 243
6.531250000000 2.937500000000 60.234008789063 236 236 236
6.531250000000 3.000000000000 59.772003173828 224 224 224
6.546875000000 3.000000000000 59.834014892578 213 213 213
6.546875000000 3.000000000000 59.900024414063 213 213 213
6.531250000000 3.000000000000 59.967010498047 187 187 187
6.546875000000 3.000000000000 60.098022460938 211 211 211
6.531250000000 3.000000000000 60.167999267578 210 210 210
6.531250000000 3.000000000000 60.232025146484 240 240 240
6.515625000000 3.000000000000 60.303009033203 238 238 238
6.531250000000 3.125000000000 59.705017089844 237 237 237
6.531250000000 3.125000000000 59.772003173828 253 253 253
6.531250000000 3.125000000000 59.835021972656 212 212 212
6.531250000000 3.125000000000 59.901000976563 219 219 219
6.500000000000 3.125000000000 60.173004150391 79 79 79
6.515625000000 3.125000000000 60.236022949219 241 241 241
6.531250000000 3.125000000000 60.300018310547 237 237 237
6.531250000000 3.125000000000 60.368011474609 234 234 234
6.531250000000 3.125000000000 60.436004638672 173 173 173
6.531250000000 3.250000000000 59.641021728516 211 211 211
6.531250000000 3.250000000000 59.706024169922 229 229 229
6.531250000000 3.250000000000 59.771026611328 188 188 188
6.531250000000 3.250000000000 59.835021972656 236 236 236
6.515625000000 3.250000000000 60.301025390625 229 229 229
6.515625000000 3.250000000000 60.368011474609 200 200 200
6.515625000000 3.250000000000 60.353027343750 160 160 160
6.515625000000 3.250000000000 60.276000976563 173 173 173
6.531250000000 3.250000000000 59.825012207031 175 175 175
6.531250000000 3.250000000000 59.751007080078 186 186 186
6.531250000000 3.250000000000 59.678009033203 207 207 207
6.531250000000 3.125000000000 60.350006103516 168 168 168
6.515625000000 3.125000000000 60.275024414063 168 168 168
6.531250000000 3.125000000000 60.198028564453 192 192 192
6.546875000000 3.062500000000 59.898010253906 171 171 171
6.546875000000 3.062500000000 59.824005126953 192 192 192
6.546875000000 3.062500000000 59.749023437500 190 190 190
6.515625000000 3.125000000000 59.678009033203 31 31 31
6.531250000000 2.937500000000 60.273010253906 162 162 162
6.546875000000 2.937500000000 60.197021484375 171 171 171
6.546875000000 2.937500000000 60.121002197266 196 196 196
6.546875000000 2.937500000000 60.046020507813 133 133 133
6.546875000000 2.937500000000 59.971008300781 170 170 170
6.546875000000 2.937500000000 59.895019531250 195 195 195
6.562500000000 2.937500000000 59.821014404297 195 195 195
6.546875000000 2.937500000000 59.748016357422 67 67 67
6.546875000000 2.875000000000 60.190002441406 99 99 99
6.593750000000 2.812500000000 60.108001708984 172 172 172
6.562500000000 2.875000000000 60.037017822266 169 169 169
6.593750000000 2.812500000000 59.960998535156 172 172 172
6.593750000000 2.812500000000 59.888000488281 196 196 196
6.625000000000 2.812500000000 59.810028076172 119 119 119
6.640625000000 2.812500000000 59.734008789063 85 85 85
6.640625000000 2.812500000000 59.661010742188 87 87 87
6.640625000000 2.812500000000 59.589019775391 81 81 81
6.640625000000 2.812500000000 59.516998291016 88 88 88
6.671875000000 2.750000000000 59.445007324219 108 108 108
6.671875000000 2.750000000000 59.373016357422 124 124 124
6.671875000000 2.750000000000 59.301025390625 143 143 143
6.671875000000 2.750000000000 59.230010986328 145 145 145
6.640625000000 2.812500000000 59.158020019531 136 136 136
6.656250000000 2.750000000000 59.087005615234 121 121 121
6.625000000000 2.812500000000 59.015014648438 117 117 117
6.640625000000 2.812500000000 58.943023681641 119 119 119
6.625000000000 2.812500000000 58.871002197266 120 120 120
6.625000000000 2.812500000000 58.799011230469 132 132 132
6.640625000000 2.812500000000 58.728027343750 121 121 121
6.625000000000 2.812500000000 58.654022216797 130 130 130
6.625000000000 2.812500000000 58.582000732422 140 140 140
6.625000000000 2.812500000000 58.510009765625 135 135 135
6.625000000000 2.812500000000 58.435028076172 126 126 126
6.625000000000 2.812500000000 58.361999511719 117 117 117
6.609375000000 2.812500000000 58.287017822266 115 115 115
6.593750000000 2.812500000000 58.212005615234 116 116 116
6.593750000000 2.812500000000 58.136016845703 124 124 124
6.593750000000 2.812500000000 58.061004638672 131 131 131
6.578125000000 2.812500000000 57.984008789063 140 140 140
6.593750000000 2.812500000000 57.911010742188 139 139 139
6.578125000000 2.812500000000 57.831024169922 139 139 139
6.578125000000 2.812500000000 57.755004882813 141 141 141
6.578125000000 2.812500000000 57.679016113281 145 145 145
6.562500000000 2.812500000000 57.600006103516 137 137 137
6.562500000000 2.812500000000 57.523010253906 139 139 139
6.562500000000 2.812500000000 57.444000244141 141 141 141
6.546875000000 2.875000000000 57.364013671875 141 141 141
6.562500000000 2.812500000000 57.287017822266 142 142 142
6.546875000000 2.875000000000 57.206024169922 146 146 146
6.546875000000 2.875000000000 57.124023437500 150 150 150
6.578125000000 2.812500000000 57.050018310547 150 150 150
6.593750000000 2.687500000000 60.411010742188 125 125 125
6.593750000000 2.687500000000 60.335998535156 140 140 140
6.593750000000 2.687500000000 60.259002685547 127 127 127
6.593750000000 2.687500000000 60.185028076172 121 121 121
6.562500000000 2.750000000000 60.113006591797 164 164 164
6.578125000000 2.687500000000 60.037017822266 164 164 164
6.562500000000 2.750000000000 59.964019775391 168 168 168
6.546875000000 2.750000000000 59.891021728516 163 163 163
6.562500000000 2.750000000000 59.816009521484 121 121 121
6.593750000000 2.687500000000 59.741027832031 91 91 91
6.593750000000 2.687500000000 59.667022705078 92 92 92
6.562500000000 2.750000000000 59.595001220703 53 53 53
6.562500000000 2.500000000000 60.184020996094 144 144 144
6.562500000000 2.500000000000 60.110015869141 178 178 178
6.562500000000 2.500000000000 60.036010742188 177 177 177
6.546875000000 2.500000000000 59.963012695313 167 167 167
6.562500000000 2.500000000000 59.888000488281 173 173 173
6.546875000000 2.500000000000 59.815002441406 176 176 176
6.546875000000 2.500000000000 59.741027832031 164 164 164
6.578125000000 2.375000000000 60.257019042969 91 91 91
6.562500000000 2.375000000000 60.184020996094 176 176 176
6.562500000000 2.375000000000 60.108001708984 177 177 177
6.546875000000 2.375000000000 60.037017822266 153 153 153
6.546875000000 2.375000000000 59.889007568359 16 16 16
6.562500000000 2.375000000000 59.813018798828 172 172 172
6.546875000000 2.375000000000 59.740020751953 173 173 173
6.546875000000 2.375000000000 59.666015625000 175 175 175
6.578125000000 2.250000000000 60.332000732422 41 41 41
6.562500000000 2.250000000000 60.259002685547 174 174 174
6.562500000000 2.250000000000 60.183013916016 206 206 206
6.562500000000 2.250000000000 60.108001708984 170 170 170
6.546875000000 2.250000000000 59.740020751953 171 171 171
6.546875000000 2.250000000000 59.667022705078 177 177 177
6.546875000000 2.250000000000 59.592010498047 175 175 175
6.546875000000 2.250000000000 59.519012451172 106 106 106
6.578125000000 2.062500000000 60.257019042969 113 113 113
6.546875000000 2.125000000000 60.184020996094 173 173 173
6.515625000000 2.125000000000 59.667022705078 33 33 33
6.531250000000 3.250000000000 59.696014404297 211 211 211
6.531250000000 3.250000000000 59.761016845703 226 226 226
6.531250000000 3.250000000000 60.291015625000 168 168 168
6.531250000000 3.125000000000 59.633026123047 135 135 135
6.531250000000 3.125000000000 59.698028564453 227 227 227
6.531250000000 3.125000000000 59.762023925781 234 234 234
6.531250000000 3.125000000000 59.827026367188 216 216 216
6.500000000000 3.125000000000 60.165008544922 52 52 52
6.531250000000 3.125000000000 60.223999023438 228 228 228
6.515625000000 3.125000000000 60.292999267578 229 229 229
6.531250000000 3.125000000000 60.360015869141 230 230 230
6.515625000000 3.125000000000 60.430999755859 170 170 170
6.531250000000 3.000000000000 59.699005126953 123 123 123
6.546875000000 3.000000000000 59.761016845703 204 204 204
6.546875000000 3.000000000000 59.826019287109 233 233 233
6.546875000000 3.000000000000 59.891998291016 223 223 223
6.531250000000 3.000000000000 60.091003417969 229 229 229
6.531250000000 3.000000000000 60.159027099609 212 212 212
6.531250000000 3.000000000000 60.223999023438 236 236 236
6.531250000000 3.000000000000 60.294006347656 228 228 228
6.515625000000 2.937500000000 57.082000732422 217 217 217
6.531250000000 2.937500000000 57.162017822266 117 117 117
6.546875000000 2.937500000000 57.236022949219 70 70 70
6.546875000000 2.937500000000 57.307006835938 19 19 19
6.531250000000 2.937500000000 59.762023925781 86 86 86
6.531250000000 2.937500000000 59.825012207031 207 207 207
6.531250000000 2.937500000000 59.891998291016 227 227 227
6.531250000000 2.937500000000 59.957000732422 211 211 211
6.531250000000 2.937500000000 60.025024414063 243 243 243
6.531250000000 2.937500000000 60.091003417969 233 233 233
6.531250000000 2.937500000000 60.158020019531 247 247 247
6.531250000000 2.937500000000 60.222015380859 188 188 188
6.562500000000 2.812500000000 57.233001708984 45 45 45
6.562500000000 2.812500000000 57.301025390625 68 68 68
6.562500000000 2.812500000000 57.376007080078 80 80 80
6.562500000000 2.812500000000 57.442016601563 101 101 101
6.562500000000 2.812500000000 57.508026123047 102 102 102
6.562500000000 2.812500000000 57.576019287109 101 101 101
6.562500000000 2.812500000000 57.644012451172 117 117 117
6.562500000000 2.812500000000 57.710021972656 120 120 120
6.562500000000 2.812500000000 57.774017333984 143 143 143
6.562500000000 2.812500000000 57.840026855469 148 148 148
6.562500000000 2.812500000000 57.908020019531 159 159 159
6.562500000000 2.812500000000 57.972015380859 169 169 169
6.562500000000 2.812500000000 58.036010742188 165 165 165
6.562500000000 2.812500000000 58.102020263672 174 174 174
6.562500000000 2.812500000000 58.166015625000 165 165 165
6.562500000000 2.812500000000 58.232025146484 170 170 170
6.578125000000 2.750000000000 58.296020507813 177 177 177
6.578125000000 2.750000000000 58.361022949219 183 183 183
6.578125000000 2.750000000000 58.424011230469 187 187 187
6.578125000000 2.750000000000 58.486999511719 217 217 217
6.562500000000 2.812500000000 58.550018310547 251 251 251
6.562500000000 2.812500000000 58.613006591797 255 255 255
6.578125000000 2.750000000000 58.677001953125 195 195 195
6.578125000000 2.750000000000 58.740020751953 195 195 195
6.578125000000 2.750000000000 58.803009033203 223 223 223
6.578125000000 2.750000000000 58.866027832031 255 255 255
6.578125000000 2.750000000000 58.930023193359 255 255 255
6.578125000000 2.750000000000 58.993011474609 255 255 255
6.578125000000 2.750000000000 59.055999755859 218 218 218
6.578125000000 2.750000000000 59.119018554688 202 202 202
6.656250000000 2.750000000000 59.178009033203 108 108 108
6.640625000000 2.750000000000 59.241027832031 94 94 94
6.625000000000 2.750000000000 59.305023193359 148 148 148
6.609375000000 2.750000000000 59.369018554688 103 103 103
6.609375000000 2.750000000000 59.432006835938 103 103 103
6.593750000000 2.750000000000 59.496002197266 110 110 110
6.593750000000 2.750000000000 59.561004638672 125 125 125
6.609375000000 2.750000000000 59.623016357422 139 139 139
6.609375000000 2.750000000000 59.687011718750 150 150 150
6.625000000000 2.750000000000 59.748016357422 164 164 164
6.625000000000 2.750000000000 59.812011718750 160 160 160
6.656250000000 2.750000000000 59.871002197266 204 204 204
6.578125000000 2.750000000000 59.952026367188 163 163 163
6.578125000000 2.750000000000 60.018005371094 159 159 159
6.609375000000 2.750000000000 60.074005126953 185 185 185
6.562500000000 2.750000000000 60.152008056641 164 164 164
6.578125000000 2.750000000000 60.217010498047 160 160 160
6.578125000000 2.750000000000 60.283020019531 152 152 152
6.578125000000 2.750000000000 60.351013183594 147 147 147
6.578125000000 2.750000000000 60.417999267578 130 130 130
6.546875000000 2.562500000000 59.761016845703 182 182 182
6.546875000000 2.562500000000 59.826019287109 255 255 255
6.546875000000 2.562500000000 59.891021728516 255 255 255
6.562500000000 2.625000000000 59.955017089844 230 230 230
6.562500000000 2.625000000000 60.019012451172 224 224 224
6.562500000000 2.625000000000 60.088012695313 224 224 224
6.546875000000 2.562500000000 60.158020019531 22 22 22
6.546875000000 2.437500000000 59.694000244141 255 255 255
6.546875000000 2.437500000000 59.760009765625 255 255 255
6.546875000000 2.437500000000 59.825012207031 255 255 255
6.531250000000 2.437500000000 59.890014648438 254 254 254
6.562500000000 2.437500000000 60.018005371094 224 224 224
6.562500000000 2.437500000000 60.083007812500 221 221 221
6.546875000000 2.437500000000 60.152008056641 226 226 226
6.546875000000 2.437500000000 60.218017578125 73 73 73
6.546875000000 2.312500000000 59.564025878906 232 232 232
6.546875000000 2.312500000000 59.629028320313 255 255 255
6.531250000000 2.312500000000 59.694000244141 255 255 255
6.546875000000 2.312500000000 59.759002685547 255 255 255
6.546875000000 2.312500000000 59.822021484375 136 136 136
6.546875000000 2.312500000000 60.084014892578 224 224 224
6.562500000000 2.312500000000 60.149017333984 221 221 221
6.562500000000 2.312500000000 60.215026855469 220 220 220
6.562500000000 2.312500000000 60.281005859375 70 70 70
6.546875000000 2.125000000000 59.565002441406 210 210 210
6.546875000000 2.125000000000 59.629028320313 255 255 255
6.546875000000 2.125000000000 59.693023681641 255 255 255
6.562500000000 2.125000000000 60.150024414063 218 218 218
6.562500000000 2.125000000000 60.215026855469 213 213 213
6.546875000000 2.125000000000 60.285003662109 222 222 222
6.546875000000 2.125000000000 60.352020263672 62 62 62
6.515625000000 3.375000000000 59.751007080078 91 91 91
6.531250000000 3.187500000000 59.677001953125 197 197 197
6.531250000000 3.187500000000 59.750000000000 188 188 188
6.531250000000 3.187500000000 59.824005126953 186 186 186
6.500000000000 3.187500000000 60.202026367188 119 119 119
6.515625000000 3.187500000000 60.275024414063 200 200 200
6.515625000000 3.187500000000 60.350006103516 192 192 192
6.515625000000 3.187500000000 60.426025390625 156 156 156
6.531250000000 3.062500000000 59.750000000000 198 198 198
6.531250000000 3.062500000000 59.823028564453 190 190 190
6.531250000000 3.062500000000 59.897003173828 183 183 183
6.515625000000 3.062500000000 60.123016357422 185 185 185
6.531250000000 3.062500000000 60.198028564453 197 197 197
6.531250000000 3.062500000000 60.272003173828 189 189 189
6.531250000000 3.062500000000 60.346008300781 143 143 143
6.546875000000 2.937500000000 59.751007080078 69 69 69
6.531250000000 2.937500000000 59.826019287109 195 195 195
6.531250000000 2.937500000000 59.899017333984 197 197 197
6.531250000000 2.937500000000 59.973999023438 159 159 159
6.531250000000 2.937500000000 60.050018310547 196 196 196
6.531250000000 2.937500000000 60.125000000000 194 194 194
6.531250000000 2.937500000000 60.199005126953 191 191 191
6.546875000000 2.937500000000 60.270019531250 23 23 23
6.625000000000 2.875000000000 57.084014892578 120 120 120
6.625000000000 2.875000000000 57.164001464844 119 119 119
6.625000000000 2.875000000000 57.239013671875 118 118 118
6.625000000000 2.875000000000 57.317016601563 120 120 120
6.609375000000 2.875000000000 57.391998291016 114 114 114
6.609375000000 2.875000000000 57.470001220703 112 112 112
6.593750000000 2.875000000000 57.544006347656 112 112 112
6.593750000000 2.875000000000 57.620025634766 114 114 114
6.593750000000 2.875000000000 57.695007324219 126 126 126
6.578125000000 2.875000000000 57.769012451172 126 126 126
6.578125000000 2.875000000000 57.843017578125 130 130 130
6.562500000000 2.875000000000 57.917999267578 130 130 130
6.578125000000 2.875000000000 57.995025634766 137 137 137
6.562500000000 2.875000000000 58.066009521484 139 139 139
6.562500000000 2.875000000000 58.140014648438 148 148 148
6.562500000000 2.875000000000 58.215026855469 138 138 138
6.562500000000 2.875000000000 58.289001464844 144 144 144
6.546875000000 2.875000000000 58.361999511719 149 149 149
6.562500000000 2.875000000000 58.437011718750 144 144 144
6.546875000000 2.875000000000 58.509002685547 144 144 144
6.546875000000 2.875000000000 58.582000732422 157 157 157
6.546875000000 2.875000000000 58.656005859375 164 164 164
6.546875000000 2.875000000000 58.729003906250 153 153 153
6.546875000000 2.875000000000 58.802001953125 140 140 140
6.546875000000 2.875000000000 58.875000000000 132 132 132
6.546875000000 2.875000000000 58.948028564453 122 122 122
6.546875000000 2.875000000000 59.021026611328 121 121 121
6.546875000000 2.875000000000 59.094024658203 113 113 113
6.546875000000 2.875000000000 59.166015625000 109 109 109
6.546875000000 2.875000000000 59.239013671875 109 109 109
6.546875000000 2.875000000000 59.312011718750 103 103 103
6.546875000000 2.875000000000 59.385009765625 104 104 104
6.546875000000 2.875000000000 59.458007812500 91 91 91
6.546875000000 2.875000000000 59.531005859375 83 83 83
6.546875000000 2.875000000000 59.605010986328 70 70 70
6.546875000000 2.875000000000 59.677001953125 48 48 48
6.546875000000 2.875000000000 59.825012207031 117 117 117
6.546875000000 2.875000000000 59.900024414063 182 182 182
6.546875000000 2.875000000000 59.973999023438 182 182 182
6.531250000000 2.875000000000 60.049011230469 181 181 181
6.531250000000 2.875000000000 60.125000000000 187 187 187
6.671875000000 2.750000000000 59.026000976563 42 42 42
6.671875000000 2.750000000000 59.097015380859 72 72 72
6.656250000000 2.750000000000 59.169006347656 78 78 78
6.656250000000 2.750000000000 59.240020751953 71 71 71
6.656250000000 2.750000000000 59.312011718750 73 73 73
6.640625000000 2.750000000000 59.384002685547 77 77 77
6.640625000000 2.750000000000 59.455017089844 77 77 77
6.640625000000 2.750000000000 59.528015136719 86 86 86
6.640625000000 2.750000000000 59.600006103516 90 90 90
6.640625000000 2.750000000000 59.671020507813 96 96 96
6.656250000000 2.750000000000 59.743011474609 108 108 108
6.625000000000 2.750000000000 59.818023681641 140 140 140
6.640625000000 2.750000000000 59.888000488281 185 185 185
6.640625000000 2.750000000000 59.960998535156 127 127 127
6.640625000000 2.750000000000 60.033020019531 133 133 133
6.640625000000 2.750000000000 60.108001708984 119 119 119
6.640625000000 2.750000000000 60.180999755859 116 116 116
6.640625000000 2.750000000000 60.254028320313 117 117 117
6.625000000000 2.750000000000 60.332000732422 118 118 118
6.640625000000 2.750000000000 60.404022216797 113 113 113
6.531250000000 2.500000000000 59.684020996094 27 27 27
6.531250000000 2.500000000000 59.758026123047 185 185 185
6.531250000000 2.500000000000 59.831024169922 189 189 189
6.531250000000 2.500000000000 59.904998779297 188 188 188
6.546875000000 2.500000000000 59.978027343750 172 172 172
6.562500000000 2.500000000000 60.051025390625 171 171 171
6.546875000000 2.500000000000 60.127014160156 180 180 180
6.531250000000 2.375000000000 59.611999511719 151 151 151
6.546875000000 2.375000000000 59.685028076172 185 185 185
6.546875000000 2.375000000000 59.759002685547 185 185 185
6.546875000000 2.375000000000 59.833007812500 182 182 182
6.562500000000 2.375000000000 60.053009033203 169 169 169
6.546875000000 2.375000000000 60.130004882813 180 180 180
6.546875000000 2.375000000000 60.204010009766 179 179 179
6.546875000000 2.250000000000 59.539001464844 177 177 177
6.546875000000 2.250000000000 59.613006591797 186 186 186
6.531250000000 2.250000000000 59.687011718750 189 189 189
6.546875000000 2.250000000000 59.759002685547 78 78 78
6.546875000000 2.250000000000 60.129028320313 196 196 196
6.546875000000 2.250000000000 60.205017089844 181 181 181
6.546875000000 2.250000000000 60.279022216797 178 178 178
6.546875000000 2.125000000000 60.205017089844 144 144 144
18.265625000000 10.125000000000 60.434020996094 74 74 74
18.265625000000 10.125000000000 60.348999023438 182 182 182
18.250000000000 10.125000000000 59.843017578125 206 206 206
18.250000000000 10.125000000000 59.760009765625 178 178 178
18.328125000000 10.187500000000 60.445007324219 189 189 189
18.296875000000 10.250000000000 60.357025146484 204 204 204
18.296875000000 10.250000000000 60.270019531250 179 179 179
18.265625000000 10.250000000000 59.930999755859 203 203 203
18.265625000000 10.250000000000 59.847015380859 198 198 198
18.265625000000 10.250000000000 59.764007568359 204 204 204
18.328125000000 10.312500000000 60.364013671875 186 186 186
18.328125000000 10.312500000000 60.277008056641 199 199 199
18.312500000000 10.312500000000 60.191009521484 170 170 170
18.296875000000 10.375000000000 60.020019531250 117 117 117
18.312500000000 10.375000000000 59.936004638672 190 190 190
18.296875000000 10.375000000000 59.852020263672 212 212 212
18.296875000000 10.375000000000 59.768005371094 80 80 80
18.359375000000 10.437500000000 60.371002197266 89 89 89
18.359375000000 10.437500000000 60.284027099609 191 191 191
18.359375000000 10.437500000000 60.198028564453 204 204 204
18.343750000000 10.437500000000 60.111022949219 128 128 128
18.343750000000 10.437500000000 60.025024414063 189 189 189
18.343750000000 10.437500000000 59.941009521484 198 198 198
18.343750000000 10.437500000000 59.858001708984 188 188 188
18.406250000000 10.562500000000 60.291015625000 148 148 148
18.375000000000 10.625000000000 60.204010009766 189 189 189
18.359375000000 10.625000000000 60.114013671875 202 202 202
18.359375000000 10.625000000000 60.029022216797 207 207 207
18.359375000000 10.625000000000 59.944000244141 203 203 203
18.265625000000 10.625000000000 59.191009521484 25 25 25
18.250000000000 10.625000000000 59.109008789063 87 87 87
18.265625000000 10.625000000000 59.027008056641 101 101 101
18.234375000000 10.687500000000 58.946014404297 97 97 97
18.218750000000 10.687500000000 58.865020751953 95 95 95
18.203125000000 10.687500000000 58.784027099609 105 105 105
18.171875000000 10.750000000000 58.705017089844 109 109 109
18.171875000000 10.750000000000 58.625000000000 120 120 120
18.171875000000 10.750000000000 58.542999267578 121 121 121
18.171875000000 10.750000000000 58.460998535156 123 123 123
18.171875000000 10.750000000000 58.380004882813 140 140 140
18.171875000000 10.750000000000 58.300018310547 152 152 152
18.156250000000 10.750000000000 58.221008300781 132 132 132
18.140625000000 10.750000000000 58.141998291016 139 139 139
18.093750000000 10.812500000000 58.064025878906 134 134 134
18.078125000000 10.812500000000 57.986999511719 130 130 130
18.078125000000 10.812500000000 57.906005859375 111 111 111
18.078125000000 10.812500000000 57.824005126953 105 105 105
18.078125000000 10.812500000000 57.743011474609 120 120 120
18.078125000000 10.812500000000 57.660003662109 106 106 106
18.078125000000 10.812500000000 57.577026367188 116 116 116
18.078125000000 10.812500000000 57.494018554688 128 128 128
18.062500000000 10.812500000000 57.414001464844 134 134 134
18.015625000000 10.875000000000 57.338012695313 139 139 139
18.062500000000 10.812500000000 57.245025634766 138 138 138
18.062500000000 10.812500000000 57.160003662109 131 131 131
18.343750000000 10.750000000000 60.452026367188 88 88 88
18.328125000000 10.750000000000 60.365020751953 129 129 129
18.328125000000 10.750000000000 60.277008056641 122 122 122
18.312500000000 10.750000000000 60.190002441406 174 174 174
18.328125000000 10.750000000000 60.108001708984 110 110 110
18.312500000000 10.750000000000 60.021026611328 168 168 168
18.328125000000 10.750000000000 59.939025878906 111 111 111
18.312500000000 10.687500000000 59.855010986328 124 124 124
18.312500000000 10.750000000000 59.771026611328 136 136 136
18.312500000000 10.750000000000 59.687011718750 145 145 145
18.312500000000 10.750000000000 59.604003906250 143 143 143
18.328125000000 10.750000000000 59.522003173828 142 142 142
18.312500000000 10.750000000000 59.439025878906 148 148 148
18.312500000000 10.750000000000 59.356018066406 153 153 153
18.312500000000 10.750000000000 59.273010253906 155 155 155
18.296875000000 10.750000000000 59.190002441406 158 158 158
18.296875000000 10.750000000000 59.108001708984 158 158 158
18.296875000000 10.750000000000 59.026000976563 167 167 167
18.281250000000 10.750000000000 58.944000244141 147 147 147
18.281250000000 10.750000000000 58.861999511719 140 140 140
18.281250000000 10.750000000000 58.779998779297 138 138 138
18.265625000000 10.750000000000 58.698028564453 143 143 143
18.234375000000 10.812500000000 58.618011474609 114 114 114
18.250000000000 10.812500000000 58.535003662109 115 115 115
18.234375000000 10.812500000000 58.454010009766 102 102 102
18.234375000000 10.812500000000 58.372009277344 86 86 86
18.218750000000 10.812500000000 58.292022705078 46 46 46
18.453125000000 10.812500000000 60.212005615234 210 210 210
18.437500000000 10.812500000000 60.123016357422 212 212 212
18.437500000000 10.812500000000 60.037017822266 210 210 210
18.437500000000 10.812500000000 59.951019287109 224 224 224
18.484375000000 10.875000000000 60.302001953125 195 195 195
18.484375000000 10.875000000000 60.216003417969 208 208 208
18.453125000000 10.937500000000 60.127014160156 210 210 210
18.484375000000 10.875000000000 60.042022705078 223 223 223
18.484375000000 10.875000000000 59.956024169922 227 227 227
18.484375000000 10.875000000000 59.871002197266 222 222 222
18.546875000000 10.937500000000 60.401000976563 11 11 11
18.515625000000 11.000000000000 60.308013916016 210 210 210
18.515625000000 11.000000000000 60.219024658203 211 211 211
18.515625000000 11.000000000000 60.133026123047 95 95 95
18.515625000000 11.000000000000 60.047027587891 25 25 25
18.515625000000 11.000000000000 59.959014892578 225 225 225
18.515625000000 11.000000000000 59.873016357422 231 231 231
18.515625000000 11.000000000000 59.786010742188 200 200 200
18.562500000000 11.125000000000 60.402008056641 217 217 217
18.562500000000 11.125000000000 60.313018798828 208 208 208
18.546875000000 11.062500000000 60.223022460938 202 202 202
18.562500000000 11.125000000000 59.963012695313 152 152 152
18.562500000000 11.125000000000 59.877014160156 233 233 233
18.562500000000 11.125000000000 59.789001464844 231 231 231
18.546875000000 11.062500000000 59.702026367188 151 151 151
18.593750000000 11.250000000000 60.496002197266 82 82 82
18.609375000000 11.250000000000 60.409027099609 211 211 211
18.593750000000 11.250000000000 60.318023681641 217 217 217
18.609375000000 11.250000000000 59.879028320313 192 192 192
18.609375000000 11.250000000000 59.792022705078 231 231 231
18.609375000000 11.250000000000 59.705017089844 226 226 226
18.640625000000 11.312500000000 60.327026367188 144 144 144
18.265625000000 10.187500000000 59.745025634766 131 131 131
18.281250000000 10.187500000000 59.828002929688 185 185 185
18.281250000000 10.187500000000 59.911010742188 113 113 113
18.328125000000 10.187500000000 60.335998535156 190 190 190
18.343750000000 10.187500000000 60.423004150391 134 134 134
18.343750000000 10.250000000000 60.512023925781 21 21 21
18.312500000000 10.312500000000 59.831024169922 138 138 138
18.312500000000 10.312500000000 59.914001464844 186 186 186
18.312500000000 10.312500000000 59.998016357422 112 112 112
18.375000000000 10.375000000000 60.174011230469 26 26 26
18.359375000000 10.375000000000 60.257019042969 189 189 189
18.375000000000 10.375000000000 60.344024658203 139 139 139
18.375000000000 10.437500000000 59.919006347656 187 187 187
18.359375000000 10.500000000000 60.004028320313 194 194 194
18.359375000000 10.500000000000 60.088012695313 111 111 111
18.390625000000 10.562500000000 60.177001953125 189 189 189
18.406250000000 10.562500000000 60.264007568359 137 137 137
18.390625000000 10.687500000000 60.008026123047 169 169 169
18.390625000000 10.687500000000 60.091003417969 135 135 135
18.406250000000 10.687500000000 60.179016113281 132 132 132
18.421875000000 10.687500000000 60.265014648438 102 102 102
18.421875000000 10.687500000000 60.352020263672 120 120 120
18.437500000000 10.687500000000 60.441009521484 139 139 139
18.234375000000 10.687500000000 58.678009033203 95 95 95
18.218750000000 10.687500000000 58.761016845703 100 100 100
18.265625000000 10.687500000000 58.841003417969 99 99 99
18.265625000000 10.687500000000 58.923004150391 105 105 105
18.281250000000 10.687500000000 59.004028320313 120 120 120
18.296875000000 10.687500000000 59.085998535156 156 156 156
18.296875000000 10.687500000000 59.167999267578 140 140 140
18.296875000000 10.687500000000 59.250000000000 135 135 135
18.312500000000 10.687500000000 59.332000732422 145 145 145
18.312500000000 10.687500000000 59.415008544922 141 141 141
18.312500000000 10.687500000000 59.497009277344 141 141 141
18.312500000000 10.687500000000 59.579010009766 138 138 138
18.312500000000 10.687500000000 59.662017822266 130 130 130
18.296875000000 10.687500000000 59.744018554688 127 127 127
18.312500000000 10.687500000000 59.827026367188 127 127 127
18.312500000000 10.687500000000 59.911010742188 131 131 131
18.312500000000 10.687500000000 59.994018554688 131 131 131
18.312500000000 10.687500000000 60.078002929688 126 126 126
18.328125000000 10.750000000000 60.165008544922 132 132 132
18.359375000000 10.750000000000 60.253021240234 161 161 161
18.328125000000 10.750000000000 60.332000732422 95 95 95
18.359375000000 10.750000000000 60.423004150391 61 61 61
18.140625000000 10.750000000000 57.115020751953 16 16 16
18.109375000000 10.750000000000 57.295013427734 92 92 92
18.109375000000 10.750000000000 57.378021240234 101 101 101
18.093750000000 10.750000000000 57.468017578125 95 95 95
18.125000000000 10.750000000000 57.546020507813 108 108 108
18.140625000000 10.750000000000 57.625000000000 128 128 128
18.156250000000 10.750000000000 57.705017089844 157 157 157
18.156250000000 10.750000000000 57.787017822266 138 138 138
18.156250000000 10.750000000000 57.870025634766 140 140 140
18.171875000000 10.750000000000 57.952026367188 141 141 141
18.171875000000 10.750000000000 58.033020019531 144 144 144
18.187500000000 10.750000000000 58.114013671875 143 143 143
18.171875000000 10.750000000000 58.198028564453 127 127 127
18.171875000000 10.750000000000 58.279998779297 134 134 134
18.187500000000 10.750000000000 58.360015869141 132 132 132
18.171875000000 10.750000000000 58.443023681641 131 131 131
18.187500000000 10.750000000000 58.523010253906 143 143 143
18.187500000000 10.750000000000 58.603027343750 137 137 137
18.203125000000 10.750000000000 58.683013916016 145 145 145
18.218750000000 10.750000000000 58.763000488281 163 163 163
18.218750000000 10.750000000000 58.844024658203 126 126 126
18.187500000000 10.750000000000 58.926025390625 100 100 100
18.218750000000 10.750000000000 59.006011962891 80 80 80
18.218750000000 10.750000000000 59.087005615234 70 70 70
18.218750000000 10.812500000000 59.167022705078 66 66 66
18.562500000000 10.937500000000 59.852020263672 154 154 154
18.531250000000 10.937500000000 59.936004638672 131 131 131
18.578125000000 11.000000000000 60.028015136719 205 205 205
18.531250000000 10.937500000000 60.194000244141 111 111 111
18.546875000000 10.937500000000 60.284027099609 119 119 119
18.015625000000 10.750000000000 57.156005859375 132 132 132
18.031250000000 10.812500000000 57.234008789063 120 120 120
18.031250000000 10.812500000000 57.320007324219 121 121 121
18.031250000000 10.812500000000 57.401000976563 133 133 133
18.046875000000 10.812500000000 57.484008789063 110 110 110
18.062500000000 10.812500000000 57.561004638672 97 97 97
18.078125000000 10.812500000000 57.643005371094 89 89 89
18.078125000000 10.812500000000 57.725006103516 80 80 80
18.062500000000 10.812500000000 57.809020996094 57 57 57
18.593750000000 11.187500000000 59.769012451172 116 116 116
18.578125000000 11.187500000000 59.855010986328 127 127 127
18.578125000000 11.187500000000 59.941009521484 70 70 70
18.593750000000 11.187500000000 60.292999267578 189 189 189
18.609375000000 11.187500000000 60.383026123047 114 114 114
18.625000000000 11.187500000000 60.477020263672 60 60 60
18.625000000000 11.312500000000 60.297027587891 20 20 20
18.640625000000 11.312500000000 60.388000488281 28 28 28
18.312500000000 10.187500000000 60.470001220703 195 195 195
18.296875000000 10.187500000000 60.391998291016 208 208 208
18.281250000000 10.187500000000 60.315002441406 205 205 205
18.250000000000 10.187500000000 59.866027832031 211 211 211
18.265625000000 10.187500000000 59.795013427734 217 217 217
18.250000000000 10.187500000000 59.722015380859 206 206 206
18.343750000000 10.250000000000 60.403015136719 202 202 202
18.328125000000 10.250000000000 60.323028564453 207 207 207
18.312500000000 10.312500000000 60.248016357422 202 202 202
18.281250000000 10.312500000000 59.946014404297 205 205 205
18.281250000000 10.312500000000 59.872009277344 214 214 214
18.281250000000 10.312500000000 59.800018310547 215 215 215
18.281250000000 10.312500000000 59.727020263672 163 163 163
18.375000000000 10.375000000000 60.332000732422 202 202 202
18.375000000000 10.375000000000 60.257019042969 206 206 206
18.359375000000 10.375000000000 60.179016113281 214 214 214
18.328125000000 10.437500000000 60.026000976563 202 202 202
18.328125000000 10.437500000000 59.953002929688 215 215 215
18.328125000000 10.437500000000 59.879028320313 209 209 209
18.312500000000 10.437500000000 59.805023193359 171 171 171
18.406250000000 10.562500000000 60.266021728516 204 204 204
18.406250000000 10.562500000000 60.189025878906 205 205 205
18.390625000000 10.562500000000 60.110015869141 196 196 196
18.375000000000 10.500000000000 60.034027099609 212 212 212
18.375000000000 10.500000000000 59.959014892578 207 207 207
18.359375000000 10.500000000000 59.883026123047 183 183 183
18.437500000000 10.687500000000 60.425018310547 161 161 161
18.421875000000 10.687500000000 60.347015380859 149 149 149
18.421875000000 10.687500000000 60.269012451172 133 133 133
18.406250000000 10.687500000000 60.192016601563 159 159 159
18.390625000000 10.687500000000 60.114013671875 153 153 153
18.390625000000 10.687500000000 60.039001464844 160 160 160
18.390625000000 10.687500000000 59.963012695313 144 144 144
18.375000000000 10.687500000000 59.886016845703 150 150 150
18.359375000000 10.687500000000 59.812011718750 156 156 156
18.359375000000 10.687500000000 59.739013671875 158 158 158
18.343750000000 10.625000000000 59.664001464844 160 160 160
18.343750000000 10.625000000000 59.591003417969 162 162 162
18.328125000000 10.625000000000 59.518005371094 160 160 160
18.312500000000 10.687500000000 59.445007324219 167 167 167
18.296875000000 10.687500000000 59.372009277344 163 163 163
18.296875000000 10.687500000000 59.300018310547 161 161 161
18.281250000000 10.687500000000 59.228027343750 158 158 158
18.281250000000 10.687500000000 59.157012939453 142 142 142
18.265625000000 10.687500000000 59.085998535156 155 155 155
18.250000000000 10.687500000000 59.014007568359 139 139 139
18.250000000000 10.687500000000 58.944000244141 134 134 134
18.250000000000 10.687500000000 58.873016357422 125 125 125
18.250000000000 10.687500000000 58.802001953125 130 130 130
18.234375000000 10.687500000000 58.732025146484 130 130 130
18.234375000000 10.687500000000 58.662017822266 129 129 129
18.218750000000 10.687500000000 58.592010498047 120 120 120
18.218750000000 10.687500000000 58.522003173828 123 123 123
18.203125000000 10.687500000000 58.452026367188 130 130 130
18.187500000000 10.687500000000 58.383026123047 116 116 116
18.187500000000 10.687500000000 58.312011718750 119 119 119
18.171875000000 10.687500000000 58.243011474609 113 113 113
18.171875000000 10.687500000000 58.173004150391 99 99 99
18.156250000000 10.687500000000 58.103027343750 97 97 97
18.156250000000 10.687500000000 58.034027099609 90 90 90
18.140625000000 10.687500000000 57.964019775391 91 91 91
18.140625000000 10.687500000000 57.893005371094 78 78 78
18.125000000000 10.687500000000 57.824005126953 66 66 66
18.125000000000 10.687500000000 57.753021240234 36 36 36
18.125000000000 10.687500000000 57.680023193359 14 14 14
18.468750000000 10.812500000000 60.202026367188 181 181 181
18.453125000000 10.812500000000 60.124023437500 188 188 188
18.453125000000 10.812500000000 60.048004150391 190 190 190
18.468750000000 10.812500000000 59.973999023438 202 202 202
18.468750000000 10.812500000000 59.900024414063 137 137 137
18.265625000000 10.812500000000 58.660003662109 41 41 41
18.250000000000 10.812500000000 58.590026855469 79 79 79
18.250000000000 10.812500000000 58.519012451172 96 96 96
18.234375000000 10.812500000000 58.449005126953 113 113 113
18.234375000000 10.812500000000 58.379028320313 116 116 116
18.234375000000 10.812500000000 58.308013916016 144 144 144
18.218750000000 10.812500000000 58.238006591797 127 127 127
18.203125000000 10.812500000000 58.167999267578 132 132 132
18.203125000000 10.812500000000 58.098999023438 135 135 135
18.187500000000 10.812500000000 58.029022216797 141 141 141
18.187500000000 10.812500000000 57.958007812500 142 142 142
18.171875000000 10.812500000000 57.889007568359 140 140 140
18.171875000000 10.812500000000 57.818023681641 139 139 139
18.140625000000 10.812500000000 57.751007080078 161 161 161
18.109375000000 10.812500000000 57.684020996094 145 145 145
18.093750000000 10.812500000000 57.617004394531 144 144 144
18.078125000000 10.812500000000 57.546020507813 151 151 151
18.078125000000 10.812500000000 57.476013183594 145 145 145
18.078125000000 10.812500000000 57.403015136719 167 167 167
18.062500000000 10.875000000000 57.330017089844 158 158 158
18.046875000000 10.875000000000 57.262023925781 151 151 151
18.046875000000 10.875000000000 57.185028076172 152 152 152
18.093750000000 10.812500000000 57.102020263672 172 172 172
18.515625000000 10.937500000000 60.289001464844 186 186 186
18.500000000000 10.937500000000 60.210998535156 186 186 186
18.500000000000 10.937500000000 60.132019042969 187 187 187
18.484375000000 10.937500000000 60.055023193359 169 169 169
18.500000000000 10.937500000000 59.982025146484 199 199 199
18.500000000000 10.937500000000 59.906005859375 200 200 200
18.500000000000 10.937500000000 59.831024169922 179 179 179
17.859375000000 10.937500000000 57.391021728516 29 29 29
18.562500000000 11.125000000000 60.376007080078 183 183 183
18.546875000000 11.062500000000 60.296020507813 182 182 182
18.546875000000 11.062500000000 60.218017578125 207 207 207
18.546875000000 11.062500000000 59.989013671875 104 104 104
18.546875000000 11.062500000000 59.913024902344 198 198 198
18.546875000000 11.062500000000 59.837005615234 204 204 204
18.531250000000 11.062500000000 59.760009765625 194 194 194
18.625000000000 11.187500000000 60.469024658203 164 164 164
18.609375000000 11.187500000000 60.387023925781 180 180 180
18.593750000000 11.187500000000 60.305023193359 214 214 214
18.578125000000 11.187500000000 60.223999023438 54 54 54
18.593750000000 11.187500000000 59.843017578125 196 196 196
18.593750000000 11.187500000000 59.766998291016 199 199 199
18.593750000000 11.187500000000 59.691009521484 192 192 192
18.640625000000 11.312500000000 60.315002441406 138 138 138
18.640625000000 11.312500000000 60.441009521484 171 171 171
18.625000000000 11.312500000000 60.358001708984 187 187 187
18.609375000000 11.312500000000 60.276000976563 202 202 202
18.609375000000 11.312500000000 59.815002441406 198 198 198
18.593750000000 11.312500000000 59.736999511719 198 198 198
18.609375000000 11.312500000000 59.662017822266 176 176 176
18.578125000000 11.125000000000 60.348999023438 185 185 185
18.546875000000 11.125000000000 60.266998291016 196 196 196
18.531250000000 11.125000000000 60.188018798828 198 198 198
18.546875000000 11.125000000000 59.884002685547 197 197 197
18.546875000000 11.125000000000 59.807006835938 202 202 202
18.546875000000 11.125000000000 59.732025146484 199 199 199
18.515625000000 10.937500000000 60.260009765625 187 187 187
18.515625000000 10.937500000000 60.180999755859 188 188 188
18.500000000000 10.937500000000 60.103027343750 189 189 189
18.515625000000 10.937500000000 60.028015136719 175 175 175
18.500000000000 10.937500000000 59.952026367188 199 199 199
18.515625000000 10.937500000000 59.877014160156 202 202 202
18.515625000000 10.937500000000 59.802001953125 176 176 176
17.843750000000 11.000000000000 57.358001708984 14 14 14
18.453125000000 10.812500000000 60.171020507813 189 189 189
18.453125000000 10.812500000000 60.095001220703 192 192 192
18.453125000000 10.812500000000 60.018005371094 191 191 191
18.453125000000 10.812500000000 59.944000244141 203 203 203
18.468750000000 10.812500000000 59.873016357422 20 20 20
18.343750000000 10.875000000000 59.490020751953 34 34 34
18.343750000000 10.875000000000 59.417022705078 78 78 78
18.328125000000 10.875000000000 59.344024658203 103 103 103
18.312500000000 10.875000000000 59.272003173828 126 126 126
18.328125000000 10.875000000000 59.200012207031 138 138 138
18.312500000000 10.875000000000 59.128021240234 133 133 133
18.296875000000 10.812500000000 59.055999755859 141 141 141
18.296875000000 10.812500000000 58.985015869141 144 144 144
18.281250000000 10.812500000000 58.914001464844 146 146 146
18.250000000000 10.812500000000 58.843017578125 144 144 144
18.218750000000 10.812500000000 58.773010253906 157 157 157
18.218750000000 10.812500000000 58.703002929688 156 156 156
18.203125000000 10.812500000000 58.633026123047 150 150 150
18.187500000000 10.812500000000 58.563018798828 151 151 151
18.187500000000 10.812500000000 58.493011474609 150 150 150
18.187500000000 10.812500000000 58.424011230469 151 151 151
18.171875000000 10.812500000000 58.354003906250 143 143 143
18.187500000000 10.812500000000 58.283020019531 150 150 150
18.171875000000 10.812500000000 58.213012695313 145 145 145
18.156250000000 10.812500000000 58.144012451172 149 149 149
18.156250000000 10.812500000000 58.075012207031 149 149 149
18.156250000000 10.812500000000 58.003021240234 136 136 136
18.140625000000 10.812500000000 57.935028076172 144 144 144
18.125000000000 10.812500000000 57.866027832031 143 143 143
18.093750000000 10.875000000000 57.797027587891 137 137 137
18.062500000000 10.875000000000 57.731018066406 159 159 159
18.062500000000 10.875000000000 57.661010742188 145 145 145
18.046875000000 10.875000000000 57.593017578125 138 138 138
18.015625000000 10.875000000000 57.527008056641 133 133 133
18.031250000000 10.875000000000 57.452026367188 126 126 126
18.015625000000 10.875000000000 57.382019042969 124 124 124
18.015625000000 10.875000000000 57.310028076172 114 114 114
18.015625000000 10.875000000000 57.238006591797 110 110 110
18.015625000000 10.875000000000 57.166015625000 118 118 118
18.000000000000 10.875000000000 57.095001220703 142 142 142
18.421875000000 10.687500000000 60.397003173828 143 143 143
18.421875000000 10.687500000000 60.319000244141 127 127 127
18.406250000000 10.687500000000 60.239013671875 120 120 120
18.406250000000 10.687500000000 60.165008544922 189 189 189
18.390625000000 10.687500000000 60.085998535156 182 182 182
18.375000000000 10.687500000000 60.009002685547 186 186 186
18.375000000000 10.687500000000 59.935028076172 193 193 193
18.343750000000 10.750000000000 59.857025146484 74 74 74
18.343750000000 10.750000000000 59.783020019531 86 86 86
18.359375000000 10.687500000000 59.710021972656 85 85 85
18.328125000000 10.750000000000 59.636016845703 65 65 65
18.312500000000 10.687500000000 59.561004638672 50 50 50
18.312500000000 10.687500000000 59.489013671875 15 15 15
18.406250000000 10.562500000000 60.314025878906 20 20 20
18.390625000000 10.562500000000 60.235015869141 205 205 205
18.375000000000 10.500000000000 60.158020019531 208 208 208
18.375000000000 10.500000000000 60.081024169922 201 201 201
18.359375000000 10.500000000000 60.004028320313 201 201 201
18.359375000000 10.500000000000 59.930023193359 214 214 214
18.343750000000 10.500000000000 59.855010986328 207 207 207
18.375000000000 10.375000000000 60.382019042969 171 171 171
18.359375000000 10.375000000000 60.305023193359 203 203 203
18.343750000000 10.375000000000 60.227020263672 201 201 201
18.343750000000 10.375000000000 60.152008056641 155 155 155
18.312500000000 10.375000000000 59.924011230469 212 212 212
18.312500000000 10.375000000000 59.851013183594 215 215 215
18.296875000000 10.375000000000 59.776000976563 213 213 213
18.312500000000 10.250000000000 60.448028564453 200 200 200
18.312500000000 10.250000000000 60.370025634766 205 205 205
18.296875000000 10.250000000000 60.294006347656 220 220 220
18.265625000000 10.250000000000 59.844024658203 214 214 214
18.265625000000 10.250000000000 59.770019531250 210 210 210
18.265625000000 10.250000000000 59.698028564453 214 214 214
18.625000000000 11.312500000000 59.755004882813 81 81 81
18.625000000000 11.312500000000 59.842010498047 45 45 45
18.625000000000 11.312500000000 60.283020019531 89 89 89
18.625000000000 11.312500000000 60.372009277344 113 113 113
18.031250000000 10.812500000000 57.123016357422 119 119 119
18.031250000000 10.812500000000 57.210021972656 123 123 123
18.031250000000 10.812500000000 57.294006347656 121 121 121
18.031250000000 10.875000000000 57.374023437500 125 125 125
18.031250000000 10.875000000000 57.458007812500 126 126 126
18.031250000000 10.875000000000 57.539001464844 130 130 130
18.046875000000 10.875000000000 57.619018554688 129 129 129
18.046875000000 10.875000000000 57.701019287109 139 139 139
18.046875000000 10.875000000000 57.783020019531 124 124 124
18.062500000000 10.875000000000 57.863006591797 114 114 114
18.093750000000 10.875000000000 57.941009521484 97 97 97
18.078125000000 10.875000000000 58.024017333984 84 84 84
18.093750000000 10.875000000000 58.103027343750 84 84 84
18.093750000000 10.875000000000 58.184020996094 56 56 56
18.578125000000 11.187500000000 59.749023437500 189 189 189
18.546875000000 11.125000000000 59.833007812500 134 134 134
18.546875000000 11.125000000000 59.921020507813 128 128 128
18.546875000000 11.062500000000 60.179016113281 105 105 105
18.562500000000 11.187500000000 60.272003173828 185 185 185
18.562500000000 11.187500000000 60.360015869141 119 119 119
18.140625000000 10.750000000000 57.764007568359 16 16 16
18.125000000000 10.750000000000 57.851013183594 92 92 92
18.125000000000 10.750000000000 57.930999755859 91 91 91
18.140625000000 10.750000000000 58.011016845703 93 93 93
18.171875000000 10.750000000000 58.089019775391 107 107 107
18.203125000000 10.750000000000 58.167022705078 120 120 120
18.203125000000 10.750000000000 58.248016357422 168 168 168
18.218750000000 10.750000000000 58.329010009766 152 152 152
18.218750000000 10.750000000000 58.412017822266 140 140 140
18.218750000000 10.750000000000 58.492004394531 149 149 149
18.218750000000 10.750000000000 58.574005126953 149 149 149
18.234375000000 10.750000000000 58.654998779297 149 149 149
18.234375000000 10.750000000000 58.736999511719 134 134 134
18.218750000000 10.750000000000 58.819000244141 134 134 134
18.218750000000 10.750000000000 58.900024414063 131 131 131
18.234375000000 10.750000000000 58.981018066406 133 133 133
18.234375000000 10.750000000000 59.062011718750 130 130 130
18.218750000000 10.750000000000 59.144012451172 133 133 133
18.234375000000 10.750000000000 59.225006103516 135 135 135
18.250000000000 10.750000000000 59.307006835938 134 134 134
18.250000000000 10.812500000000 59.389007568359 157 157 157
18.265625000000 10.750000000000 59.471008300781 139 139 139
18.250000000000 10.750000000000 59.552001953125 109 109 109
18.234375000000 10.750000000000 59.633026123047 90 90 90
18.281250000000 10.812500000000 59.719024658203 87 87 87
18.296875000000 10.812500000000 59.805023193359 65 65 65
18.390625000000 10.875000000000 59.897003173828 128 128 128
18.437500000000 10.875000000000 59.986999511719 124 124 124
18.437500000000 10.937500000000 60.076019287109 106 106 106
18.468750000000 10.937500000000 60.166015625000 110 110 110
18.500000000000 10.937500000000 60.257019042969 120 120 120
18.312500000000 10.687500000000 59.557006835938 95 95 95
18.312500000000 10.687500000000 59.641021728516 97 97 97
18.328125000000 10.750000000000 59.725006103516 98 98 98
18.343750000000 10.750000000000 59.810028076172 105 105 105
18.359375000000 10.750000000000 59.896026611328 120 120 120
18.375000000000 10.750000000000 59.982025146484 144 144 144
18.375000000000 10.750000000000 60.067016601563 141 141 141
18.390625000000 10.750000000000 60.153015136719 140 140 140
18.390625000000 10.750000000000 60.239013671875 139 139 139
18.390625000000 10.750000000000 60.325012207031 146 146 146
18.406250000000 10.750000000000 60.413024902344 144 144 144
18.343750000000 10.500000000000 59.891021728516 172 172 172
18.343750000000 10.562500000000 59.977020263672 178 178 178
18.359375000000 10.625000000000 60.063018798828 146 146 146
18.390625000000 10.625000000000 60.153015136719 174 174 174
18.390625000000 10.625000000000 60.236999511719 139 139 139
18.312500000000 10.375000000000 59.804016113281 131 131 131
18.312500000000 10.375000000000 59.887023925781 180 180 180
18.312500000000 10.375000000000 59.971008300781 134 134 134
18.359375000000 10.375000000000 60.230010986328 194 194 194
18.359375000000 10.375000000000 60.315002441406 130 130 130
18.359375000000 10.375000000000 60.399017333984 27 27 27
18.250000000000 10.187500000000 59.716003417969 122 122 122
18.265625000000 10.250000000000 59.801025390625 178 178 178
18.265625000000 10.250000000000 59.883026123047 114 114 114
18.312500000000 10.250000000000 60.309020996094 191 191 191
18.312500000000 10.250000000000 60.394012451172 139 139 139
18.312500000000 10.250000000000 60.479003906250 91 91 91
18.625000000000 11.312500000000 60.384002685547 44 44 44
18.625000000000 11.312500000000 60.295013427734 174 174 174
18.625000000000 11.312500000000 59.764007568359 110 110 110
18.609375000000 11.250000000000 60.466003417969 83 83 83
18.609375000000 11.250000000000 60.376007080078 211 211 211
18.593750000000 11.250000000000 60.286010742188 213 213 213
18.593750000000 11.250000000000 59.847015380859 226 226 226
18.593750000000 11.250000000000 59.760009765625 232 232 232
18.593750000000 11.250000000000 59.673004150391 226 226 226
18.546875000000 11.062500000000 60.368011474609 205 205 205
18.546875000000 11.062500000000 60.278015136719 209 209 209
18.546875000000 11.062500000000 60.190002441406 210 210 210
18.546875000000 11.062500000000 59.929016113281 225 225 225
18.546875000000 11.062500000000 59.842010498047 229 229 229
18.546875000000 11.062500000000 59.756011962891 229 229 229
18.500000000000 11.000000000000 60.271026611328 208 208 208
18.500000000000 11.000000000000 60.183013916016 215 215 215
18.500000000000 11.000000000000 60.096008300781 186 186 186
18.484375000000 11.000000000000 60.009002685547 221 221 221
18.500000000000 11.000000000000 59.923004150391 226 226 226
18.500000000000 11.000000000000 59.838012695313 230 230 230
18.468750000000 10.875000000000 60.265014648438 94 94 94
18.453125000000 10.875000000000 60.177001953125 206 206 206
18.453125000000 10.875000000000 60.089019775391 215 215 215
18.453125000000 10.875000000000 60.005004882813 220 220 220
18.453125000000 10.875000000000 59.919006347656 229 229 229
18.375000000000 10.812500000000 60.421020507813 102 102 102
18.375000000000 10.812500000000 60.333007812500 109 109 109
18.375000000000 10.812500000000 60.247009277344 120 120 120
18.343750000000 10.812500000000 60.158020019531 155 155 155
18.359375000000 10.812500000000 60.074005126953 141 141 141
18.328125000000 10.750000000000 59.986022949219 169 169 169
18.359375000000 10.812500000000 59.904998779297 144 144 144
18.359375000000 10.812500000000 59.821014404297 150 150 150
18.343750000000 10.812500000000 59.736999511719 145 145 145
18.359375000000 10.812500000000 59.654022216797 142 142 142
18.359375000000 10.812500000000 59.570007324219 148 148 148
18.343750000000 10.812500000000 59.486022949219 156 156 156
18.343750000000 10.812500000000 59.403015136719 157 157 157
18.343750000000 10.812500000000 59.319000244141 160 160 160
18.312500000000 10.875000000000 59.236022949219 161 161 161
18.312500000000 10.875000000000 59.153015136719 159 159 159
18.296875000000 10.812500000000 59.071014404297 142 142 142
18.296875000000 10.812500000000 58.989013671875 136 136 136
18.296875000000 10.812500000000 58.906005859375 139 139 139
18.281250000000 10.812500000000 58.824005126953 137 137 137
18.281250000000 10.812500000000 58.743011474609 127 127 127
18.265625000000 10.812500000000 58.661010742188 129 129 129
18.250000000000 10.812500000000 58.580017089844 106 106 106
18.250000000000 10.812500000000 58.499023437500 100 100 100
18.218750000000 10.875000000000 58.417999267578 76 76 76
18.218750000000 10.875000000000 58.335021972656 17 17 17
18.406250000000 10.625000000000 60.253021240234 179 179 179
18.390625000000 10.625000000000 60.164001464844 195 195 195
18.375000000000 10.625000000000 60.077026367188 204 204 204
18.375000000000 10.625000000000 59.992004394531 201 201 201
18.359375000000 10.687500000000 59.907012939453 203 203 203
18.218750000000 10.687500000000 58.908020019531 64 64 64
18.234375000000 10.687500000000 58.826019287109 92 92 92
18.218750000000 10.687500000000 58.745025634766 104 104 104
18.218750000000 10.687500000000 58.663024902344 96 96 96
18.203125000000 10.750000000000 58.584014892578 103 103 103
18.203125000000 10.750000000000 58.502014160156 130 130 130
18.171875000000 10.750000000000 58.424011230469 113 113 113
18.156250000000 10.750000000000 58.346008300781 125 125 125
18.156250000000 10.750000000000 58.263000488281 121 121 121
18.156250000000 10.750000000000 58.182006835938 112 112 112
18.125000000000 10.812500000000 58.102020263672 127 127 127
18.156250000000 10.750000000000 58.016998291016 132 132 132
18.125000000000 10.812500000000 57.939025878906 139 139 139
18.109375000000 10.812500000000 57.861022949219 139 139 139
18.093750000000 10.812500000000 57.782012939453 141 141 141
18.078125000000 10.812500000000 57.705017089844 143 143 143
18.046875000000 10.875000000000 57.626007080078 139 139 139
18.031250000000 10.875000000000 57.546020507813 132 132 132
18.031250000000 10.875000000000 57.466003417969 115 115 115
18.031250000000 10.875000000000 57.383026123047 108 108 108
18.031250000000 10.875000000000 57.298004150391 115 115 115
18.031250000000 10.875000000000 57.215026855469 119 119 119
18.015625000000 10.875000000000 57.131011962891 124 124 124
18.375000000000 10.437500000000 60.331024169922 179 179 179
18.375000000000 10.437500000000 60.245025634766 193 193 193
18.359375000000 10.437500000000 60.158020019531 201 201 201
18.328125000000 10.500000000000 59.985015869141 189 189 189
18.328125000000 10.500000000000 59.901000976563 198 198 198
18.328125000000 10.500000000000 59.818023681641 180 180 180
18.343750000000 10.312500000000 60.414001464844 176 176 176
18.328125000000 10.312500000000 60.324005126953 192 192 192
18.328125000000 10.312500000000 60.239013671875 195 195 195
18.296875000000 10.375000000000 59.981018066406 99 99 99
18.296875000000 10.375000000000 59.898010253906 207 207 207
18.296875000000 10.375000000000 59.814025878906 204 204 204
18.296875000000 10.375000000000 59.731018066406 101 101 101
18.296875000000 10.187500000000 60.490020751953 109 109 109
18.312500000000 10.187500000000 60.406005859375 188 188 188
18.281250000000 10.250000000000 60.318023681641 213 213 213
18.250000000000 10.250000000000 59.893005371094 181 181 181
18.250000000000 10.250000000000 59.810028076172 201 201 201
18.250000000000 10.250000000000 59.728027343750 206 206 206
18.218750000000 10.125000000000 59.805999755859 94 94 94
